Date,Open,High,Low,Close,Volume,Adj Close
2015-11-02,140.50,140.520004,139.570007,140.369995,3815700,140.369995
2015-10-30,140.440002,141.330002,139.899994,140.080002,3943600,140.080002
2015-10-29,140.360001,140.820007,139.020004,140.550003,3702500,140.550003
2015-10-28,137.919998,141.229996,137.50,140.830002,8498400,140.830002
2015-10-27,143.509995,143.830002,137.330002,137.860001,14929600,137.860001
2015-10-26,144.75,145.00,143.210007,143.660004,3464500,143.660004
2015-10-23,144.610001,145.490005,143.699997,144.679993,5354100,144.679993
2015-10-22,141.740005,145.070007,141.619995,144.089996,5552300,144.089996
2015-10-21,140.25,142.660004,139.300003,140.919998,6990600,140.919998
2015-10-20,142.490005,142.880005,140.270004,140.639999,15928800,140.639999
2015-10-19,149.850006,149.970001,148.380005,149.220001,6562800,149.220001
2015-10-16,150.449997,151.199997,149.259995,150.389999,3454000,150.389999
2015-10-15,150.910004,151.240005,148.580002,150.089996,3467700,150.089996
2015-10-14,149.600006,150.649994,149.020004,150.009995,3339900,150.009995
2015-10-13,150.779999,150.779999,149.179993,149.619995,3853100,149.619995
2015-10-12,152.399994,152.580002,150.850006,151.139999,3218500,151.139999
2015-10-09,152.460007,153.149994,151.270004,152.389999,3437700,152.389999
2015-10-08,149.690002,153.020004,149.289993,152.279999,4777100,152.279999
2015-10-07,150.039993,150.729996,148.860001,150.089996,2980800,150.089996
2015-10-06,149.059998,150.149994,148.490005,148.779999,2982400,148.779999
2015-10-05,145.820007,149.889999,145.820007,149.039993,4993900,149.039993
2015-10-02,141.050003,144.589996,140.559998,144.580002,3021800,144.580002
2015-10-01,145.309998,145.669998,141.589996,143.589996,3815000,143.589996
2015-09-30,143.690002,145.710007,143.660004,144.970001,3923900,144.970001
2015-09-29,141.990005,142.660004,141.149994,142.470001,4741400,142.470001
2015-09-28,144.419998,145.380005,142.470001,142.520004,4292400,142.520004
2015-09-25,145.550003,146.270004,144.529999,145.419998,3449300,145.419998
2015-09-24,142.600006,145.070007,141.949997,144.410004,3211100,144.410004
2015-09-23,144.210007,144.570007,142.75,143.660004,2670500,143.660004
2015-09-22,144.619995,145.059998,143.770004,144.429993,3466400,144.429993
2015-09-21,145.389999,146.979996,144.919998,146.479996,3329900,146.479996
2015-09-18,146.050003,146.389999,143.979996,144.509995,7776500,144.509995
2015-09-17,148.100006,149.679993,147.300003,148.139999,3946900,148.139999
2015-09-16,147.839996,148.889999,147.539993,148.410004,2791200,148.410004
2015-09-15,146.600006,147.929993,145.759995,147.529999,2709500,147.529999
2015-09-14,147.369995,147.369995,145.410004,145.649994,3202200,145.649994
2015-09-11,145.910004,147.50,145.669998,147.369995,3107600,147.369995
2015-09-10,145.850006,147.160004,144.509995,146.199997,3455000,146.199997
2015-09-09,148.740005,149.039993,144.850006,145.050003,3380000,145.050003
2015-09-08,145.860001,147.339996,145.660004,147.229996,3892600,147.229996
2015-09-04,144.570007,145.399994,143.320007,143.699997,4193900,143.699997
2015-09-03,146.050003,148.029999,145.770004,146.779999,3593100,146.779999
2015-09-02,144.740005,145.080002,143.179993,145.050003,4243500,145.050003
2015-09-01,144.910004,144.979996,141.850006,142.679993,5258900,142.679993
2015-08-31,147.380005,148.399994,146.259995,147.889999,4062600,147.889999
2015-08-28,147.75,148.199997,147.179993,147.979996,4058800,147.979996
2015-08-27,148.50,148.970001,145.660004,148.539993,4762000,148.539993
2015-08-26,144.089996,146.979996,142.139999,146.699997,6186700,146.699997
2015-08-25,146.940002,147.110001,140.619995,140.960007,6866900,140.960007
2015-08-24,143.470001,147.759995,143.00,143.470001,10057600,143.470001
2015-08-21,151.50,153.190002,148.699997,148.850006,7304900,148.850006
2015-08-20,152.740005,153.910004,152.50,152.660004,3949500,152.660004
2015-08-19,155.149994,155.669998,153.410004,153.940002,4177100,153.940002
2015-08-18,155.509995,156.520004,155.25,156.009995,2013800,156.009995
2015-08-17,155.199997,156.690002,154.699997,156.309998,2242100,156.309998
2015-08-14,155.00,156.210007,154.580002,155.75,3220300,155.75
2015-08-13,156.059998,156.089996,154.320007,155.070007,2505800,155.070007
2015-08-12,154.259995,156.520004,153.949997,156.160004,3560300,156.160004
2015-08-11,155.960007,155.990005,154.860001,155.509995,3143300,155.509995
2015-08-10,156.770004,157.470001,156.119995,156.75,4597200,156.75
2015-08-07,155.889999,156.25,154.339996,155.119995,3778900,155.119995
2015-08-06,157.130005,157.539993,156.179993,156.320007,3004800,156.320007
2015-08-05,159.100006,159.539993,157.479996,157.899994,3472800,156.599992
2015-08-04,158.399994,158.820007,156.869995,157.600006,5260600,156.302474
2015-08-03,161.699997,161.850006,157.899994,158.710007,4615700,157.403336
2015-07-31,161.399994,162.059998,160.630005,161.990005,3580200,160.65633
2015-07-30,160.50,161.399994,159.75,160.960007,1994700,159.634812
2015-07-29,160.00,161.50,159.389999,161.089996,3378400,159.763731
2015-07-28,159.910004,160.190002,158.50,160.050003,2721000,158.7323
2015-07-27,159.00,160.179993,158.600006,159.070007,3706200,157.760373
2015-07-24,161.289993,161.929993,159.410004,159.75,3778200,158.434767
2015-07-23,160.270004,162.75,159.830002,161.729996,5034200,160.398461
2015-07-22,162.729996,163.070007,159.699997,160.350006,7181800,159.029833
2015-07-21,164.339996,166.350006,162.020004,163.070007,13752300,161.72744
2015-07-20,172.789993,173.779999,172.139999,173.220001,7377800,171.793869
2015-07-17,170.330002,172.520004,170.100006,172.509995,4356400,171.089708
2015-07-16,169.470001,171.089996,169.160004,171.00,3529900,169.592145
2015-07-15,168.479996,169.270004,168.00,168.529999,1998000,167.142479
2015-07-14,169.429993,169.539993,168.240005,168.610001,3025300,167.221823
2015-07-13,167.929993,169.889999,167.520004,169.380005,4229000,167.985487
2015-07-10,165.660004,167.399994,165.520004,166.949997,4538300,165.575486
2015-07-09,165.339996,165.509995,163.699997,163.850006,4199700,162.501017
2015-07-08,164.00,164.940002,162.679993,163.160004,2776300,161.816696
2015-07-07,164.940002,165.350006,162.229996,165.00,3549900,163.641543
2015-07-06,163.830002,165.229996,163.520004,164.729996,3079800,163.373762
2015-07-02,165.050003,165.320007,164.419998,165.089996,2852700,163.730799
2015-07-01,163.970001,165.610001,163.600006,164.490005,3214500,163.135748
2015-06-30,163.990005,164.00,162.119995,162.660004,3597300,161.320812
2015-06-29,163.919998,165.350006,162.889999,162.970001,3314700,161.628258
2015-06-26,166.229996,166.809998,165.229996,165.460007,8946000,164.097763
2015-06-25,167.800003,168.130005,166.080002,166.080002,2408900,164.712653
2015-06-24,168.710007,168.839996,166.830002,166.970001,3548100,165.595325
2015-06-23,168.380005,169.970001,167.570007,168.619995,3701600,167.231735
2015-06-22,167.649994,168.339996,167.199997,167.729996,2335800,166.349063
2015-06-19,167.619995,168.419998,166.770004,166.990005,7074000,165.615165
2015-06-18,167.050003,168.720001,167.050003,168.25,3330900,166.864786
2015-06-17,167.00,167.850006,166.100006,167.169998,2863000,165.793676
2015-06-16,166.330002,167.399994,165.910004,166.839996,3249800,165.466391
2015-06-15,166.990005,166.990005,164.25,166.259995,4245700,164.891164
2015-06-12,168.229996,168.300003,166.690002,166.990005,3065100,165.615165
2015-06-11,169.259995,170.440002,168.539993,168.779999,3464000,167.390421
2015-06-10,166.490005,169.389999,166.059998,168.919998,4680500,167.529268
2015-06-09,165.339996,166.020004,163.369995,165.679993,3395900,164.315938
2015-06-08,167.169998,167.279999,165.020004,165.339996,3758700,163.978741
2015-06-05,168.25,168.910004,167.199997,167.399994,3100500,166.021778
2015-06-04,169.529999,170.600006,167.929993,168.380005,3079300,166.99372
2015-06-03,170.50,171.559998,169.630005,169.919998,2131000,168.521035
2015-06-02,169.660004,170.449997,168.429993,169.649994,2571400,168.253254
2015-06-01,170.210007,171.039993,169.029999,170.179993,2985500,168.778889
2015-05-29,171.350006,171.350006,169.649994,169.649994,4092000,168.253254
2015-05-28,171.449997,171.839996,170.660004,171.710007,1731400,170.296306
2015-05-27,171.160004,172.479996,170.490005,172.00,2764400,170.583912
2015-05-26,172.110001,172.119995,169.130005,170.130005,3854200,168.729313
2015-05-22,173.039993,173.389999,172.190002,172.220001,2849700,170.802102
2015-05-21,173.320007,174.139999,173.039993,173.339996,2295600,171.912876
2015-05-20,173.330002,174.440002,172.460007,173.759995,2300300,172.329416
2015-05-19,172.970001,173.75,171.929993,173.479996,2523000,172.051723
2015-05-18,173.440002,173.490005,172.300003,173.059998,1970600,171.635182
2015-05-15,173.910004,174.410004,172.600006,173.259995,2916600,171.833533
2015-05-14,173.50,174.399994,173.220001,174.050003,2439100,172.617037
2015-05-13,171.240005,172.740005,170.75,172.279999,2457500,170.861605
2015-05-12,170.550003,171.490005,168.839996,170.550003,2962400,169.145853
2015-05-11,172.649994,172.990005,170.860001,171.119995,2661000,169.711152
2015-05-08,172.940002,173.330002,172.240005,172.679993,3092600,171.258306
2015-05-07,169.630005,171.979996,169.039993,170.990005,2472000,169.582233
2015-05-06,172.899994,174.050003,168.860001,170.050003,3612600,168.649969
2015-05-05,173.509995,174.229996,171.960007,173.080002,3593600,170.365723
2015-05-04,174.470001,176.300003,173.699997,173.970001,4028000,171.241765
2015-05-01,173.199997,174.00,172.419998,173.669998,3312100,170.946467
2015-04-30,173.770004,174.279999,170.300003,171.289993,5062900,168.603786
2015-04-29,173.399994,175.130005,172.800003,174.399994,4518400,171.665015
2015-04-28,170.830002,174.690002,170.020004,173.919998,5816700,171.192546
2015-04-27,170.889999,171.490005,170.300003,170.729996,3168600,168.05257
2015-04-24,170.229996,170.850006,168.740005,169.779999,3888400,167.117471
2015-04-23,165.229996,171.910004,165.139999,170.240005,8235600,167.570264
2015-04-22,164.389999,166.00,162.889999,165.360001,4024800,162.766789
2015-04-21,166.070007,167.380005,164.050003,164.259995,9683600,161.684033
2015-04-20,162.100006,166.639999,161.899994,166.160004,9609200,163.554246
2015-04-17,161.75,161.860001,160.029999,160.669998,4314400,158.150336
2015-04-16,163.309998,163.979996,162.539993,163.130005,3136900,160.571764
2015-04-15,162.630005,164.960007,162.50,164.130005,3498800,161.556082
2015-04-14,162.419998,162.740005,160.789993,162.300003,2719300,159.754779
2015-04-13,162.369995,164.00,162.360001,162.380005,3868900,159.833526
2015-04-10,162.339996,163.330002,161.25,162.860001,2515700,160.305994
2015-04-09,161.699997,162.470001,160.720001,162.339996,2263500,159.794145
2015-04-08,161.720001,163.550003,161.009995,161.850006,2524300,159.311839
2015-04-07,161.669998,163.839996,161.619995,162.070007,3148000,159.52839
2015-04-06,159.690002,162.800003,158.699997,162.039993,3465700,159.498846
2015-04-02,159.520004,162.539993,158.889999,160.449997,4671600,157.933785
2015-04-01,160.229996,160.619995,158.389999,159.179993,3700800,156.683697
2015-03-31,161.080002,162.330002,160.399994,160.50,4255400,157.983004
2015-03-30,161.309998,163.600006,161.25,162.669998,4138000,160.118971
2015-03-27,160.789993,160.899994,159.229996,160.399994,3477900,157.884566
2015-03-26,159.270004,161.25,158.910004,160.589996,4396000,158.071589
2015-03-25,163.080002,163.080002,159.199997,159.199997,5428900,156.703387
2015-03-24,164.789993,164.889999,162.899994,163.00,4346100,160.443798
2015-03-23,162.770004,165.350006,162.729996,164.630005,5930100,162.048241
2015-03-20,160.949997,163.00,160.350006,162.880005,9006400,160.325685
2015-03-19,159.699997,160.919998,158.809998,159.809998,3878600,157.303822
2015-03-18,156.850006,160.699997,155.800003,159.809998,5738800,157.303822
2015-03-17,156.199997,157.289993,155.369995,156.960007,3311700,154.498525
2015-03-16,155.050003,157.089996,154.800003,157.080002,3749600,154.616639
2015-03-13,157.460007,157.520004,153.399994,154.279999,6064100,151.860546
2015-03-12,156.270004,158.720001,156.270004,157.979996,4567300,155.502519
2015-03-11,158.570007,159.139999,155.940002,156.800003,5709900,154.341031
2015-03-10,159.600006,160.229996,157.809998,157.809998,4601000,155.335186
2015-03-09,158.199997,161.149994,158.199997,160.770004,5193900,158.248774
2015-03-06,160.190002,161.440002,158.059998,158.50,4540200,156.014368
2015-03-05,159.860001,161.50,159.699997,161.179993,3791700,158.652332
2015-03-04,160.539993,160.559998,158.720001,159.419998,3633600,156.919939
2015-03-03,160.270004,161.75,160.00,161.029999,3234400,158.504691
2015-03-02,161.940002,161.940002,159.809998,160.479996,5917900,157.963313
2015-02-27,160.869995,162.289993,160.160004,161.940002,4410000,159.400424
2015-02-26,163.740005,164.139999,159.770004,160.869995,7110800,158.347196
2015-02-25,164.940002,164.960007,162.580002,162.809998,4004600,160.256775
2015-02-24,162.490005,164.990005,161.509995,164.830002,4701600,162.245101
2015-02-23,164.229996,164.399994,162.50,162.910004,2714400,160.355213
2015-02-20,163.639999,164.339996,162.089996,163.649994,3353000,161.083599
2015-02-19,162.050003,164.490005,161.440002,163.889999,3504400,161.31984
2015-02-18,161.860001,162.470001,160.639999,162.190002,4358400,159.646503
2015-02-17,159.75,161.410004,159.729996,160.960007,2894500,158.435796
2015-02-13,158.779999,160.800003,158.639999,160.399994,3706900,157.884566
2015-02-12,158.720001,159.50,158.089996,158.520004,3333100,156.034059
2015-02-11,157.759995,159.089996,157.169998,158.199997,3626700,155.71907
2015-02-10,156.740005,158.559998,155.080002,158.559998,4440600,156.073425
2015-02-09,156.00,157.50,155.399994,155.75,3057700,153.307494
2015-02-06,157.339996,158.080002,156.229996,156.720001,3225000,154.262284
2015-02-05,157.289993,158.589996,157.149994,157.910004,5253600,154.350876
2015-02-04,157.210007,158.710007,156.699997,156.960007,3678500,153.422291
2015-02-03,154.75,158.600006,154.75,158.470001,5539400,154.898252
2015-02-02,154.00,154.660004,151.509995,154.660004,4712200,151.174128
2015-01-30,153.910004,155.240005,153.039993,153.309998,6563600,149.85455
2015-01-29,151.380005,155.580002,149.520004,155.479996,8320800,151.975638
2015-01-28,154.00,154.529999,151.550003,151.550003,4495900,148.134224
2015-01-27,154.940002,155.089996,152.589996,153.669998,5659600,150.206436
2015-01-26,158.259995,159.460007,155.770004,156.360001,7888100,152.835809
2015-01-23,155.029999,157.600006,154.889999,155.869995,4834800,152.356848
2015-01-22,151.940002,155.720001,151.759995,155.389999,6120100,151.88767
2015-01-21,153.029999,154.50,151.070007,152.089996,11897100,148.662046
2015-01-20,156.699997,157.330002,154.029999,156.949997,8392800,153.412507
2015-01-16,153.820007,157.630005,153.820007,157.139999,5756000,153.598227
2015-01-15,156.690002,156.970001,154.160004,154.570007,4248400,151.08616
2015-01-14,154.860001,156.490005,153.740005,155.800003,4690300,152.288433
2015-01-13,157.259995,159.970001,155.679993,156.809998,4377500,153.275663
2015-01-12,159.00,159.25,155.759995,156.440002,4182800,152.914007
2015-01-09,158.419998,160.339996,157.25,159.110001,4484800,155.523827
2015-01-08,156.240005,159.039993,155.550003,158.419998,4236800,154.849376
2015-01-07,157.199997,157.199997,154.029999,155.050003,4701800,151.555337
2015-01-06,159.669998,159.960007,155.169998,156.070007,6146700,152.552352
2015-01-05,161.270004,161.270004,159.190002,159.509995,4880400,155.914805
2015-01-02,161.309998,163.309998,161.00,162.059998,5525500,158.407334
2014-12-31,160.410004,161.50,160.380005,160.440002,4011900,156.823852
2014-12-30,160.020004,160.820007,159.789993,160.050003,2829900,156.442642
2014-12-29,162.00,162.339996,159.449997,160.509995,3331800,156.892266
2014-12-26,162.270004,163.089996,162.009995,162.339996,1912200,158.681022
2014-12-24,162.880005,162.990005,161.610001,161.820007,1868100,158.172753
2014-12-23,162.229996,162.899994,161.610001,162.240005,4043300,158.583285
2014-12-22,158.330002,161.910004,158.330002,161.440002,4682500,157.801313
2014-12-19,157.490005,160.410004,157.490005,158.509995,8864900,154.937344
2014-12-18,153.580002,157.679993,153.300003,157.679993,7302400,154.12605
2014-12-17,151.520004,153.309998,151.110001,151.929993,5131000,148.505649
2014-12-16,152.029999,154.889999,150.50,151.410004,6782600,147.99738
2014-12-15,155.929993,156.740005,152.839996,153.059998,6500300,149.610184
2014-12-12,160.25,160.50,155.330002,155.380005,8611700,151.877901
2014-12-11,160.820007,162.929993,160.520004,161.070007,3989600,157.439657
2014-12-10,163.009995,163.330002,160.029999,160.509995,4072800,156.892266
2014-12-09,160.839996,163.020004,160.800003,162.990005,3861200,159.31638
2014-12-08,163.289993,163.289993,161.539993,161.860001,2851000,158.211845
2014-12-05,163.610001,164.50,162.910004,163.270004,3013500,159.590068
2014-12-04,164.009995,164.50,163.009995,164.050003,3859400,160.352487
2014-12-03,162.470001,164.520004,162.00,164.520004,6429100,160.811894
2014-12-02,162.470001,162.729996,161.639999,162.669998,3464100,159.003586
2014-12-01,161.639999,163.320007,161.350006,161.539993,4168400,157.89905
2014-11-28,162.75,163.369995,161.440002,162.169998,2405500,158.514855
2014-11-26,161.929993,162.100006,161.009995,161.949997,3966000,158.299812
2014-11-25,162.649994,163.50,161.559998,161.759995,4062300,158.114092
2014-11-24,161.539993,163.860001,161.059998,162.149994,6618500,158.495302
2014-11-21,161.830002,161.949997,160.75,160.919998,4076900,157.293029
2014-11-20,160.949997,161.50,159.800003,160.639999,4182200,157.019341
2014-11-19,162.050003,162.100006,160.960007,161.429993,3802200,157.791529
2014-11-18,164.729996,164.75,161.889999,161.889999,5410100,158.241167
2014-11-17,164.160004,164.970001,163.720001,164.160004,4798900,160.460008
2014-11-14,162.100006,164.490005,161.690002,164.160004,4976700,160.460008
2014-11-13,162.00,162.800003,161.800003,162.789993,3239500,159.120876
2014-11-12,162.279999,163.00,161.759995,161.919998,3377600,158.27049
2014-11-11,163.699997,163.899994,162.600006,163.300003,3534400,159.619391
2014-11-10,161.899994,164.470001,161.610001,163.490005,4958200,159.805111
2014-11-07,161.419998,162.210007,160.850006,162.070007,3494800,158.417118
2014-11-06,161.279999,161.529999,160.050003,161.460007,4067600,157.820866
2014-11-05,163.130005,163.539993,161.559998,161.820007,4104700,157.097551
2014-11-04,164.339996,164.360001,162.240005,162.649994,4246900,157.903316
2014-11-03,164.25,164.539993,163.380005,164.360001,4688200,159.563419
2014-10-31,165.479996,165.589996,163.619995,164.399994,5818000,159.602245
2014-10-30,163.50,164.619995,163.020004,164.350006,3896000,159.553716
2014-10-29,164.330002,164.619995,162.759995,163.460007,4739300,158.68969
2014-10-28,162.00,163.600006,161.800003,163.600006,7895300,158.825604
2014-10-27,162.00,162.910004,161.809998,161.869995,4989100,157.14608
2014-10-24,162.080002,162.440002,161.449997,162.080002,6652100,157.349958
2014-10-23,162.119995,162.830002,161.539993,162.179993,7599400,157.447031
2014-10-22,162.410004,165.410004,161.100006,161.789993,11084800,157.068413
2014-10-21,166.399994,166.679993,161.679993,163.229996,20949800,158.466391
2014-10-20,166.850006,170.330002,166.690002,169.100006,23416500,164.165095
2014-10-17,181.240005,182.839996,180.220001,182.050003,4350200,176.737167
2014-10-16,179.800003,181.479996,178.690002,179.839996,5578600,174.591656
2014-10-15,182.460007,183.789993,178.75,181.75,6895800,176.445919
2014-10-14,184.889999,185.720001,183.589996,183.800003,3924700,178.436096
2014-10-13,185.490005,186.649994,183.419998,183.520004,3596700,178.164269
2014-10-10,185.860001,187.740005,185.100006,185.929993,5090200,180.503926
2014-10-09,189.119995,189.50,186.089996,186.419998,2625400,180.979631
2014-10-08,185.970001,189.600006,185.610001,189.360001,2984800,183.833834
2014-10-07,187.770004,188.119995,185.539993,185.710007,2991300,180.29036
2014-10-06,189.690002,190.889999,188.710007,189.039993,2099500,183.523166
2014-10-03,188.110001,189.369995,187.559998,188.669998,3071500,183.163968
2014-10-02,187.660004,187.779999,186.240005,186.910004,2283100,181.455337
2014-10-01,189.910004,190.399994,186.789993,187.169998,3723200,181.707744
2014-09-30,189.639999,190.850006,189.149994,189.830002,2932600,184.290119
2014-09-29,188.509995,189.960007,188.119995,189.639999,2336300,184.105662
2014-09-26,188.929993,190.330002,188.610001,190.059998,2493900,184.513403
2014-09-25,192.050003,192.50,188.970001,189.009995,4151400,183.494043
2014-09-24,191.00,192.449997,189.880005,192.309998,3082600,186.69774
2014-09-23,192.75,193.070007,191.520004,191.619995,3301800,186.027874
2014-09-22,193.720001,194.139999,192.630005,193.110001,3318000,187.474397
2014-09-19,194.539993,195.00,193.190002,194.00,8852000,188.338423
2014-09-18,192.789993,194.130005,192.710007,193.75,2963300,188.095719
2014-09-17,193.220001,193.639999,192.300003,192.800003,3210800,187.173446
2014-09-16,191.25,193.570007,190.820007,192.960007,2561500,187.32878
2014-09-15,191.419998,192.490005,190.580002,191.809998,2456400,186.212332
2014-09-12,191.470001,191.600006,190.570007,191.279999,2901000,185.6978
2014-09-11,191.080002,192.779999,190.119995,191.720001,2298500,186.124962
2014-09-10,190.119995,192.149994,190.100006,191.539993,2764000,185.950207
2014-09-09,190.339996,190.740005,189.779999,189.990005,2403600,184.445453
2014-09-08,190.75,191.199997,189.509995,190.139999,2524200,184.59107
2014-09-05,190.529999,191.75,190.089996,191.199997,2260200,185.620133
2014-09-04,191.690002,192.690002,190.059998,190.679993,2865000,185.115305
2014-09-03,192.389999,192.949997,191.860001,191.949997,1822800,186.348246
2014-09-02,192.679993,192.970001,190.929993,191.559998,2679700,185.969628
2014-08-29,192.279999,192.75,191.139999,192.300003,2909400,186.688037
2014-08-28,191.470001,192.300003,190.660004,192.00,1503600,186.39679
2014-08-27,193.029999,194.130005,191.559998,192.25,2190200,186.639494
2014-08-26,191.020004,193.529999,191.020004,192.990005,3175400,187.357903
2014-08-25,191.389999,191.809998,190.710007,191.160004,1723600,185.581307
2014-08-22,190.770004,191.880005,190.289993,190.410004,1940300,184.853195
2014-08-21,190.899994,192.070007,190.50,191.229996,2496500,185.649257
2014-08-20,189.860001,190.389999,189.25,190.100006,2177600,184.552244
2014-08-19,190.039993,190.25,189.360001,190.070007,2040100,184.523121
2014-08-18,188.100006,189.809998,187.759995,189.360001,2420300,183.833834
2014-08-15,187.850006,188.880005,186.789993,187.380005,2814800,181.911622
2014-08-14,187.570007,188.169998,186.929993,187.880005,1929500,182.39703
2014-08-13,188.00,188.479996,187.369995,187.949997,1797000,182.464979
2014-08-12,187.449997,188.690002,186.809998,187.339996,1858600,181.872781
2014-08-11,187.809998,188.360001,186.279999,187.470001,2527200,181.998991
2014-08-08,184.399994,186.669998,183.580002,186.630005,2781500,181.183509
2014-08-07,186.639999,186.679993,183.580002,184.300003,2708600,178.921505
2014-08-06,185.360001,186.880005,184.440002,185.970001,3847000,180.542767
2014-08-05,188.75,189.199997,186.440002,187.100006,3307900,180.571887
2014-08-04,189.350006,189.949997,188.600006,189.639999,2125900,183.023257
2014-08-01,190.50,191.50,188.860001,189.149994,5181100,182.550348
2014-07-31,192.839996,194.289993,191.539993,191.669998,4207500,184.982427
2014-07-30,195.199997,195.990005,192.899994,194.00,3943800,187.231133
2014-07-29,195.300003,195.889999,194.539993,194.570007,3264100,187.781252
2014-07-28,194.300003,196.399994,193.649994,195.779999,3242400,188.949025
2014-07-25,195.300003,195.899994,193.789993,194.399994,3376400,187.61717
2014-07-24,193.949997,195.619995,193.75,195.240005,3612700,188.427873
2014-07-23,194.110001,194.899994,193.570007,193.630005,3584200,186.874047
2014-07-22,191.589996,194.720001,191.559998,194.089996,4853000,187.317989
2014-07-21,191.300003,191.699997,189.25,190.850006,4154400,184.191045
2014-07-18,191.960007,193.440002,190.00,192.50,8166400,185.783469
2014-07-17,192.360001,195.949997,192.00,192.490005,8872300,185.773823
2014-07-16,192.240005,193.360001,190.759995,192.360001,7812600,185.648355
2014-07-15,189.539993,190.080002,188.210007,188.490005,4864700,181.913388
2014-07-14,188.550003,190.440002,188.529999,189.860001,4501100,183.235582
2014-07-11,187.729996,188.350006,186.710007,188.00,2402500,181.440479
2014-07-10,186.440002,188.050003,186.210007,187.699997,3177800,181.150943
2014-07-09,187.679993,188.899994,186.889999,188.419998,3309600,181.845823
2014-07-08,187.649994,188.080002,186.369995,187.220001,3135100,180.687695
2014-07-07,187.610001,188.270004,187.440002,188.039993,2958700,181.479077
2014-07-03,188.389999,188.809998,187.350006,188.529999,2422400,181.951986
2014-07-02,186.339996,188.990005,186.169998,188.389999,5093000,181.816871
2014-07-01,181.699997,187.270004,181.699997,186.350006,6643100,179.848055
2014-06-30,181.330002,181.929993,180.259995,181.270004,4223800,174.9453
2014-06-27,179.770004,182.460007,179.660004,181.710007,4575500,175.36995
2014-06-26,180.869995,181.369995,179.270004,180.369995,3258500,174.076693
2014-06-25,180.25,180.970001,180.059998,180.720001,2762800,174.414487
2014-06-24,181.50,183.00,180.649994,180.880005,3875400,174.568908
2014-06-23,181.919998,182.25,181.00,182.139999,3231700,175.78494
2014-06-20,182.589996,182.669998,181.399994,181.550003,10686800,175.215529
2014-06-19,184.119995,184.470001,182.360001,182.820007,3551100,176.441222
2014-06-18,182.039993,183.610001,181.789993,183.600006,3931800,177.194006
2014-06-17,181.899994,182.809998,181.559998,182.259995,2460900,175.900748
2014-06-16,182.399994,182.710007,181.240005,182.350006,3556200,175.987619
2014-06-13,182.00,183.00,181.520004,182.559998,2773600,176.190284
2014-06-12,182.479996,182.550003,180.910004,181.220001,4425300,174.897042
2014-06-11,183.610001,184.199997,182.009995,182.25,4061700,175.891103
2014-06-10,186.199997,186.220001,183.820007,184.289993,4154900,177.859918
2014-06-09,186.220001,187.639999,185.960007,186.220001,2728400,179.722586
2014-06-06,186.470001,187.649994,185.899994,186.369995,3296700,179.867347
2014-06-05,184.660004,186.089996,183.919998,185.979996,2852200,179.490955
2014-06-04,184.710007,185.449997,184.199997,184.509995,2376800,178.072244
2014-06-03,185.550003,185.759995,184.119995,184.369995,2517100,177.937129
2014-06-02,184.759995,186.279999,184.669998,185.690002,3200500,179.21108
2014-05-30,183.380005,184.570007,182.490005,184.360001,4620500,177.927483
2014-05-29,183.639999,183.779999,182.330002,183.759995,2759900,177.348412
2014-05-28,184.479996,184.880005,182.940002,183.080002,3721600,176.692145
2014-05-27,184.800003,185.649994,183.929993,184.779999,4793800,178.332827
2014-05-23,185.839996,186.139999,185.309998,185.940002,2562900,179.452357
2014-05-22,186.449997,186.449997,185.029999,185.679993,2218000,179.201419
2014-05-21,185.850006,187.160004,184.949997,186.389999,2988000,179.886653
2014-05-20,186.25,186.699997,184.699997,184.889999,3026500,178.43899
2014-05-19,186.610001,187.130005,186.039993,187.00,3270700,180.47537
2014-05-16,186.270004,187.410004,185.929993,187.059998,3949500,180.533274
2014-05-15,189.070007,189.080002,186.179993,186.460007,4202200,179.954218
2014-05-14,191.910004,191.990005,188.169998,188.720001,5251500,182.135359
2014-05-13,192.789993,193.029999,191.759995,192.190002,2226600,185.484288
2014-05-12,191.119995,193.020004,190.940002,192.570007,3777400,185.851034
2014-05-09,188.979996,190.589996,188.369995,190.080002,2261600,183.447907
2014-05-08,189.160004,190.570007,188.229996,188.910004,2431900,182.318732
2014-05-07,189.339996,190.300003,186.929993,189.300003,3821000,182.695124
2014-05-06,190.929993,190.949997,189.25,190.029999,3188700,182.338034
2014-05-05,191.050003,191.490005,189.800003,191.259995,2222100,183.518243
2014-05-02,193.75,193.839996,191.25,191.440002,3049900,183.690964
2014-05-01,196.309998,196.740005,193.149994,193.529999,3674000,185.696362
2014-04-30,194.380005,196.860001,194.350006,196.470001,4206800,188.517361
2014-04-29,193.589996,195.940002,193.410004,195.110001,4626300,187.21241
2014-04-28,191.139999,193.990005,190.580002,193.139999,5638300,185.322149
2014-04-25,190.539993,190.669998,189.110001,189.630005,3871000,181.954231
2014-04-24,192.220001,192.220001,190.029999,190.220001,4407100,182.520346
2014-04-23,191.789993,192.410004,190.110001,191.729996,4736400,183.969219
2014-04-22,192.009995,193.00,191.199997,192.149994,3878600,184.372217
2014-04-21,189.800003,192.809998,189.740005,192.270004,5419700,184.48737
2014-04-17,187.25,190.699997,187.009995,190.009995,11255500,182.31884
2014-04-16,198.050003,198.710007,195.00,196.399994,8527300,188.450187
2014-04-15,195.979996,197.410004,195.419998,197.020004,5351300,189.045101
2014-04-14,196.240005,198.240005,195.880005,197.770004,5431100,189.764743
2014-04-11,195.039993,197.00,194.270004,195.190002,4835000,187.289173
2014-04-10,196.059998,199.210007,195.660004,195.679993,8417900,187.75933
2014-04-09,193.880005,197.00,193.600006,196.639999,5480100,188.680478
2014-04-08,193.889999,194.169998,192.690002,193.289993,5125000,185.466072
2014-04-07,191.720001,195.309998,191.570007,194.520004,6740500,186.646295
2014-04-04,193.119995,193.970001,191.279999,191.770004,6089900,184.007608
2014-04-03,193.199997,193.380005,192.350006,192.690002,4091100,184.890367
2014-04-02,194.240005,194.50,192.490005,193.550003,4924100,185.715557
2014-04-01,193.119995,195.130005,192.779999,194.50,5394100,186.6271
2014-03-31,191.639999,193.770004,191.399994,192.490005,8537300,184.698466
2014-03-28,189.940002,192.619995,189.110001,190.449997,5194400,182.741032
2014-03-27,191.910004,192.669998,189.320007,189.830002,6767700,182.146133
2014-03-26,194.979996,195.630005,191.960007,192.619995,6851700,184.823194
2014-03-25,188.759995,195.399994,188.699997,195.039993,10912700,187.145236
2014-03-24,187.429993,189.440002,187.369995,188.25,5738500,180.630085
2014-03-21,188.50,188.699997,186.399994,186.669998,12535200,179.114038
2014-03-20,184.470001,188.259995,184.169998,187.899994,5062600,180.294247
2014-03-19,185.600006,186.699997,183.50,184.710007,4323900,177.233383
2014-03-18,185.990005,187.899994,185.539993,186.809998,3961300,179.248371
2014-03-17,182.660004,186.350006,182.660004,185.809998,4938100,178.288849
2014-03-14,183.889999,184.289993,182.210007,182.210007,5490300,174.834577
2014-03-13,186.410004,187.00,183.710007,183.899994,4913200,176.456157
2014-03-12,186.009995,187.449997,185.889999,186.220001,4833000,178.682256
2014-03-11,187.410004,188.449997,186.039993,186.759995,4229500,179.200392
2014-03-10,187.550003,188.369995,185.850006,186.389999,4591200,178.845373
2014-03-07,188.350006,188.919998,187.179993,187.679993,4117800,180.083151
2014-03-06,187.369995,188.389999,186.899994,187.639999,3817300,180.044776
2014-03-05,186.570007,187.949997,186.399994,187.139999,3485200,179.565015
2014-03-04,185.809998,187.160004,185.679993,186.440002,4733000,178.893352
2014-03-03,183.330002,184.639999,182.820007,184.259995,3950100,176.801586
2014-02-28,185.380005,186.119995,183.649994,185.169998,4667900,177.674755
2014-02-27,183.830002,185.949997,183.809998,185.270004,3827800,177.770713
2014-02-26,183.940002,185.279999,183.559998,184.059998,3740700,176.609684
2014-02-25,183.520004,184.600006,182.880005,183.229996,3902300,175.813279
2014-02-24,182.820007,185.160004,182.820007,183.449997,4595300,176.024375
2014-02-21,184.25,185.710007,182.619995,182.789993,5699300,175.391087
2014-02-20,182.960007,184.860001,182.789993,184.259995,4968200,176.801586
2014-02-19,182.740005,185.649994,182.410004,182.949997,4671500,175.544614
2014-02-18,183.179993,184.00,182.320007,183.190002,4435200,175.774905
2014-02-14,181.259995,184.429993,180.990005,183.690002,4659900,176.254666
2014-02-13,178.220001,182.360001,177.860001,181.839996,4482000,174.479544
2014-02-12,179.520004,181.25,179.259995,180.240005,3983000,172.944317
2014-02-11,176.809998,180.389999,176.800003,179.699997,4647300,172.426166
2014-02-10,176.970001,177.649994,176.25,177.139999,3540400,169.969791
2014-02-07,175.639999,177.559998,175.070007,177.25,4692900,170.075339
2014-02-06,173.970001,174.850006,173.789993,174.669998,4292200,167.59977
2014-02-05,172.190002,174.970001,172.190002,174.240005,4712300,166.275635
2014-02-04,173.529999,173.75,172.360001,172.839996,4349800,164.93962
2014-02-03,176.020004,176.020004,172.720001,172.899994,7186800,164.996875
2014-01-31,176.110001,177.839996,175.339996,176.679993,5193400,168.604093
2014-01-30,177.169998,177.860001,176.360001,177.360001,4853700,169.253018
2014-01-29,175.979996,178.529999,175.889999,176.399994,4970900,168.336893
2014-01-28,178.050003,178.449997,176.160004,176.850006,5333300,168.766335
2014-01-27,179.610001,179.649994,177.660004,177.899994,5208600,169.768329
2014-01-24,181.25,182.809998,179.639999,179.639999,6890600,171.4288
2014-01-23,181.429993,183.720001,180.710007,182.729996,6973900,174.377555
2014-01-22,181.279999,183.50,179.669998,182.25,13796100,173.9195
2014-01-21,190.229996,190.389999,186.789993,188.429993,11076300,179.81701
2014-01-17,188.039993,190.809998,187.860001,190.089996,7644600,181.401136
2014-01-16,187.529999,188.990005,186.800003,188.759995,4770300,180.131928
2014-01-15,185.820007,188.649994,185.490005,187.740005,4816500,179.158561
2014-01-14,185.059998,186.429993,183.880005,185.919998,4619200,177.421745
2014-01-13,186.259995,186.949997,183.860001,184.160004,5784700,175.742199
2014-01-10,188.309998,188.570007,186.279999,187.259995,4022400,178.700491
2014-01-09,189.020004,189.50,186.550003,187.380005,4321300,178.815016
2014-01-08,189.330002,189.419998,187.259995,187.970001,4603700,179.378044
2014-01-07,186.389999,190.350006,186.380005,189.710007,5932300,181.038515
2014-01-06,187.149994,187.360001,185.300003,186.00,4067800,177.49809
2014-01-03,185.830002,187.350006,185.300003,186.639999,4063200,178.108836
2014-01-02,187.210007,187.399994,185.199997,185.529999,4546500,177.049572
2013-12-31,186.490005,187.789993,186.300003,187.570007,3619700,178.996334
2013-12-30,185.320007,186.699997,184.669998,186.410004,3018600,177.889353
2013-12-27,185.839996,186.50,184.559998,185.080002,3381600,176.620144
2013-12-26,183.559998,185.559998,183.509995,185.350006,3325700,176.877807
2013-12-24,181.960007,183.50,181.910004,183.220001,1613600,174.845163
2013-12-23,181.050003,182.929993,180.610001,182.229996,4079900,173.90041
2013-12-20,180.119995,182.00,180.020004,180.020004,7653500,171.791435
2013-12-19,177.880005,180.539993,177.880005,180.220001,5927000,171.98229
2013-12-18,176.449997,178.740005,174.850006,178.699997,5697700,170.531764
2013-12-17,177.360001,177.490005,175.119995,175.759995,5471900,167.726147
2013-12-16,173.220001,178.350006,172.729996,177.850006,7517000,169.720626
2013-12-13,173.520004,174.380005,172.729996,172.800003,4184400,164.901454
2013-12-12,175.059998,175.800003,173.300003,173.369995,5671600,165.445393
2013-12-11,177.00,177.759995,175.100006,175.199997,4090400,167.191747
2013-12-10,176.899994,177.669998,176.059998,177.119995,4127800,169.023983
2013-12-09,177.990005,178.149994,176.830002,177.460007,3796600,169.348453
2013-12-06,176.699997,178.00,176.009995,177.669998,4739800,169.548846
2013-12-05,176.149994,176.860001,175.279999,176.080002,4384900,168.031527
2013-12-04,175.369995,177.50,175.160004,175.740005,5267400,167.707072
2013-12-03,177.00,178.229996,175.639999,176.080002,5864000,168.031527
2013-12-02,179.460007,179.589996,177.119995,177.479996,4560000,169.367528
2013-11-29,179.210007,180.759995,179.00,179.679993,2870500,171.466965
2013-11-27,177.830002,180.179993,177.820007,178.970001,4596500,170.789427
2013-11-26,178.669998,178.940002,177.309998,177.309998,5756000,169.205301
2013-11-25,180.25,180.75,177.820007,178.940002,7161900,170.760799
2013-11-22,183.50,184.990005,179.919998,181.300003,7610200,173.012926
2013-11-21,185.539993,185.75,183.410004,184.130005,4459500,175.713571
2013-11-20,185.220001,186.240005,184.649994,185.190002,3645800,176.725117
2013-11-19,184.630005,186.199997,184.149994,185.25,4577000,176.782372
2013-11-18,183.520004,184.990005,183.270004,184.470001,5344900,176.038026
2013-11-15,182.380005,183.279999,181.160004,183.190002,5176100,174.816535
2013-11-14,180.479996,183.199997,179.660004,182.210007,6321500,173.881334
2013-11-13,182.270004,183.550003,181.589996,183.550003,4704400,175.160081
2013-11-12,182.529999,184.050003,182.259995,183.070007,4258500,174.702025
2013-11-11,180.190002,183.389999,180.039993,182.880005,5222300,174.520707
2013-11-08,178.830002,180.080002,177.350006,179.990005,6275000,171.762808
2013-11-07,179.600006,181.389999,179.600006,180.00,5219500,171.772345
2013-11-06,177.910004,179.75,177.779999,179.190002,4560700,170.999372
2013-11-05,179.539993,179.800003,177.710007,177.850006,6096800,168.814045
2013-11-04,179.899994,180.800003,179.339996,180.270004,3483300,171.111091
2013-11-01,179.809998,180.339996,178.880005,179.229996,3644500,170.123922
2013-10-31,179.649994,181.669998,179.039993,179.210007,4318100,170.104948
2013-10-30,181.690002,182.179993,179.860001,180.149994,5273700,170.997178
2013-10-29,177.619995,182.320007,177.50,182.119995,8904600,172.86709
2013-10-28,177.039993,177.889999,176.199997,177.350006,3712700,168.339448
2013-10-25,178.429993,179.100006,176.259995,176.850006,4842800,167.864851
2013-10-24,176.429993,177.889999,176.25,177.800003,5533300,168.766582
2013-10-23,175.089996,175.990005,174.399994,175.770004,5409400,166.839721
2013-10-22,173.350006,175.570007,172.949997,174.970001,6977300,166.080363
2013-10-21,174.419998,174.75,172.630005,172.860001,7098700,164.077565
2013-10-18,174.800003,175.00,173.25,173.779999,10548000,164.950821
2013-10-17,173.839996,177.00,172.570007,174.830002,22368900,165.947477
2013-10-16,185.419998,186.729996,184.990005,186.729996,6718000,177.242872
2013-10-15,185.740005,185.940002,184.220001,184.660004,3365100,175.278049
2013-10-14,185.410004,186.990005,184.419998,186.970001,2663100,177.470683
2013-10-11,185.25,186.229996,184.119995,186.160004,3232600,176.701839
2013-10-10,183.169998,184.770004,182.360001,184.770004,3658900,175.382461
2013-10-09,179.369995,181.669998,179.100006,181.320007,4423500,172.107747
2013-10-08,181.889999,181.990005,178.710007,178.720001,5578300,169.639838
2013-10-07,181.850006,183.309998,181.850006,182.009995,3966400,172.762678
2013-10-04,184.169998,185.130005,183.580002,184.100006,2863600,174.746503
2013-10-03,184.699997,184.960007,183.00,183.860001,3211800,174.518691
2013-10-02,185.539993,186.309998,184.410004,184.960007,3617100,175.56281
2013-10-01,185.339996,186.649994,184.649994,186.380005,2681200,176.910663
2013-09-30,185.559998,186.740005,184.339996,185.179993,3978200,175.771619
2013-09-27,188.869995,188.940002,186.449997,186.919998,3905500,177.423221
2013-09-26,190.100006,191.759995,189.460007,190.220001,2093600,180.555562
2013-09-25,190.139999,190.619995,188.50,189.470001,2654500,179.843667
2013-09-24,190.929993,191.559998,189.660004,189.970001,3085300,180.318263
2013-09-23,190.059998,192.410004,189.330002,190.990005,3340800,181.286445
2013-09-20,193.960007,194.429993,190.020004,190.020004,8525900,180.365726
2013-09-19,194.179993,194.889999,193.220001,193.389999,3178100,183.564503
2013-09-18,192.600006,194.889999,192.00,194.419998,3841800,184.542171
2013-09-17,193.419998,194.149994,191.830002,192.160004,2930900,182.396999
2013-09-16,193.699997,194.809998,192.610001,193.149994,3902400,183.336691
2013-09-13,191.210007,193.100006,191.00,192.169998,3710400,182.406486
2013-09-12,190.960007,191.320007,189.850006,190.729996,3354800,181.039645
2013-09-11,186.830002,190.869995,186.820007,190.699997,4962900,181.011171
2013-09-10,187.199997,187.649994,186.369995,186.600006,3149600,177.119486
2013-09-09,183.679993,185.490005,183.309998,184.979996,3017200,175.581783
2013-09-06,184.649994,184.990005,182.649994,183.029999,2903500,173.730859
2013-09-05,183.350006,185.00,183.070007,184.149994,2867600,174.793951
2013-09-04,183.580002,184.190002,182.309998,183.130005,2597900,173.825784
2013-09-03,183.630005,184.320007,182.509995,183.960007,3487200,174.613617
2013-08-30,182.75,182.990005,181.509995,182.270004,2731000,173.009477
2013-08-29,181.960007,183.699997,181.440002,182.639999,2980900,173.360674
2013-08-28,182.679993,183.470001,181.100006,182.160004,3979200,172.905066
2013-08-27,183.630005,184.50,182.570007,182.740005,3190700,173.4556
2013-08-26,185.270004,187.00,184.679993,184.740005,2170400,175.353986
2013-08-23,185.339996,185.740005,184.570007,185.419998,2292700,175.999431
2013-08-22,185.649994,186.25,184.25,185.190002,2354300,175.78112
2013-08-21,184.669998,186.570007,184.279999,184.860001,3551000,175.467885
2013-08-20,184.369995,185.630005,183.169998,184.559998,3117800,175.183124
2013-08-19,185.300003,186.50,183.979996,184.229996,3248900,174.869888
2013-08-16,185.539993,186.460007,185.339996,185.339996,3426400,175.923494
2013-08-15,186.229996,187.00,185.449997,185.789993,3692400,176.350628
2013-08-14,188.580002,188.929993,187.300003,187.529999,2892300,178.002229
2013-08-13,189.539993,189.990005,187.559998,188.419998,3542900,178.847011
2013-08-12,186.970001,189.559998,186.889999,189.089996,3026500,179.482969
2013-08-09,188.00,189.160004,187.00,187.820007,3249600,178.277504
2013-08-08,189.449997,189.869995,186.789993,187.929993,4547600,178.381901
2013-08-07,189.600006,189.929993,188.050003,188.559998,3901700,178.979897
2013-08-06,192.259995,192.509995,190.270004,190.990005,5938500,180.384715
2013-08-05,195.160004,195.880005,194.350006,195.50,2490900,184.644279
2013-08-02,195.50,195.50,193.220001,195.160004,3874000,184.323162
2013-08-01,196.649994,197.169998,195.410004,195.809998,2877700,184.937063
2013-07-31,194.490005,196.910004,194.490005,195.039993,3810000,184.209815
2013-07-30,196.990005,197.830002,195.809998,196.009995,2663200,185.125954
2013-07-29,196.830002,197.190002,195.529999,196.210007,2113700,185.31486
2013-07-26,196.589996,197.369995,195.00,197.350006,2485100,186.391558
2013-07-25,196.300003,197.830002,195.660004,197.220001,3014300,186.268772
2013-07-24,195.949997,197.300003,195.860001,196.610001,2957900,185.692643
2013-07-23,194.210007,196.429993,194.100006,194.979996,2863800,184.153149
2013-07-22,193.399994,195.789993,193.279999,194.089996,3398000,183.31257
2013-07-19,197.910004,197.990005,193.240005,193.539993,6997600,182.793107
2013-07-18,198.270004,200.940002,195.990005,197.990005,8393400,186.996019
2013-07-17,194.720001,194.889999,193.029999,194.550003,6868400,183.747033
2013-07-16,194.039993,194.580002,192.679993,193.850006,3745300,183.085906
2013-07-15,192.419998,194.889999,191.679993,194.00,5674700,183.227571
2013-07-12,193.070007,193.699997,191.589996,192.070007,4494700,181.404747
2013-07-11,193.779999,194.110001,192.610001,192.800003,4177500,182.094207
2013-07-10,191.509995,193.429993,191.270004,192.25,3892000,181.574745
2013-07-09,191.880005,192.800003,190.779999,191.300003,5204200,180.677499
2013-07-08,195.600006,195.779999,194.610001,194.979996,2947500,184.153149
2013-07-05,194.490005,195.160004,192.350006,194.929993,2405400,184.105923
2013-07-03,190.979996,194.220001,190.509995,193.25,1872600,182.519217
2013-07-02,190.779999,193.229996,190.259995,191.50,3657700,180.866391
2013-07-01,192.149994,193.800003,191.119995,191.279999,4442400,180.658606
2013-06-28,191.729996,192.660004,188.410004,191.110001,10055800,180.498047
2013-06-27,196.050003,196.899994,195.289993,195.649994,3514200,184.785944
2013-06-26,195.970001,196.229996,194.50,194.860001,3320200,184.039817
2013-06-25,195.309998,195.589996,193.149994,194.979996,3846200,184.153149
2013-06-24,193.990005,194.910004,191.339996,193.539993,4356200,182.793107
2013-06-21,198.50,198.520004,193.539993,195.460007,8914800,184.606506
2013-06-20,200.669998,201.699997,197.279999,197.350006,4514800,186.391558
2013-06-19,204.440002,205.029999,201.929993,201.940002,2846100,190.726681
2013-06-18,203.020004,206.089996,202.869995,204.869995,3277800,193.493977
2013-06-17,203.440002,205.169998,202.550003,203.039993,3219900,191.765592
2013-06-14,203.970001,204.740005,201.809998,202.199997,2804500,190.972239
2013-06-13,201.009995,204.399994,200.339996,203.770004,2899500,192.455067
2013-06-12,204.589996,205.229996,200.509995,201.199997,3409800,190.027767
2013-06-11,203.169998,205.949997,202.509995,203.979996,2814400,192.653398
2013-06-10,206.970001,206.979996,204.899994,205.020004,2652300,193.635657
2013-06-07,204.850006,206.350006,204.110001,206.350006,2953400,194.891806
2013-06-06,203.00,204.199997,201.470001,203.800003,3679400,192.4834
2013-06-05,205.160004,206.289993,202.399994,202.740005,4215400,191.482261
2013-06-04,208.600006,209.00,205.080002,206.190002,3598300,194.740687
2013-06-03,208.25,210.050003,207.330002,208.949997,3322000,197.347425
2013-05-31,208.589996,211.979996,208.020004,208.020004,4949000,196.469073
2013-05-30,206.970001,210.990005,206.970001,209.360001,4399700,197.734662
2013-05-29,206.220001,208.419998,206.039993,207.919998,3439400,196.37462
2013-05-28,207.440002,208.589996,207.160004,207.779999,4011500,196.242394
2013-05-24,204.690002,206.429993,204.419998,205.720001,3295800,194.296784
2013-05-23,205.479996,208.610001,205.130005,206.160004,5179100,194.712354
2013-05-22,208.50,210.149994,206.119995,206.990005,5186800,195.496268
2013-05-21,207.240005,209.479996,207.00,208.649994,2982900,197.06408
2013-05-20,208.020004,209.149994,207.419998,207.600006,3614500,196.072396
2013-05-17,205.25,209.50,204.990005,208.440002,5704100,196.865749
2013-05-16,204.00,206.589996,204.00,204.690002,4507000,193.323979
2013-05-15,202.25,203.679993,202.039993,203.320007,4028100,192.030057
2013-05-14,202.089996,203.669998,202.080002,203.210007,3699700,191.926164
2013-05-13,204.179993,204.470001,202.220001,202.470001,3648400,191.22725
2013-05-10,203.369995,204.529999,202.820007,204.470001,3279200,193.116194
2013-05-09,204.690002,205.00,202.720001,203.240005,3542300,191.954497
2013-05-08,202.940002,204.850006,202.509995,204.820007,3601700,193.446765
2013-05-07,202.809998,203.729996,201.649994,203.630005,3451000,191.425592
2013-05-06,203.789993,203.990005,201.520004,202.779999,4826500,190.62653
2013-05-03,203.940002,205.320007,203.75,204.509995,4492700,192.25284
2013-05-02,200.119995,202.429993,199.75,202.389999,3945100,190.259905
2013-05-01,201.869995,202.169998,199.199997,199.630005,4899100,187.665329
2013-04-30,199.130005,202.589996,197.350006,202.539993,7539900,190.400909
2013-04-29,194.779999,199.679993,194.649994,199.149994,5932400,187.214087
2013-04-26,194.160004,194.710007,193.25,194.309998,3490300,182.664172
2013-04-25,192.690002,195.169998,192.320007,193.949997,4650900,182.325748
2013-04-24,192.160004,192.50,191.089996,191.710007,3693900,180.22001
2013-04-23,189.270004,192.550003,188.610001,191.610001,6296100,180.125997
2013-04-22,191.149994,191.380005,187.679993,187.830002,9845400,176.57255
2013-04-19,195.740005,196.50,189.759995,190.00,18847000,178.612491
2013-04-18,210.110001,210.25,206.149994,207.149994,6502000,194.734613
2013-04-17,210.529999,211.089996,209.50,209.669998,3269800,197.103582
2013-04-16,210.839996,212.00,209.199997,212.00,2859500,199.293937
2013-04-15,210.440002,211.690002,209.259995,209.259995,4218100,196.718152
2013-04-12,210.789993,211.490005,209.779999,211.380005,3165400,198.711101
2013-04-11,211.50,213.089996,210.850006,212.919998,3655600,200.158796
2013-04-10,211.860001,212.509995,210.470001,212.00,3524200,199.293937
2013-04-09,209.559998,210.00,208.610001,209.220001,2577300,196.680556
2013-04-08,209.070007,209.320007,207.330002,209.320007,2351200,196.774568
2013-04-05,209.100006,209.839996,206.339996,209.410004,4148000,196.85917
2013-04-04,212.770004,212.929993,210.039993,211.309998,3709500,198.64529
2013-04-03,214.320007,214.889999,212.630005,212.660004,3128800,199.914384
2013-04-02,212.919998,214.710007,211.570007,214.360001,3116800,201.512493
2013-04-01,212.800003,213.50,211.25,212.380005,2144500,199.651167
2013-03-28,209.830002,213.440002,209.740005,213.300003,3749900,200.516026
2013-03-27,210.960007,212.160004,210.100006,210.889999,3223400,198.250464
2013-03-26,211.770004,212.50,211.50,212.360001,2300300,199.632361
2013-03-25,212.539993,212.809998,210.050003,210.740005,3242500,198.10946
2013-03-22,212.210007,213.169998,211.619995,212.080002,3031500,199.369144
2013-03-21,212.960007,213.00,210.110001,212.259995,5830400,199.538349
2013-03-20,214.759995,215.820007,214.300003,215.059998,3019000,202.170536
2013-03-19,214.130005,215.119995,211.830002,213.440002,3198600,200.647634
2013-03-18,212.899994,214.50,212.639999,213.210007,3006000,200.431423
2013-03-15,215.380005,215.899994,213.410004,214.919998,7930300,202.038927
2013-03-14,212.149994,215.860001,212.149994,215.800003,5505500,202.86619
2013-03-13,210.199997,212.360001,209.770004,212.059998,3355900,199.350339
2013-03-12,209.399994,210.729996,209.089996,210.550003,3591600,197.930845
2013-03-11,210.039993,210.199997,209.039993,210.080002,3049700,197.489013
2013-03-08,209.850006,210.740005,209.429993,210.380005,3700500,197.771035
2013-03-07,208.289993,209.600006,208.240005,209.419998,3884400,196.868566
2013-03-06,207.029999,208.490005,206.660004,208.380005,3594800,195.890904
2013-03-05,205.860001,207.699997,205.690002,206.529999,3807800,194.151776
2013-03-04,202.589996,205.190002,202.550003,205.190002,3693400,192.892092
2013-03-01,200.649994,202.940002,199.360001,202.910004,3308300,190.748743
2013-02-28,202.179993,203.119995,200.789993,200.830002,4689200,188.793405
2013-02-27,198.889999,202.75,198.600006,202.330002,4185100,190.203503
2013-02-26,198.630005,199.899994,197.839996,199.139999,3391600,187.204691
2013-02-25,201.669998,202.490005,197.509995,197.509995,3844800,185.672379
2013-02-22,199.229996,201.089996,198.839996,201.089996,3107900,189.037817
2013-02-21,198.630005,199.070007,198.110001,198.330002,3922900,186.44324
2013-02-20,200.619995,201.720001,198.860001,199.309998,3715400,187.364501
2013-02-19,200.600006,201.889999,200.220001,200.320007,2998300,188.313976
2013-02-15,199.979996,201.25,199.820007,200.979996,3627800,188.934409
2013-02-14,199.729996,200.320007,199.259995,199.649994,3294200,187.68412
2013-02-13,200.649994,200.949997,199.570007,200.089996,2169800,188.097751
2013-02-12,200.009995,200.740005,199.020004,200.039993,2461800,188.050745
2013-02-11,200.979996,201.949997,199.75,200.160004,2944700,188.163562
2013-02-08,199.970001,202.089996,199.679993,201.679993,2893300,189.592452
2013-02-07,200.619995,200.910004,198.679993,199.740005,3076700,187.768736
2013-02-06,200.389999,201.289993,199.559998,201.020004,3624200,188.972019
2013-02-05,204.309998,204.75,202.509995,202.789993,3636900,189.836875
2013-02-04,204.190002,205.020004,203.570007,203.789993,3188800,190.773001
2013-02-01,204.649994,205.350006,203.839996,205.179993,3370700,192.074214
2013-01-31,203.320007,204.470001,202.960007,203.070007,3091400,190.099003
2013-01-30,203.690002,204.880005,203.190002,203.520004,2998400,190.520257
2013-01-29,204.339996,205.729996,203.639999,203.899994,3617100,190.875975
2013-01-28,204.850006,206.220001,204.289993,204.929993,2823700,191.840183
2013-01-25,204.449997,205.179993,204.130005,204.970001,3358900,191.877636
2013-01-24,203.910004,205.059998,203.080002,204.419998,4447200,191.362764
2013-01-23,203.50,208.580002,203.360001,204.720001,12530500,191.643605
2013-01-22,194.360001,196.080002,194.009995,196.080002,7172300,183.555481
2013-01-18,194.029999,195.00,193.800003,194.470001,4559600,182.048319
2013-01-17,193.850006,194.460007,193.240005,193.649994,3881600,181.280689
2013-01-16,192.00,193.179993,191.350006,192.589996,2962900,180.288398
2013-01-15,191.309998,192.729996,190.389999,192.50,4172100,180.204151
2013-01-14,192.820007,193.279999,191.75,192.619995,4172200,180.316481
2013-01-11,194.149994,195.00,192.899994,194.449997,3880400,182.029592
2013-01-10,192.649994,192.960007,191.279999,192.880005,3608100,180.559883
2013-01-09,193.479996,193.490005,191.649994,192.320007,3212000,180.035655
2013-01-08,192.919998,193.300003,191.600006,192.869995,3026900,180.550512
2013-01-07,193.399994,193.779999,192.339996,193.139999,2862300,180.80327
2013-01-04,194.190002,194.460007,192.779999,193.990005,3380200,181.598983
2013-01-03,195.669998,196.289993,194.440002,195.270004,3644700,182.797222
2013-01-02,194.089996,196.350006,193.800003,196.350006,4234100,183.808239
2012-12-31,189.229996,191.679993,188.839996,191.550003,4684900,179.314834
2012-12-28,191.110001,192.220001,189.830002,189.830002,3536600,177.704697
2012-12-27,191.529999,193.279999,190.699997,192.710007,3967600,180.400743
2012-12-26,192.210007,193.529999,190.949997,191.949997,2776500,179.689279
2012-12-24,193.050003,193.830002,192.020004,192.399994,1631200,180.110532
2012-12-21,193.100006,194.50,191.570007,193.419998,8225300,181.065384
2012-12-20,194.470001,194.949997,193.160004,194.770004,4184500,182.329159
2012-12-19,195.460007,196.449997,195.00,195.080002,4270500,182.619356
2012-12-18,193.850006,195.919998,193.839996,195.690002,4125900,183.190393
2012-12-17,191.759995,193.910004,191.759995,193.619995,3792400,181.252606
2012-12-14,191.690002,193.399994,191.259995,191.759995,3826900,179.511413
2012-12-13,192.179993,193.050003,191.369995,191.990005,3623200,179.726732
2012-12-12,194.600006,194.75,192.460007,192.949997,4241900,180.625404
2012-12-11,193.179993,194.800003,193.149994,194.199997,4144000,181.795561
2012-12-10,192.169998,193.539993,191.649994,192.619995,3438500,180.316481
2012-12-07,190.139999,192.199997,190.110001,191.949997,4091300,179.689279
2012-12-06,189.169998,190.179993,188.410004,189.699997,3216600,177.582996
2012-12-05,189.009995,189.460007,186.940002,188.649994,4202100,176.600062
2012-12-04,189.710007,190.75,189.020004,189.360001,3990700,177.264717
2012-12-03,190.759995,191.300003,188.360001,189.479996,3349600,177.377048
2012-11-30,191.75,192.00,189.50,190.070007,4936400,177.929373
2012-11-29,192.75,192.899994,190.199997,191.529999,4077900,179.296108
2012-11-28,190.979996,192.039993,189.270004,191.979996,3603600,179.717361
2012-11-27,192.080002,193.050003,191.00,191.229996,3290900,179.015267
2012-11-26,192.449997,193.369995,191.770004,192.880005,5210300,180.559883
2012-11-23,191.00,193.490005,190.800003,193.490005,3877600,181.13092
2012-11-21,189.300003,190.889999,188.949997,190.289993,5189600,178.135307
2012-11-20,189.880005,190.110001,188.25,189.199997,3170200,177.114934
2012-11-19,188.619995,190.389999,188.300003,190.350006,3588900,178.191487
2012-11-16,186.330002,187.559998,185.100006,186.940002,4660800,174.999295
2012-11-15,185.830002,187.199997,184.779999,185.850006,3411700,173.978922
2012-11-14,189.139999,189.270004,185.279999,185.509995,4404400,173.660628
2012-11-13,188.389999,190.880005,188.25,188.320007,3406700,176.291153
2012-11-12,190.029999,190.770004,187.410004,189.25,3067400,177.161743
2012-11-09,189.850006,191.639999,188.880005,189.639999,3671600,177.526831
2012-11-08,191.399994,191.809998,190.089996,190.100006,3542200,177.957455
2012-11-07,193.360001,193.679993,191.160004,191.160004,4746200,178.949746
2012-11-06,195.259995,196.75,194.679993,195.070007,3281000,181.814289
2012-11-05,192.360001,194.970001,192.009995,194.139999,2736200,180.947479
2012-11-02,197.529999,198.00,193.289993,193.429993,4260100,180.285719
2012-11-01,194.679993,197.889999,194.550003,197.149994,3758800,183.752933
2012-10-31,194.800003,196.410004,193.630005,194.529999,6052300,181.310976
2012-10-26,191.490005,193.869995,191.470001,193.270004,4006500,180.136603
2012-10-25,191.410004,192.440002,190.710007,191.600006,3249600,178.580087
2012-10-24,192.440002,193.289993,190.559998,190.720001,3738000,177.759882
2012-10-23,193.529999,194.00,190.940002,191.25,4427400,178.253865
2012-10-22,193.710007,194.679993,192.440002,194.399994,4402500,181.189805
2012-10-19,195.289993,196.080002,193.179993,193.360001,6620300,180.220484
2012-10-18,199.910004,200.139999,194.070007,194.960007,9295900,181.711763
2012-10-17,201.210007,203.410004,198.550003,200.630005,12673900,186.996465
2012-10-16,209.940002,211.00,209.470001,211.00,5632100,196.661781
2012-10-15,208.880005,209.399994,207.820007,208.929993,3060900,194.732438
2012-10-12,205.639999,207.960007,205.559998,207.800003,2712000,193.679235
2012-10-11,206.570007,207.270004,205.630005,205.759995,2910000,191.777853
2012-10-10,207.820007,208.229996,205.050003,205.820007,4024500,191.833787
2012-10-09,209.949997,210.740005,207.699997,207.990005,3580400,193.856326
2012-10-08,210.020004,210.639999,209.210007,209.820007,1982600,195.561973
2012-10-05,211.149994,211.789993,210.059998,210.589996,2858400,196.279638
2012-10-04,210.279999,210.970001,208.529999,210.389999,2957500,196.093232
2012-10-03,209.940002,211.300003,209.300003,210.509995,3192300,196.205073
2012-10-02,210.960007,211.470001,208.50,209.839996,3321000,195.580603
2012-10-01,208.009995,211.75,207.940002,210.470001,5456900,196.167797
2012-09-28,205.660004,208.320007,205.309998,207.449997,4910900,193.353013
2012-09-27,204.369995,206.899994,204.139999,205.910004,2771900,191.917668
2012-09-26,205.050003,205.979996,203.899994,204.00,3423300,190.137456
2012-09-25,205.600006,207.320007,204.949997,204.979996,3345200,191.050858
2012-09-24,205.020004,206.059998,204.899994,205.289993,3511100,191.33979
2012-09-21,207.360001,207.940002,205.919998,205.979996,12771500,191.982904
2012-09-20,205.850006,206.990005,205.300003,206.179993,3739100,192.16931
2012-09-19,207.550003,207.570007,206.009995,206.429993,2605600,192.402322
2012-09-18,206.880005,207.880005,206.479996,207.070007,2476100,192.998845
2012-09-17,205.550003,207.990005,205.550003,207.149994,3275100,193.073397
2012-09-14,206.240005,207.649994,206.050003,206.809998,4057100,192.756504
2012-09-13,204.380005,206.809998,203.460007,206.360001,3879600,192.337086
2012-09-12,203.520004,204.649994,202.960007,203.770004,3284000,189.923089
2012-09-11,200.550003,203.460007,200.509995,203.270004,3910600,189.457066
2012-09-10,199.389999,201.820007,198.729996,200.949997,4208000,187.294712
2012-09-07,199.119995,199.50,198.080002,199.50,3413700,185.943248
2012-09-06,196.259995,199.460007,196.110001,199.100006,3931700,185.570435
2012-09-05,194.410004,195.850006,193.889999,195.039993,3312500,181.786315
2012-09-04,196.610001,197.169998,193.25,194.539993,4514400,181.320291
2012-08-31,194.309998,195.949997,193.460007,194.850006,3193300,181.609238
2012-08-30,194.770004,195.470001,193.179993,193.369995,2740900,180.229799
2012-08-29,195.130005,196.039993,194.899994,195.080002,2141400,181.823604
2012-08-28,195.559998,196.110001,194.50,194.869995,2539200,181.627868
2012-08-27,197.960007,198.300003,195.610001,195.690002,2498800,182.392153
2012-08-24,194.960007,198.110001,194.199997,197.770004,2639500,184.330811
2012-08-23,197.039993,197.369995,195.440002,195.699997,2757400,182.401469
2012-08-22,198.639999,198.649994,196.899994,197.25,3296100,183.846143
2012-08-21,200.990005,201.00,198.369995,198.649994,3111300,185.151002
2012-08-20,200.690002,201.130005,200.029999,200.50,2336000,186.875294
2012-08-17,201.080002,202.00,200.660004,201.220001,2551800,187.546368
2012-08-16,198.770004,201.320007,198.119995,200.839996,2729500,187.192186
2012-08-15,198.899994,199.330002,197.919998,198.399994,2111800,184.917991
2012-08-14,198.880005,199.330002,197.720001,198.289993,2562300,184.815465
2012-08-13,198.880005,199.979996,197.789993,199.009995,2418300,185.48654
2012-08-10,197.869995,199.369995,197.240005,199.289993,2600500,185.747512
2012-08-09,198.619995,199.460007,197.889999,198.419998,2160100,184.936636
2012-08-08,198.270004,199.690002,198.160004,199.029999,2068300,185.505185
2012-08-07,199.429993,200.880005,198.800003,199.929993,3209400,185.551783
2012-08-06,198.759995,199.940002,198.520004,198.759995,2337800,184.465927
2012-08-03,196.479996,198.949997,196.160004,198.520004,3278100,184.243195
2012-08-02,194.160004,196.600006,193.020004,194.449997,2812600,180.465888
2012-08-01,196.960007,197.850006,194.720001,195.179993,2559300,181.143385
2012-07-31,196.50,197.580002,195.880005,195.979996,3507000,181.885855
2012-07-30,196.320007,197.839996,195.919998,196.679993,2787000,182.535511
2012-07-27,195.100006,197.410004,193.949997,196.389999,4177300,182.266372
2012-07-26,193.490005,194.949997,192.570007,193.949997,3282900,180.001846
2012-07-25,190.309998,192.770004,189.320007,191.080002,3833800,177.33825
2012-07-24,190.919998,191.320007,188.559998,190.339996,3597100,176.651463
2012-07-23,189.779999,191.300003,188.199997,190.830002,3904500,177.106229
2012-07-20,194.089996,194.899994,192.169998,192.449997,4789700,178.60972
2012-07-19,193.399994,196.850006,192.970001,195.339996,10395400,181.291882
2012-07-18,184.149994,188.589996,183.550003,188.25,8019500,174.711771
2012-07-17,185.729996,186.289993,183.199997,183.649994,5158600,170.44258
2012-07-16,185.580002,186.100006,184.580002,184.789993,3144400,171.500595
2012-07-13,183.460007,186.330002,183.029999,186.009995,3933000,172.632858
2012-07-12,184.25,184.389999,181.850006,183.089996,4931300,169.922855
2012-07-11,186.220001,187.360001,183.509995,185.25,5456100,171.92752
2012-07-10,190.300003,191.139999,185.600006,186.259995,4690300,172.864879
2012-07-09,190.759995,191.00,188.050003,189.669998,3988100,176.029648
2012-07-06,193.919998,193.940002,189.740005,191.410004,4952900,177.644519
2012-07-05,194.880005,196.850006,193.630005,195.289993,2690200,181.245475
2012-07-03,195.460007,196.339996,194.910004,195.929993,1450400,181.839448
2012-07-02,196.360001,197.199997,194.850006,195.830002,2827000,181.746648
2012-06-29,194.550003,195.809998,192.410004,195.580002,5259600,181.514627
2012-06-28,191.229996,192.080002,188.899994,191.399994,3967300,177.635229
2012-06-27,192.139999,193.699997,190.899994,193.00,2762700,179.120169
2012-06-26,193.539993,193.679993,190.75,191.949997,3435900,178.145678
2012-06-25,192.479996,193.389999,191.679993,192.860001,3211600,178.990238
2012-06-22,193.869995,194.880005,193.220001,193.699997,8823000,179.769825
2012-06-21,199.070007,199.449997,193.190002,193.389999,4316600,179.482121
2012-06-20,198.699997,199.740005,197.50,198.779999,3378200,184.484492
2012-06-19,198.830002,199.990005,198.800003,198.929993,3297600,184.623699
2012-06-18,197.570007,199.639999,197.169998,198.289993,3378900,184.029726
2012-06-15,196.080002,199.270004,195.399994,199.100006,6389000,184.781486
2012-06-14,193.00,195.830002,192.740005,195.100006,3585000,181.069151
2012-06-13,194.360001,195.190002,192.350006,193.100006,3247700,179.212983
2012-06-12,192.139999,194.669998,192.139999,194.550003,3023700,180.558702
2012-06-11,196.600006,196.699997,192.369995,192.509995,3273300,178.665403
2012-06-08,193.710007,195.139999,192.699997,195.139999,2479200,181.106268
2012-06-07,195.279999,195.830002,193.940002,194.440002,3701100,180.456612
2012-06-06,190.779999,194.00,190.020004,193.990005,3641300,180.038977
2012-06-05,187.919998,189.850006,187.559998,189.199997,3556500,175.593448
2012-06-04,188.339996,189.380005,187.00,188.539993,4624500,174.980909
2012-06-01,190.119995,191.720001,188.600006,189.080002,5206400,175.482082
2012-05-31,194.100006,194.929993,192.00,192.899994,9287500,179.027355
2012-05-30,194.800003,195.470001,193.770004,194.529999,3602500,180.540136
2012-05-29,195.220001,198.080002,195.220001,196.460007,3618500,182.331345
2012-05-25,195.110001,196.00,194.00,194.300003,2901900,180.326681
2012-05-24,195.990005,196.279999,194.00,196.089996,3569300,181.987945
2012-05-23,195.529999,196.490005,193.199997,196.119995,4100000,182.015786
2012-05-22,198.039993,198.259995,196.059998,196.820007,3567100,182.665456
2012-05-21,195.979996,197.929993,194.630005,197.759995,3831700,183.537843
2012-05-18,198.779999,198.779999,195.160004,195.880005,5737100,181.793055
2012-05-17,199.669998,200.789993,197.639999,197.889999,5626300,183.658498
2012-05-16,199.419998,201.350006,198.179993,199.729996,5001000,185.366169
2012-05-15,199.440002,201.470001,198.759995,199.039993,2987400,184.725789
2012-05-14,199.919998,200.710007,198.559998,199.440002,3029200,185.097031
2012-05-11,199.960007,202.119995,199.949997,201.169998,2391500,186.702612
2012-05-10,201.00,203.25,200.020004,200.600006,3830500,186.173611
2012-05-09,199.990005,203.00,199.059998,201.229996,3742500,186.758295
2012-05-08,202.440002,203.059998,199.720001,201.479996,3881500,186.990316
2012-05-07,203.960007,204.770004,202.899994,203.75,3373400,188.308203
2012-05-04,206.470001,207.110001,204.399994,204.990005,4023600,189.454231
2012-05-03,208.270004,208.919998,206.550003,207.240005,2826600,191.533708
2012-05-02,206.970001,208.270004,206.910004,208.059998,2360300,192.291554
2012-05-01,207.179993,208.929993,206.710007,208.00,2715900,192.236104
2012-04-30,206.710007,207.960007,206.320007,207.080002,2773200,191.385831
2012-04-27,206.470001,208.169998,205.910004,206.809998,3496900,191.136289
2012-04-26,203.399994,206.210007,203.399994,205.580002,3302700,189.999513
2012-04-25,202.020004,203.690002,201.800003,203.570007,4003400,188.141851
2012-04-24,199.059998,202.479996,198.869995,200.00,5626300,184.842408
2012-04-23,197.889999,199.100006,196.789993,198.619995,3618800,183.566991
2012-04-20,199.830002,200.119995,199.089996,199.600006,4758200,184.472729
2012-04-19,200.029999,201.259995,197.520004,199.509995,5762900,184.389539
2012-04-18,202.429993,204.070007,200.00,200.130005,10153500,184.96256
2012-04-17,204.570007,207.639999,204.149994,207.449997,6065500,191.727785
2012-04-16,204.740005,205.970001,202.720001,202.720001,3826600,187.356266
2012-04-13,204.320007,204.649994,202.800003,202.800003,3767000,187.430204
2012-04-12,202.800003,205.559998,202.639999,205.320007,2929600,189.759223
2012-04-11,203.990005,204.320007,202.460007,202.580002,3366200,187.226876
2012-04-10,204.940002,205.740005,202.169998,202.330002,4132900,186.995823
2012-04-09,204.399994,206.169998,203.369995,204.940002,3326900,189.408017
2012-04-05,205.149994,205.679993,204.460007,205.470001,3809000,189.897849
2012-04-04,206.220001,206.979996,205.190002,206.050003,4404000,190.433893
2012-04-03,209.309998,210.690002,208.539993,209.50,4091500,193.622422
2012-04-02,208.960007,209.690002,208.089996,209.470001,3387900,193.594697
2012-03-30,208.740005,209.119995,208.009995,208.649994,3215200,192.836836
2012-03-29,206.089996,208.50,206.020004,208.270004,3403700,192.485645
2012-03-28,207.440002,208.690002,206.270004,207.289993,3265700,191.579907
2012-03-27,208.460007,208.660004,207.00,207.179993,2704500,191.478243
2012-03-26,206.449997,207.919998,206.320007,207.770004,3418200,192.023539
2012-03-23,205.889999,205.960007,204.559998,205.479996,3036200,189.907086
2012-03-22,204.00,205.990005,203.960007,205.490005,3307800,189.916337
2012-03-21,204.320007,205.770004,204.300003,204.690002,3329900,189.176964
2012-03-20,204.740005,205.00,203.699997,204.25,3695100,188.770309
2012-03-19,205.710007,206.529999,204.50,205.720001,3763200,190.128902
2012-03-16,207.029999,207.520004,206.009995,206.009995,9637000,190.396917
2012-03-15,204.940002,206.179993,204.740005,206.00,3621100,190.38768
2012-03-14,203.779999,205.149994,203.639999,204.720001,4602300,189.20469
2012-03-13,201.720001,203.899994,201.610001,203.779999,4866000,188.335928
2012-03-12,200.929993,201.570007,200.229996,201.00,3119700,185.76662
2012-03-09,199.979996,201.100006,199.720001,200.619995,3178200,185.415415
2012-03-08,199.240005,199.990005,198.649994,199.809998,3145800,184.666805
2012-03-07,198.089996,198.570007,197.309998,197.770004,3346900,182.781419
2012-03-06,199.139999,199.639999,196.809998,197.259995,5214700,182.310062
2012-03-05,198.360001,201.190002,198.300003,200.660004,6938000,185.452391
2012-03-02,197.100006,198.889999,197.059998,198.809998,3727400,183.742593
2012-03-01,197.229996,198.470001,196.929993,197.529999,3560300,182.559603
2012-02-29,197.860001,199.169998,196.449997,196.729996,5117100,181.82023
2012-02-28,197.75,198.960007,197.429993,197.979996,3167400,182.975495
2012-02-27,196.779999,198.710007,196.100006,197.529999,3758400,182.559603
2012-02-24,198.380005,198.559998,196.610001,197.759995,3353200,182.772168
2012-02-23,193.869995,199.229996,193.279999,197.610001,8032700,182.633541
2012-02-22,193.029999,194.740005,192.75,193.869995,3275800,179.176983
2012-02-21,193.729996,194.240005,192.460007,193.389999,3293600,178.733366
2012-02-17,193.710007,193.860001,192.300003,193.419998,3746500,178.761091
2012-02-16,192.610001,193.25,192.00,193.020004,3525500,178.391412
2012-02-15,192.309998,193.440002,191.259995,192.25,4020900,177.679764
2012-02-14,191.759995,192.600006,190.830002,192.220001,3398100,177.652039
2012-02-13,193.309998,193.690002,191.740005,192.619995,2458800,178.021718
2012-02-10,191.759995,192.429993,191.279999,192.419998,3391100,177.836879
2012-02-09,193.029999,194.460007,192.550003,193.130005,3876400,178.493076
2012-02-08,192.779999,193.580002,191.729996,192.949997,3803800,178.32671
2012-02-07,192.449997,194.139999,191.970001,193.350006,3433000,178.003236
2012-02-06,192.479996,193.759995,192.00,192.820007,3639800,177.515304
2012-02-03,192.929993,194.130005,192.539993,193.639999,4521700,178.270211
2012-02-02,192.720001,193.330002,191.330002,191.529999,3907300,176.327688
2012-02-01,193.210007,194.809998,192.410004,192.619995,5088800,177.331168
2012-01-31,193.089996,193.100006,191.00,192.600006,4826800,177.312765
2012-01-30,189.389999,192.729996,188.220001,192.50,4359000,177.220697
2012-01-27,190.009995,191.770004,189.809998,190.460007,3360400,175.342624
2012-01-26,191.789993,192.789993,190.470001,190.979996,4004700,175.82134
2012-01-25,191.330002,192.240005,189.610001,191.729996,4359700,176.51181
2012-01-24,188.630005,192.300003,188.520004,191.929993,5345700,176.695933
2012-01-23,187.910004,190.520004,187.669998,189.979996,5751700,174.900713
2012-01-20,185.770004,188.970001,184.75,188.520004,12849700,173.556606
2012-01-19,181.789993,182.360001,180.350006,180.520004,8567200,166.19159
2012-01-18,179.830002,181.600006,179.50,181.070007,4600600,166.697937
2012-01-17,180.360001,182.00,179.320007,180.00,6003400,165.71286
2012-01-13,179.479996,179.610001,177.350006,179.160004,5279200,164.939536
2012-01-12,181.860001,181.910004,178.380005,180.550003,6881000,166.219207
2012-01-11,180.729996,182.809998,180.50,182.320007,4110800,167.848721
2012-01-10,183.229996,183.720001,181.199997,181.309998,5161000,166.918879
2012-01-09,182.199997,182.270004,180.270004,181.589996,5201200,167.176653
2012-01-06,184.389999,184.479996,182.309998,182.539993,4897100,168.051246
2012-01-05,184.809998,185.029999,183.100006,184.660004,4463100,170.002985
2012-01-04,185.570007,186.330002,184.940002,185.539993,4346700,170.813127
2012-01-03,186.729996,188.710007,186.00,186.300003,5646000,171.512813
2011-12-30,186.330002,186.479996,183.850006,183.880005,3530900,169.284897
2011-12-29,184.070007,186.229996,184.009995,186.179993,2941600,171.402328
2011-12-28,185.190002,185.399994,183.339996,183.990005,2872000,169.386166
2011-12-27,184.970001,185.850006,184.389999,184.949997,2775200,170.26996
2011-12-23,183.110001,184.850006,181.889999,184.75,3052300,170.085838
2011-12-22,182.710007,182.800003,181.00,182.039993,5052000,167.590933
2011-12-21,183.220001,183.50,179.039993,181.470001,9282500,167.066182
2011-12-20,185.50,187.330002,184.759995,187.240005,4740100,172.378204
2011-12-19,184.509995,184.690002,182.25,182.889999,5039900,168.373471
2011-12-16,188.009995,188.009995,181.910004,183.570007,11849400,168.999505
2011-12-15,190.479996,191.199997,186.889999,187.479996,4474500,172.599146
2011-12-14,189.839996,190.279999,188.00,188.720001,5057700,173.740728
2011-12-13,193.460007,194.300003,190.639999,191.149994,5008400,175.977845
2011-12-12,193.639999,193.899994,191.220001,192.179993,3796100,176.92609
2011-12-09,192.910004,194.869995,192.399994,194.559998,4847900,179.117186
2011-12-08,192.479996,193.800003,191.070007,191.580002,4369000,176.373722
2011-12-07,191.990005,194.899994,191.279999,194.050003,5081700,178.647672
2011-12-06,190.649994,193.529999,190.320007,192.940002,4144900,177.625775
2011-12-05,191.179993,193.610001,190.380005,190.839996,5699400,175.692453
2011-12-02,189.919998,191.330002,189.449997,189.660004,4962200,174.60612
2011-12-01,187.009995,189.990005,186.770004,189.449997,4858800,174.412782
2011-11-30,184.570007,188.350006,184.210007,188.00,7836800,173.077876
2011-11-29,182.020004,183.309998,180.839996,180.940002,3661600,166.578251
2011-11-28,182.710007,182.929993,180.669998,182.210007,4524200,167.747451
2011-11-25,178.009995,179.559998,177.059998,177.059998,2232800,163.006214
2011-11-23,180.669998,181.490005,177.520004,177.949997,4800900,163.825571
2011-11-22,182.220001,182.979996,180.289993,181.309998,4178600,166.918879
2011-11-21,183.369995,183.960007,180.00,181.479996,5145100,167.075384
2011-11-18,186.710007,186.970001,184.660004,185.240005,4440900,170.53695
2011-11-17,186.809998,188.830002,183.389999,185.729996,5840500,170.988048
2011-11-16,187.820007,189.899994,186.300003,186.619995,4616800,171.807406
2011-11-15,187.490005,189.970001,185.639999,188.75,4585300,173.768346
2011-11-14,189.169998,189.839996,186.850006,187.350006,6038600,172.479474
2011-11-11,185.270004,187.830002,185.139999,187.380005,3665300,172.507091
2011-11-10,183.580002,184.770004,181.869995,183.350006,3881600,168.796966
2011-11-09,184.199997,185.240005,181.160004,182.240005,5494800,167.775069
2011-11-08,187.479996,187.880005,185.509995,187.25,4330600,172.387405
2011-11-07,186.220001,187.729996,184.75,187.320007,3530800,171.761392
2011-11-04,186.270004,187.139999,184.740005,186.380005,3237600,170.899466
2011-11-03,185.130005,187.779999,184.020004,187.300003,4953500,171.74305
2011-11-02,184.00,185.25,183.029999,183.919998,4136600,168.643785
2011-11-01,181.550003,183.259995,180.740005,181.350006,5881200,166.287254
2011-10-31,185.589996,186.910004,184.630005,184.630005,4710000,169.294819
2011-10-28,185.570007,188.070007,185.279999,187.449997,5009800,171.880585
2011-10-27,184.990005,187.00,183.179993,185.880005,7057800,170.440995
2011-10-26,181.740005,182.279999,179.029999,181.970001,5387700,166.855753
2011-10-25,181.660004,182.970001,180.009995,180.360001,5373100,165.379477
2011-10-24,181.509995,183.389999,180.619995,182.25,5890600,167.112495
2011-10-21,179.110001,181.669998,178.75,181.630005,8054200,166.543996
2011-10-20,178.130005,179.240005,176.169998,177.25,7513800,162.52779
2011-10-19,179.679993,179.809998,177.009995,177.389999,6708300,162.656161
2011-10-18,178.00,179.380005,176.25,178.899994,15729400,164.040737
2011-10-17,189.710007,190.160004,185.899994,186.589996,8790300,171.092015
2011-10-14,188.190002,190.529999,187.729996,190.529999,5368200,174.704765
2011-10-13,184.970001,187.50,184.50,186.820007,4399200,171.302922
2011-10-12,186.080002,188.00,185.649994,186.119995,5338200,170.661052
2011-10-11,184.589996,186.00,184.110001,185.00,5330500,169.634083
2011-10-10,183.00,186.630005,182.899994,186.619995,5784800,171.119523
2011-10-07,182.320007,183.720001,181.639999,182.389999,6842600,167.240866
2011-10-06,176.809998,181.990005,175.660004,181.690002,7180900,166.59901
2011-10-05,174.570007,177.300003,172.679993,176.850006,5851700,162.161019
2011-10-04,171.539993,175.070007,168.880005,174.740005,9200000,160.226273
2011-10-03,174.360001,177.919998,173.039993,173.289993,9042600,158.896698
2011-09-30,176.009995,178.270004,174.75,174.869995,7807400,160.345466
2011-09-29,179.690002,180.910004,175.529999,179.169998,6944300,164.288315
2011-09-28,177.970001,180.75,177.080002,177.550003,7732200,162.802875
2011-09-27,176.820007,179.619995,176.429993,177.710007,7638800,162.949589
2011-09-26,170.960007,174.699997,169.860001,174.509995,6745700,160.015367
2011-09-23,166.990005,169.539993,165.759995,169.339996,5586600,155.274783
2011-09-22,168.330002,169.970001,166.50,168.619995,8195600,154.614585
2011-09-21,175.00,177.669998,172.619995,173.020004,7043100,158.649134
2011-09-20,173.570007,177.429993,172.699997,174.720001,6209600,160.20793
2011-09-19,169.50,173.869995,169.429993,173.130005,4755600,158.749998
2011-09-16,171.330002,172.990005,169.740005,172.990005,11048100,158.621626
2011-09-15,168.639999,170.160004,167.229996,170.089996,5464400,155.962489
2011-09-14,164.009995,169.660004,161.990005,167.240005,6980700,153.349216
2011-09-13,163.639999,163.919998,161.539993,163.429993,4723800,149.855659
2011-09-12,160.039993,162.440002,158.759995,162.419998,5247200,148.929553
2011-09-09,164.570007,165.190002,160.809998,161.369995,6743900,147.966763
2011-09-08,167.00,169.580002,165.100006,165.25,6027200,151.524498
2011-09-07,167.279999,167.899994,166.160004,167.309998,6796600,153.413394
2011-09-06,163.059998,165.550003,162.199997,165.110001,5761200,151.396127
2011-09-02,167.690002,168.929993,166.00,166.979996,4979100,153.110802
2011-09-01,172.710007,173.679993,170.119995,170.330002,5463900,156.18256
2011-08-31,173.289993,173.720001,170.710007,171.910004,6074200,157.631328
2011-08-30,172.059998,173.509995,170.880005,172.509995,4477700,158.181485
2011-08-29,170.580002,172.720001,170.360001,172.619995,5293400,158.282349
2011-08-26,164.850006,169.330002,163.279999,169.139999,6438200,155.091398
2011-08-25,167.520004,168.529999,164.850006,165.580002,6751600,151.82709
2011-08-24,164.130005,166.830002,163.350006,166.759995,6427000,152.909074
2011-08-23,160.649994,164.589996,159.529999,164.320007,6923300,150.67175
2011-08-22,161.350006,161.679993,157.619995,158.979996,7249100,145.775274
2011-08-19,162.169998,163.940002,157.130005,157.539993,14068600,144.454877
2011-08-18,166.320007,166.460007,160.160004,163.830002,15082600,150.222444
2011-08-17,171.570007,172.990005,169.889999,171.479996,5129700,157.237037
2011-08-16,172.190002,172.190002,169.00,171.240005,5585400,157.01698
2011-08-15,171.320007,174.00,170.389999,172.990005,7645400,158.621626
2011-08-12,168.50,169.380005,165.830002,168.199997,5187000,154.229471
2011-08-11,164.100006,168.770004,162.940002,166.729996,9175600,152.881567
2011-08-10,168.179993,169.229996,161.850006,162.539993,13993600,149.039582
2011-08-09,167.460007,171.050003,162.00,170.610001,12517600,156.439302
2011-08-08,168.830002,172.610001,166.00,166.220001,15804900,152.413932
2011-08-05,172.100006,174.220001,166.520004,172.979996,11871800,157.924744
2011-08-04,176.50,177.919998,171.179993,171.479996,11022300,156.555296
2011-08-03,177.669998,179.229996,175.410004,178.830002,6722000,163.265597
2011-08-02,179.949997,182.289993,177.860001,178.050003,5770400,162.553485
2011-08-01,182.600006,183.690002,178.50,180.75,5842700,165.018488
2011-07-29,180.259995,183.429993,179.729996,181.850006,6665600,166.022756
2011-07-28,181.059998,183.270004,180.880005,181.800003,4478800,165.977105
2011-07-27,182.009995,182.910004,180.929993,181.350006,5806800,165.566273
2011-07-26,182.940002,184.050003,182.649994,182.929993,4356200,167.008746
2011-07-25,183.889999,184.960007,183.279999,183.699997,4987000,167.711733
2011-07-22,184.639999,185.630005,184.259995,185.179993,4516100,169.062918
2011-07-21,183.589996,185.50,182.899994,184.899994,4958400,168.807289
2011-07-20,183.839996,184.419998,183.00,183.649994,5901100,167.666082
2011-07-19,178.740005,185.210007,178.649994,185.210007,13245600,169.09032
2011-07-18,174.729996,176.460007,173.580002,175.279999,8879700,160.024567
2011-07-15,175.080002,175.940002,174.070007,175.539993,5347100,160.261933
2011-07-14,174.399994,176.100006,173.839996,174.229996,4613100,159.06595
2011-07-13,174.899994,176.320007,174.00,174.320007,4074800,159.148128
2011-07-12,174.929993,175.369995,173.889999,174.050003,5036800,158.901623
2011-07-11,174.899994,176.149994,174.610001,174.990005,4766500,159.759813
2011-07-08,175.490005,176.490005,175.009995,176.490005,4399900,161.129261
2011-07-07,176.779999,177.270004,176.119995,176.479996,5905600,161.120122
2011-07-06,175.190002,177.770004,175.089996,177.710007,5885900,162.24308
2011-07-05,173.520004,175.429993,173.520004,175.429993,4586500,160.161506
2011-07-01,171.610001,174.649994,171.490005,174.539993,5181700,159.348967
2011-06-30,171.110001,172.449997,170.75,171.550003,5105200,156.61921
2011-06-29,170.610001,170.860001,169.820007,170.539993,3817100,155.697106
2011-06-28,168.330002,170.699997,168.009995,170.009995,4850000,155.213235
2011-06-27,165.740005,168.240005,165.210007,167.619995,4446700,153.031249
2011-06-24,165.850006,165.940002,164.570007,165.070007,4402600,150.703198
2011-06-23,164.059998,166.729996,163.800003,166.119995,5271500,151.661801
2011-06-22,165.589996,166.809998,165.100006,165.679993,3960500,151.260094
2011-06-21,165.199997,166.75,164.00,166.220001,5387300,151.753103
2011-06-20,163.699997,165.610001,163.589996,165.020004,3956100,150.657547
2011-06-17,164.240005,165.100006,163.580002,164.440002,7149700,150.128026
2011-06-16,162.059998,163.630005,161.779999,162.669998,4861100,148.512073
2011-06-15,162.75,163.410004,161.520004,162.330002,5225600,148.201668
2011-06-14,163.869995,164.570007,163.649994,164.119995,7050000,149.83587
2011-06-13,164.440002,164.460007,162.729996,163.169998,5099200,148.968556
2011-06-10,164.570007,164.839996,162.869995,163.179993,4683300,148.97768
2011-06-09,165.009995,165.960007,164.759995,164.839996,4299800,150.493206
2011-06-08,163.270004,164.850006,163.259995,164.339996,3850800,150.036723
2011-06-07,165.110001,165.240005,163.610001,163.690002,4187000,149.443302
2011-06-06,164.759995,165.580002,164.270004,164.75,3619700,150.411043
2011-06-03,164.300003,165.889999,164.130005,165.050003,5230500,150.684935
2011-06-02,166.440002,167.100006,165.710007,166.089996,3854100,151.634413
2011-06-01,168.899994,169.580002,166.50,166.559998,5134600,152.063508
2011-05-31,168.440002,169.889999,167.820007,168.929993,9123400,154.227231
2011-05-27,167.910004,168.470001,167.00,167.50,3277600,152.921697
2011-05-26,167.460007,167.50,165.899994,167.179993,5771300,152.629542
2011-05-25,167.630005,168.399994,167.509995,167.75,3882100,153.149939
2011-05-24,168.50,168.669998,167.509995,167.990005,4643600,153.369055
2011-05-23,168.580002,168.690002,167.070007,168.259995,5144000,153.615546
2011-05-20,170.399994,171.149994,169.380005,170.160004,4869900,155.350189
2011-05-19,170.860001,171.399994,169.320007,170.589996,3538300,155.742757
2011-05-18,170.100006,171.190002,169.460007,170.440002,4154300,155.605818
2011-05-17,167.850006,171.410004,166.529999,170.50,8773200,155.660593
2011-05-16,169.809998,170.639999,168.309998,168.860001,4662200,154.163331
2011-05-13,171.699997,172.149994,169.440002,169.919998,5167400,155.131072
2011-05-12,169.649994,172.770004,168.649994,172.240005,5138500,157.249158
2011-05-11,170.300003,170.520004,167.820007,169.50,4663200,154.747628
2011-05-10,169.25,170.899994,169.220001,170.380005,4934800,155.551042
2011-05-09,168.389999,169.850006,168.309998,169.100006,3594800,154.382447
2011-05-06,169.029999,170.149994,168.240005,168.889999,4839400,154.190719
2011-05-05,170.470001,170.869995,167.50,168.460007,7332000,153.113424
2011-05-04,172.360001,172.619995,169.589996,170.619995,6890300,155.076639
2011-05-03,172.00,173.479996,171.229996,172.869995,5007700,157.121666
2011-05-02,172.110001,173.539993,171.490005,172.149994,5396200,156.467256
2011-04-29,171.100006,173.00,170.479996,170.580002,5587700,155.04029
2011-04-28,169.990005,171.380005,169.699997,170.779999,5087700,155.222067
2011-04-27,168.610001,170.589996,168.460007,170.369995,5299700,154.849414
2011-04-26,167.990005,169.199997,167.399994,168.490005,7300000,153.14069
2011-04-25,167.649994,168.770004,167.229996,167.669998,3583800,152.395385
2011-04-21,165.630005,168.449997,164.860001,168.279999,6158400,152.949815
2011-04-20,163.100006,165.889999,162.190002,164.75,10891800,149.741397
2011-04-19,165.710007,166.380005,164.440002,165.399994,6547100,150.332176
2011-04-18,164.639999,166.160004,162.860001,165.940002,6160700,150.822991
2011-04-15,165.00,166.339996,164.869995,166.210007,5287400,151.068398
2011-04-14,163.839996,165.360001,163.160004,164.970001,4699100,149.941356
2011-04-13,163.970001,164.929993,163.660004,163.949997,4181900,149.014273
2011-04-12,163.360001,163.770004,162.300003,163.25,3860600,148.378045
2011-04-11,163.440002,164.00,163.110001,163.949997,4139000,149.014273
2011-04-08,164.350006,164.380005,163.160004,164.050003,3324100,149.105169
2011-04-07,164.100006,164.550003,163.279999,164.380005,3666700,149.405108
2011-04-06,164.339996,164.75,163.809998,164.039993,3774800,149.096071
2011-04-05,163.809998,164.699997,163.619995,163.990005,3612000,149.050637
2011-04-04,164.419998,164.729996,163.580002,164.25,3225100,149.286946
2011-04-01,163.699997,164.419998,163.039993,164.270004,4381900,149.305128
2011-03-31,163.399994,164.059998,163.070007,163.070007,3860800,148.21445
2011-03-30,163.550003,163.990005,163.020004,163.600006,3394100,148.696166
2011-03-29,161.339996,163.089996,161.149994,162.880005,3456700,148.041757
2011-03-28,161.539993,162.580002,161.119995,161.369995,3972800,146.669308
2011-03-25,160.979996,162.740005,160.759995,162.179993,5348100,147.405515
2011-03-24,160.229996,160.710007,158.839996,160.039993,5145800,145.460468
2011-03-23,158.00,160.080002,157.529999,159.529999,4782500,144.996934
2011-03-22,158.559998,158.610001,157.520004,158.00,4311400,143.606317
2011-03-21,157.639999,159.630005,157.070007,157.679993,5784000,143.315462
2011-03-18,156.50,156.949997,154.320007,155.889999,11450000,141.688535
2011-03-17,154.00,154.50,152.699997,154.179993,7376400,140.134309
2011-03-16,156.520004,156.979996,151.710007,153.00,12195300,139.061813
2011-03-15,157.350006,159.639999,156.880005,159.020004,6475800,144.533399
2011-03-14,161.160004,161.979996,160.089996,161.389999,4300500,146.68749
2011-03-11,162.399994,163.240005,160.839996,162.429993,4271000,147.63274
2011-03-10,164.639999,164.669998,161.380005,162.020004,7041400,147.260101
2011-03-09,163.470001,167.720001,163.279999,165.860001,9086600,150.750277
2011-03-08,159.699997,163.429993,159.210007,162.279999,5384800,147.496411
2011-03-07,161.600006,162.979996,158.850006,159.929993,5312000,145.360488
2011-03-04,163.399994,164.309998,160.649994,161.830002,4910700,147.087408
2011-03-03,161.419998,164.00,161.270004,163.479996,4057800,148.587089
2011-03-02,159.429993,161.110001,159.410004,160.160004,3413000,145.569545
2011-03-01,163.149994,163.149994,159.880005,159.970001,4382800,145.396852
2011-02-28,162.360001,162.990005,161.240005,161.880005,4773000,147.132856
2011-02-25,161.059998,162.339996,160.860001,162.279999,4518400,147.496411
2011-02-24,159.630005,161.270004,159.029999,160.770004,5707500,146.123975
2011-02-23,161.809998,162.679993,160.139999,160.179993,5998100,145.587714
2011-02-22,163.570007,164.259995,161.779999,161.949997,5209300,147.196472
2011-02-18,164.460007,164.839996,164.100006,164.839996,4245000,149.823194
2011-02-17,163.300003,164.669998,162.850006,164.240005,3230500,149.277862
2011-02-16,163.330002,163.600006,162.75,163.399994,3216000,148.514375
2011-02-15,162.889999,163.570007,162.520004,162.839996,3768700,148.005393
2011-02-14,164.179993,164.380005,162.850006,163.220001,4129800,148.35078
2011-02-11,163.979996,165.009995,163.309998,163.850006,5185200,148.923391
2011-02-10,163.899994,165.00,163.179993,164.089996,5737800,149.141519
2011-02-09,165.619995,165.970001,164.100006,164.649994,4633600,149.650501
2011-02-08,164.820007,166.25,164.320007,166.050003,5612600,150.92297
2011-02-07,164.080002,164.990005,164.020004,164.820007,4928100,149.214238
2011-02-04,163.479996,164.139999,163.220001,164.00,3755200,148.471872
2011-02-03,163.160004,164.199997,162.809998,163.529999,4683400,148.046372
2011-02-02,163.399994,163.600006,162.610001,163.300003,3904000,147.838153
2011-02-01,162.110001,163.940002,162.00,163.559998,5831300,148.073531
2011-01-31,159.179993,162.00,158.679993,162.00,7197200,146.66124
2011-01-28,161.050003,161.919998,158.669998,159.210007,6725600,144.135413
2011-01-27,161.429993,162.179993,160.860001,161.070007,4878300,145.819302
2011-01-26,161.669998,161.899994,160.419998,161.039993,5353100,145.79213
2011-01-25,159.210007,164.350006,159.00,161.440002,8260800,146.154265
2011-01-24,155.419998,159.789993,155.330002,159.630005,7285100,144.515644
2011-01-21,156.399994,156.779999,154.960007,155.50,7009000,140.776684
2011-01-20,154.529999,155.960007,154.449997,155.800003,7439900,141.048281
2011-01-19,153.259995,156.130005,152.830002,155.690002,12141000,140.948696
2011-01-18,149.820007,151.460007,149.380005,150.649994,9176900,136.385894
2011-01-14,148.889999,150.00,148.470001,150.00,4544200,135.797444
2011-01-13,149.240005,149.289993,148.25,148.820007,3445800,134.729177
2011-01-12,147.990005,149.289993,147.669998,149.100006,4091500,134.982665
2011-01-11,148.199997,148.350006,146.75,147.279999,4163600,133.334983
2011-01-10,147.580002,148.059998,147.229996,147.639999,3633400,133.660897
2011-01-07,148.789993,148.860001,146.940002,147.929993,4135700,133.923433
2011-01-06,147.130005,148.789993,146.820007,148.660004,5029200,134.584323
2011-01-05,147.339996,147.479996,146.729996,147.050003,4657400,133.126764
2011-01-04,147.559998,148.220001,146.639999,147.639999,5060100,133.660897
2011-01-03,147.210007,148.199997,147.139999,147.479996,4603800,133.516043
2010-12-31,146.729996,147.070007,145.960007,146.759995,2969800,132.864214
2010-12-30,146.360001,147.110001,146.25,146.669998,3039100,132.782739
2010-12-29,146.00,147.50,145.710007,146.520004,3661100,132.646947
2010-12-28,145.309998,146.149994,145.059998,145.710007,2699600,131.913643
2010-12-27,145.119995,145.699997,145.00,145.339996,2314700,131.578667
2010-12-23,145.889999,146.330002,145.330002,145.889999,2424500,132.076593
2010-12-22,145.660004,146.399994,145.580002,145.949997,3388800,132.13091
2010-12-21,144.990005,145.990005,144.330002,145.740005,3777100,131.940802
2010-12-20,145.389999,145.539993,144.389999,144.509995,3995000,130.827253
2010-12-17,144.690002,145.50,144.399994,145.00,10027000,131.270863
2010-12-16,144.839996,145.320007,144.149994,144.550003,4178600,130.863473
2010-12-15,145.130005,145.720001,144.309998,144.720001,4447400,131.017375
2010-12-14,144.259995,146.009995,144.259995,145.820007,4800800,132.013229
2010-12-13,145.139999,145.399994,144.210007,144.279999,4741000,130.619034
2010-12-10,144.880005,144.949997,143.729996,144.820007,3503800,131.107912
2010-12-09,145.940002,145.940002,143.520004,144.300003,4405300,130.637144
2010-12-08,144.350006,145.649994,143.839996,144.979996,4961400,131.252752
2010-12-07,146.020004,146.300003,143.869995,144.020004,4828600,130.383656
2010-12-06,144.539993,145.869995,144.520004,144.990005,3321800,131.261814
2010-12-03,144.25,145.679993,144.25,145.380005,3710600,131.614887
2010-12-02,144.330002,145.850006,144.300003,145.179993,5374000,131.433813
2010-12-01,143.610001,145.130005,143.509995,144.410004,6822800,130.736729
2010-11-30,142.240005,142.759995,141.279999,141.460007,7674800,128.066049
2010-11-29,143.529999,143.669998,141.50,142.889999,5040300,129.360645
2010-11-26,145.300003,145.300003,143.570007,143.899994,2081300,130.275009
2010-11-24,143.949997,146.440002,143.820007,145.809998,4874100,132.004167
2010-11-23,144.240005,144.529999,142.330002,143.179993,4570300,129.62318
2010-11-22,144.00,145.429993,143.559998,145.389999,3730700,131.623935
2010-11-19,144.380005,145.350006,143.990005,145.050003,5015900,131.316131
2010-11-18,143.039993,144.990005,142.75,144.360001,4236200,130.691461
2010-11-17,142.490005,142.490005,141.389999,141.949997,4785900,128.509645
2010-11-16,142.929993,143.380005,141.179993,142.240005,6342100,128.772195
2010-11-15,143.889999,144.75,143.270004,143.639999,3827700,130.039632
2010-11-12,144.589996,145.770004,143.550003,143.740005,4731500,130.130169
2010-11-11,144.699997,145.50,143.350006,145.429993,4752200,131.660142
2010-11-10,146.089996,146.789993,145.630005,146.550003,5172000,132.674106
2010-11-09,146.699997,147.529999,145.630005,146.139999,5700600,132.302923
2010-11-08,145.350006,146.580002,145.25,146.460007,4459700,132.59263
2010-11-05,145.940002,146.929993,145.669998,146.919998,4995800,132.420616
2010-11-04,144.820007,146.839996,144.710007,146.789993,6622500,132.303441
2010-11-03,144.240005,144.460007,142.630005,144.169998,5182100,129.942011
2010-11-02,143.850006,144.710007,143.710007,143.839996,4626400,129.644577
2010-11-01,143.639999,144.259995,142.320007,143.320007,5674600,129.175905
2010-10-29,140.899994,144.00,140.75,143.600006,8439300,129.428271
2010-10-28,141.839996,141.949997,140.419998,140.899994,5481600,126.99472
2010-10-27,139.520004,141.570007,139.00,141.429993,6465300,127.472414
2010-10-26,139.289993,142.00,138.529999,140.669998,7327100,126.787422
2010-10-25,140.419998,141.399994,139.809998,139.839996,4870000,126.039333
2010-10-22,140.149994,140.75,139.460007,139.669998,4105300,125.886111
2010-10-21,139.809998,140.490005,138.399994,139.830002,6221200,126.030324
2010-10-20,138.279999,139.869995,138.130005,139.070007,6945500,125.345333
2010-10-19,137.300003,139.339996,136.699997,138.029999,14159100,124.407962
2010-10-18,140.899994,143.029999,140.839996,142.830002,10322700,128.734257
2010-10-15,142.100006,142.100006,140.539993,141.059998,7220400,127.138933
2010-10-14,140.350006,141.50,139.690002,141.50,5653100,127.535512
2010-10-13,139.910004,141.479996,139.779999,140.369995,8784300,126.517026
2010-10-12,138.399994,139.990005,138.270004,139.850006,5637300,126.048354
2010-10-11,138.789993,139.940002,138.639999,139.660004,4004300,125.877103
2010-10-08,138.399994,139.089996,138.059998,138.850006,4540800,125.147043
2010-10-07,137.919998,138.880005,137.520004,138.720001,6440800,125.029869
2010-10-06,136.880005,137.960007,136.830002,137.839996,4783000,124.23671
2010-10-05,136.179993,137.899994,136.119995,137.660004,6202500,124.074481
2010-10-04,135.229996,135.919998,134.389999,135.25,4059900,121.902318
2010-10-01,135.509995,136.279999,135.089996,135.639999,5621200,122.253829
2010-09-30,135.50,136.110001,133.669998,134.139999,6425800,120.901862
2010-09-29,134.399994,135.800003,134.339996,135.479996,5151200,122.109616
2010-09-28,134.669998,135.139999,133.710007,134.889999,7481300,121.577846
2010-09-27,133.509995,135.00,133.509995,134.649994,6155400,121.361526
2010-09-24,132.419998,134.149994,132.339996,134.110001,7122400,120.874824
2010-09-23,131.419998,132.779999,131.220001,131.669998,3898800,118.675623
2010-09-22,131.610001,132.580002,131.399994,132.570007,4922400,119.486811
2010-09-21,131.449997,132.800003,130.779999,131.979996,5267900,118.955027
2010-09-20,130.240005,132.089996,130.110001,131.789993,7145500,118.783776
2010-09-17,129.919998,130.600006,129.699997,130.190002,10397400,117.341686
2010-09-16,129.199997,129.949997,128.800003,129.669998,4685000,116.873001
2010-09-15,128.649994,129.960007,128.539993,129.429993,4762500,116.656681
2010-09-14,128.429993,129.919998,128.429993,128.850006,4850500,116.133933
2010-09-13,128.630005,130.00,128.520004,129.610001,5271300,116.818924
2010-09-10,126.989998,128.289993,126.260002,127.989998,4418700,115.358798
2010-09-09,127.269997,127.57,126.150002,126.360001,3436700,113.889664
2010-09-08,126.019997,126.519997,125.389999,126.080002,4477500,113.637298
2010-09-07,126.989998,127.360001,125.879997,125.949997,4353300,113.520123
2010-09-03,126.220001,127.599998,125.900002,127.580002,5142900,114.989264
2010-09-02,126.029999,126.230003,124.650002,125.040001,5103300,112.699933
2010-09-01,125.309998,126.309998,124.519997,125.769997,5623100,113.357886
2010-08-31,123.309998,123.989998,122.279999,123.129997,5624200,110.978426
2010-08-30,125.080002,125.269997,123.400002,123.400002,3604000,111.221784
2010-08-27,123.830002,124.800003,122.419998,124.730003,6214200,112.420529
2010-08-26,125.779999,125.779999,122.779999,122.779999,7746600,110.662968
2010-08-25,124.57,125.599998,124.00,125.269997,5235300,112.907231
2010-08-24,125.209999,126.019997,124.57,124.900002,5621200,112.57375
2010-08-23,127.57,128.029999,126.440002,126.470001,4034400,113.988808
2010-08-20,128.720001,128.979996,126.959999,127.50,6246300,114.917158
2010-08-19,128.669998,129.589996,128.020004,128.899994,5402400,116.178988
2010-08-18,128.869995,130.199997,127.800003,129.389999,4883200,116.620635
2010-08-17,128.830002,129.850006,127.900002,128.449997,4298300,115.7734
2010-08-16,127.470001,128.229996,126.959999,127.769997,4009200,115.160509
2010-08-13,127.959999,128.460007,127.330002,127.870003,4669400,115.250645
2010-08-12,127.690002,128.779999,127.519997,128.300003,5132200,115.638209
2010-08-11,130.690002,130.690002,129.460007,129.830002,6316100,117.017214
2010-08-10,131.179993,132.490005,130.770004,131.839996,5471700,118.828844
2010-08-09,130.789993,132.339996,130.399994,132.00,6131700,118.973057
2010-08-06,130.410004,130.479996,128.759995,130.139999,6136200,117.296618
2010-08-05,130.729996,131.979996,130.529999,131.830002,4520600,118.233983
2010-08-04,130.460007,131.50,129.850006,131.270004,4567500,117.73174
2010-08-03,130.029999,131.039993,129.330002,130.369995,5091800,116.924551
2010-08-02,129.25,131.199997,129.25,130.759995,6437500,117.274329
2010-07-30,127.43,128.979996,127.040001,128.399994,6021000,115.157722
2010-07-29,129.059998,129.50,127.139999,128.020004,8994200,114.816922
2010-07-28,128.669998,129.350006,127.879997,128.429993,4248800,115.184627
2010-07-27,128.779999,129.169998,127.889999,128.630005,4648200,115.364011
2010-07-26,128.179993,128.429993,127.139999,128.410004,5174900,115.166699
2010-07-23,127.300003,128.800003,127.00,128.380005,5078000,115.139795
2010-07-22,126.32,127.779999,126.050003,127.470001,6909000,114.323642
2010-07-21,126.440002,126.50,124.620003,125.269997,8615500,112.350531
2010-07-20,122.970001,126.559998,122.93,126.550003,16337400,113.498526
2010-07-19,128.669998,130.380005,128.369995,129.789993,8388600,116.404367
2010-07-16,129.960007,130.149994,127.849998,128.029999,7002900,114.825886
2010-07-15,129.869995,130.919998,129.550003,130.720001,6186800,117.23846
2010-07-14,129.320007,131.600006,129.139999,130.720001,6607200,117.23846
2010-07-13,128.970001,130.979996,128.690002,130.479996,6687700,117.023207
2010-07-12,127.370003,128.830002,127.160004,128.669998,4206900,115.39988
2010-07-09,127.900002,128.199997,127.290001,127.959999,3898000,114.763105
2010-07-08,127.370003,128.149994,126.739998,127.970001,5439300,114.772076
2010-07-07,123.470001,127.120003,123.470001,127.00,7090300,113.902114
2010-07-06,123.580002,124.629997,122.169998,123.459999,6348700,110.727204
2010-07-02,123.290001,123.290001,120.610001,121.860001,6454500,109.292218
2010-07-01,123.550003,124.209999,121.610001,122.57,9742100,109.928992
2010-06-30,124.830002,125.220001,123.00,123.480003,8018000,110.745145
2010-06-29,127.349998,128.399994,124.120003,125.089996,9376200,112.189094
2010-06-28,127.650002,129.470001,127.220001,128.979996,6335100,115.677907
2010-06-25,128.339996,129.100006,127.120003,127.120003,10420400,114.00974
2010-06-24,129.570007,129.729996,127.699997,128.190002,5565500,114.969388
2010-06-23,129.25,131.470001,129.089996,130.110001,6855800,116.691371
2010-06-22,130.369995,131.470001,129.070007,129.300003,6030200,115.964911
2010-06-21,131.419998,131.940002,130.220001,130.649994,6857800,117.175673
2010-06-18,131.020004,131.25,130.130005,130.149994,9581400,116.727239
2010-06-17,130.070007,131.029999,129.860001,130.979996,5571000,117.471641
2010-06-16,128.339996,130.679993,128.339996,130.350006,6401000,116.906624
2010-06-15,128.929993,129.949997,128.369995,129.789993,6652500,116.404367
2010-06-14,128.50,129.970001,128.490005,128.50,6753000,115.247414
2010-06-11,126.730003,128.800003,126.440002,128.449997,5820200,115.202568
2010-06-10,125.989998,128.220001,125.800003,127.68,7479700,114.511984
2010-06-09,124.830002,125.839996,123.580002,123.900002,7795500,111.121827
2010-06-08,124.260002,124.459999,122.82,123.720001,8399200,110.960391
2010-06-07,125.57,125.860001,124.129997,124.129997,6951400,111.328103
2010-06-04,126.370003,127.099998,124.669998,125.279999,9669200,112.359501
2010-06-03,127.75,128.220001,126.459999,127.959999,6645300,114.763105
2010-06-02,124.849998,127.50,124.349998,127.410004,7705300,114.269832
2010-06-01,124.690002,126.879997,124.199997,124.339996,7135400,111.516444
2010-05-28,125.959999,126.279999,124.290001,125.260002,7421900,112.341567
2010-05-27,125.050003,126.389999,124.769997,126.389999,7725900,113.355024
2010-05-26,124.889999,125.940002,123.00,123.230003,9083200,110.520928
2010-05-25,121.470001,124.949997,121.470001,124.519997,9494800,111.67788
2010-05-24,125.260002,126.019997,124.040001,124.449997,6868600,111.6151
2010-05-21,122.160004,125.610001,121.400002,125.419998,12639500,112.485062
2010-05-20,127.220001,127.959999,123.68,123.800003,13176500,111.032142
2010-05-19,129.369995,130.50,127.82,128.860001,8669300,115.570287
2010-05-18,131.259995,131.990005,129.899994,129.949997,9330000,116.547869
2010-05-17,130.679993,131.759995,128.699997,130.440002,8923400,116.987338
2010-05-14,131.059998,131.669998,129.410004,131.190002,9920100,117.659989
2010-05-13,130.929993,133.100006,130.850006,131.479996,10497800,117.920074
2010-05-12,127.160004,132.850006,127.010002,132.679993,16626900,118.996312
2010-05-11,125.209999,128.419998,125.150002,126.889999,6498900,113.803458
2010-05-10,126.269997,126.669998,125.059998,126.269997,8463900,113.247398
2010-05-07,123.360001,124.389999,120.00,122.099998,10584800,109.507464
2010-05-06,126.290001,127.93,116.00,123.919998,13168800,111.139762
2010-05-05,127.120003,128.229996,126.870003,127.459999,6072800,113.731708
2010-05-04,128.889999,128.929993,126.57,128.119995,8285000,114.320618
2010-05-03,129.389999,130.139999,128.800003,129.600006,4992100,115.641222
2010-04-30,130.429993,130.639999,128.839996,129.00,6266700,115.10584
2010-04-29,130.550003,131.210007,130.149994,130.460007,5786900,116.408594
2010-04-28,129.399994,130.470001,129.029999,130.100006,7122300,116.087368
2010-04-27,129.899994,132.00,128.710007,128.820007,10916700,114.945234
2010-04-26,129.759995,131.039993,129.539993,130.729996,5285400,116.649504
2010-04-23,129.080002,130.100006,128.710007,129.990005,6197300,115.989215
2010-04-22,128.639999,129.360001,127.769997,129.130005,6018500,115.221843
2010-04-21,129.869995,130.270004,128.50,128.990005,7559200,115.096922
2010-04-20,129.199997,130.330002,128.259995,129.690002,15216500,115.721525
2010-04-19,130.380005,132.279999,130.380005,132.229996,11353700,117.987944
2010-04-16,130.679993,132.169998,130.25,130.630005,9546200,116.560283
2010-04-15,130.529999,131.139999,130.190002,130.889999,6425300,116.792274
2010-04-14,129.729996,131.419998,129.460007,131.25,8545800,117.1135
2010-04-13,128.259995,129.429993,127.839996,129.029999,6819100,115.132608
2010-04-12,128.570007,128.960007,128.240005,128.360001,3992300,114.534773
2010-04-09,127.879997,128.869995,127.120003,128.759995,5185100,114.891685
2010-04-08,128.039993,128.229996,127.199997,127.610001,6006900,113.865553
2010-04-07,128.529999,129.270004,128.009995,128.479996,5157000,114.641844
2010-04-06,128.679993,129.300003,128.050003,128.929993,3926300,115.043373
2010-04-05,128.380005,129.800003,128.139999,129.350006,4118700,115.418148
2010-04-01,128.949997,129.309998,127.550003,128.25,4980500,114.43662
2010-03-31,128.229996,128.75,127.650002,128.25,4904800,114.43662
2010-03-30,128.899994,129.130005,128.25,128.770004,3426600,114.900616
2010-03-29,129.300003,129.949997,128.259995,128.589996,4643000,114.739997
2010-03-26,128.929993,129.779999,128.720001,129.259995,5550800,115.337831
2010-03-25,129.360001,130.729996,129.130005,129.240005,7603200,115.319995
2010-03-24,128.630005,129.949997,128.470001,128.529999,6669300,114.686461
2010-03-23,127.940002,129.429993,127.639999,129.369995,5978500,115.435984
2010-03-22,127.110001,128.389999,126.57,127.980003,5651900,114.195704
2010-03-19,127.709999,128.929993,126.779999,127.709999,10744300,113.954781
2010-03-18,127.459999,128.75,127.449997,128.380005,4954400,114.552623
2010-03-17,128.899994,128.929993,127.360001,127.760002,6348400,113.999398
2010-03-16,128.00,128.880005,127.449997,128.669998,6134900,114.811382
2010-03-15,127.400002,128.339996,127.279999,127.830002,4497700,114.061859
2010-03-12,127.910004,128.369995,127.510002,127.940002,5169500,114.160011
2010-03-11,125.709999,127.809998,125.709999,127.599998,7922200,113.856628
2010-03-10,125.989998,126.360001,125.209999,125.620003,6916200,112.089891
2010-03-09,126.269997,126.290001,125.199997,125.550003,7528800,112.027431
2010-03-08,127.059998,127.50,126.360001,126.410004,6199300,112.794804
2010-03-05,127.169998,127.550003,127.040001,127.25,6140200,113.544327
2010-03-04,127.07,127.07,125.470001,126.720001,6032300,113.071412
2010-03-03,127.730003,128.020004,126.68,126.879997,6390000,113.214176
2010-03-02,128.699997,129.089996,127.129997,127.419998,6013300,113.696015
2010-03-01,127.50,128.830002,127.470001,128.570007,4577700,114.72216
2010-02-26,127.010002,128.00,126.739998,127.160004,4784200,113.464024
2010-02-25,126.050003,127.239998,125.57,127.07,5658700,113.383714
2010-02-24,127.019997,128.270004,126.809998,127.589996,4782000,113.847703
2010-02-23,126.480003,127.660004,126.00,126.459999,4591900,112.839414
2010-02-22,127.300003,127.43,126.309998,126.849998,3808100,113.187408
2010-02-19,127.349998,128.059998,126.870003,127.190002,6303100,113.490791
2010-02-18,126.129997,128.00,126.00,127.809998,5525900,114.044009
2010-02-17,125.50,126.529999,125.209999,126.330002,5827400,112.723419
2010-02-16,124.910004,125.230003,124.110001,125.230003,6777300,111.741897
2010-02-12,123.010002,124.050003,121.610001,124.00,8017700,110.644373
2010-02-11,122.580002,124.199997,122.059998,123.730003,5089000,110.403457
2010-02-10,122.940002,123.650002,122.209999,122.809998,5219100,109.582542
2010-02-09,122.650002,124.199997,122.459999,123.209999,6044500,109.939461
2010-02-08,123.150002,123.220001,121.739998,121.879997,5718500,108.752709
2010-02-05,123.040001,123.720001,121.830002,123.519997,8617000,109.725309
2010-02-04,125.190002,125.440002,122.900002,123.00,9126900,109.263386
2010-02-03,125.160004,126.07,125.07,125.660004,4177100,111.626321
2010-02-02,124.790001,125.809998,123.949997,125.529999,5899900,111.510835
2010-02-01,123.230003,124.949997,122.779999,124.669998,7242900,110.746879
2010-01-29,124.32,125.00,121.900002,122.389999,11571200,108.72151
2010-01-28,127.029999,127.040001,123.050003,123.75,9622200,109.929626
2010-01-27,125.82,126.959999,125.040001,126.330002,8719200,112.221493
2010-01-26,125.919998,127.75,125.410004,125.75,7135300,111.706266
2010-01-25,126.330002,126.889999,125.709999,126.120003,5738500,112.034947
2010-01-22,128.669998,128.889999,125.370003,125.50,10088600,111.484186
2010-01-21,130.470001,130.690002,128.059998,129.00,9608600,114.593307
2010-01-20,130.460007,131.149994,128.949997,130.25,15197500,115.703707
2010-01-19,131.630005,134.25,131.559998,134.139999,13916200,119.159272
2010-01-15,132.029999,132.889999,131.089996,131.779999,8494400,117.062836
2010-01-14,130.550003,132.710007,129.910004,132.309998,7111800,117.533644
2010-01-13,130.389999,131.119995,129.160004,130.229996,6455400,115.685937
2010-01-12,129.029999,131.330002,129.00,130.509995,8081500,115.934665
2010-01-11,131.059998,131.059998,128.669998,129.479996,5730400,115.019697
2010-01-08,129.070007,130.919998,129.050003,130.850006,4197200,116.236705
2010-01-07,129.869995,130.25,128.910004,129.550003,5840600,115.081886
2010-01-06,130.679993,131.490005,129.809998,130.00,5605300,115.481627
2010-01-05,131.679993,131.850006,130.100006,130.850006,6841400,116.236705
2010-01-04,131.179993,132.970001,130.850006,132.449997,6155300,117.658009
2009-12-31,132.410004,132.850006,130.75,130.899994,4223400,116.28111
2009-12-30,131.229996,132.679993,130.679993,132.570007,3867000,117.764616
2009-12-29,132.279999,132.369995,131.800003,131.850006,4184200,117.125025
2009-12-28,130.990005,132.309998,130.720001,132.309998,5800400,117.533644
2009-12-24,129.889999,130.570007,129.479996,130.570007,4265100,115.987976
2009-12-23,129.699997,130.00,129.300003,130.00,4127600,115.481627
2009-12-22,129.300003,129.979996,129.190002,129.929993,5535500,115.419438
2009-12-21,127.800003,128.940002,127.68,128.649994,4772500,114.282389
2009-12-18,127.970001,128.389999,127.00,127.910004,9106600,113.625041
2009-12-17,128.00,128.559998,127.120003,127.400002,5909500,113.171996
2009-12-16,128.740005,129.600006,128.350006,128.710007,6372500,114.3357
2009-12-15,129.460007,129.860001,127.940002,128.490005,7862600,114.140268
2009-12-14,129.649994,129.979996,129.600006,129.929993,5201300,115.419438
2009-12-11,129.009995,129.770004,128.710007,129.679993,6597200,115.197358
2009-12-10,128.130005,129.470001,128.089996,129.339996,7077800,114.895332
2009-12-09,126.699997,128.389999,126.110001,128.389999,6071900,114.051431
2009-12-08,126.970001,127.349998,126.160004,126.800003,5351400,112.639005
2009-12-07,126.879997,127.529999,126.589996,127.040001,4144400,112.8522
2009-12-04,128.399994,128.899994,126.00,127.25,7068500,113.038746
2009-12-03,127.599998,128.470001,127.25,127.550003,5760000,113.305245
2009-12-02,127.32,128.389999,127.160004,127.209999,4597900,113.003213
2009-12-01,127.290001,128.389999,126.849998,127.940002,6578600,113.65169
2009-11-30,125.120003,126.599998,124.919998,126.349998,6302700,112.239257
2009-11-27,124.589996,126.620003,124.260002,125.699997,3319200,111.661847
2009-11-25,127.879997,128.220001,127.080002,127.279999,3967700,113.065395
2009-11-24,127.900002,128.320007,127.139999,127.93,4816500,113.642804
2009-11-23,127.699997,128.940002,127.650002,128.199997,7003500,113.882648
2009-11-20,127.169998,127.690002,126.459999,126.959999,5354200,112.781133
2009-11-19,127.279999,127.839996,126.510002,127.540001,5308400,113.29636
2009-11-18,128.050003,128.350006,127.550003,128.149994,3970100,113.838229
2009-11-17,127.43,128.649994,127.400002,128.630005,1027500,114.264633
2009-11-16,127.169998,128.240005,127.029999,128.210007,7822500,113.89154
2009-11-13,126.410004,127.800003,126.269997,127.029999,4979700,112.843315
2009-11-12,126.610001,127.650002,126.110001,126.260002,5345400,112.159311
2009-11-11,126.550003,127.300003,125.940002,127.190002,6530800,112.985449
2009-11-10,125.300003,127.050003,125.169998,126.910004,6444500,112.736721
2009-11-09,123.919998,126.00,123.489998,126.00,7764600,111.928346
2009-11-06,122.510002,123.489998,122.230003,123.489998,4979600,109.698661
2009-11-05,122.120003,123.50,122.00,123.099998,6701800,108.863638
2009-11-04,121.459999,122.50,121.160004,121.290001,6353300,107.262964
2009-11-03,119.529999,121.190002,119.529999,121.160004,5706800,107.148001
2009-11-02,120.769997,121.93,119.50,120.559998,7049400,106.617385
2009-10-30,122.629997,123.25,120.480003,120.610001,7711700,106.661605
2009-10-29,122.150002,123.029999,121.599998,122.870003,6309400,108.660241
2009-10-28,120.470001,121.68,119.870003,121.50,8780400,107.448677
2009-10-27,120.18,122.139999,119.150002,120.650002,9445400,106.69698
2009-10-26,120.610001,122.440002,119.550003,120.110001,6538500,106.21943
2009-10-23,122.949997,123.059998,120.00,120.360001,6799200,106.440517
2009-10-22,120.75,123.00,120.339996,122.690002,6027000,108.501057
2009-10-21,122.18,124.110001,120.860001,120.870003,7171000,106.891538
2009-10-20,123.360001,123.50,121.50,122.82,8780700,108.616021
2009-10-19,121.760002,123.360001,121.610001,123.059998,7514100,108.828263
2009-10-16,123.150002,123.699997,121.25,121.639999,19216900,107.572486
2009-10-15,127.559998,128.00,126.32,127.980003,11904600,113.179276
2009-10-14,127.709999,128.610001,126.599998,128.350006,9545500,113.506489
2009-10-13,126.220001,127.389999,126.199997,127.019997,7581300,112.330293
2009-10-12,125.440002,127.099998,125.199997,127.040001,7730500,112.347984
2009-10-09,122.43,126.00,122.300003,125.93,13123100,111.366354
2009-10-08,122.519997,122.980003,121.849998,122.290001,6498000,108.147316
2009-10-07,121.120003,122.849998,120.940002,122.779999,5872000,108.580646
2009-10-06,120.389999,121.589996,120.220001,121.349998,6659100,107.316023
2009-10-05,118.900002,120.18,118.129997,119.75,5673300,105.901063
2009-10-02,117.400002,119.660004,117.260002,119.019997,7581900,105.255483
2009-10-01,119.389999,119.610001,117.559998,117.900002,7067500,104.265014
2009-09-30,119.18,120.00,117.550003,119.610001,7733300,105.777254
2009-09-29,119.360001,119.940002,118.599998,118.809998,6748800,105.06977
2009-09-28,120.519997,122.00,118.940002,119.330002,8248600,105.529637
2009-09-25,120.269997,121.650002,120.099998,121.080002,5187900,107.077251
2009-09-24,120.690002,121.650002,120.400002,120.940002,5426800,106.953443
2009-09-23,121.260002,122.739998,120.709999,120.82,5538100,106.847318
2009-09-22,122.089996,122.110001,120.980003,121.610001,5564700,107.545956
2009-09-21,121.029999,122.080002,120.879997,121.57,4515100,107.510582
2009-09-18,122.449997,122.879997,121.620003,122.110001,9935800,107.988132
2009-09-17,121.139999,122.779999,121.050003,121.879997,8392600,107.784728
2009-09-16,119.50,122.00,119.300003,121.82,11236700,107.731669
2009-09-15,118.779999,119.449997,118.160004,119.349998,6536000,105.547321
2009-09-14,117.00,118.989998,116.940002,118.879997,4758600,105.131675
2009-09-11,117.800003,119.25,117.470001,118.050003,5893700,104.397668
2009-09-10,116.989998,117.830002,116.75,117.669998,4889400,104.06161
2009-09-09,117.029999,117.669998,116.160004,116.760002,5248100,103.256854
2009-09-08,117.940002,118.169998,116.629997,117.160004,5797500,103.610596
2009-09-04,116.580002,117.50,116.209999,117.459999,3451700,103.875897
2009-09-03,116.550003,116.730003,115.150002,116.330002,4936200,102.876583
2009-09-02,116.339996,117.239998,116.00,116.089996,5178800,102.664334
2009-09-01,117.669998,118.93,116.50,116.690002,6303800,103.19495
2009-08-31,117.099998,118.059998,116.919998,118.050003,5439400,104.397668
2009-08-28,120.099998,120.230003,117.769997,118.220001,6235700,104.548006
2009-08-27,118.730003,119.589996,117.849998,119.43,4356900,105.61807
2009-08-26,118.639999,119.849998,117.510002,119.470001,4515500,105.653445
2009-08-25,119.25,120.150002,118.709999,118.830002,4652200,105.087461
2009-08-24,119.919998,120.879997,119.099998,119.32,6363400,105.520791
2009-08-21,119.650002,120.010002,118.550003,119.900002,8306800,106.033717
2009-08-20,118.440002,119.410004,118.099998,118.949997,4841700,105.193579
2009-08-19,116.360001,118.769997,116.120003,118.57,4837900,104.857528
2009-08-18,116.809998,118.00,116.730003,117.629997,4286200,104.026236
2009-08-17,116.690002,117.440002,116.209999,116.860001,5349600,103.345288
2009-08-14,119.290001,119.739998,117.620003,118.57,4796400,104.857528
2009-08-13,119.279999,119.779999,118.629997,119.580002,5489200,105.750725
2009-08-12,117.599998,119.959999,117.419998,119.290001,6289700,105.494262
2009-08-11,118.029999,118.50,117.32,117.790001,4844500,104.167735
2009-08-10,118.169998,119.190002,117.970001,118.699997,3981300,104.972491
2009-08-07,118.110001,119.910004,118.110001,119.330002,5763200,105.529637
2009-08-06,118.309998,118.400002,116.699997,117.379997,6003100,103.805148
2009-08-05,118.519997,119.00,117.860001,118.470001,5025800,104.2827
2009-08-04,119.169998,119.800003,119.019997,119.599998,4993500,105.277376
2009-08-03,118.879997,119.959999,118.690002,119.919998,6108200,105.559054
2009-07-31,117.559998,118.989998,117.559998,117.93,5329600,103.807367
2009-07-30,118.00,119.370003,117.669998,117.860001,6803100,103.74575
2009-07-29,116.360001,117.279999,116.050003,117.260002,5100900,103.217604
2009-07-28,116.629997,117.519997,116.339996,117.279999,5782900,103.235206
2009-07-27,116.949997,117.919998,116.57,117.629997,5069200,103.543291
2009-07-24,116.68,118.150002,116.629997,117.639999,6261000,103.552095
2009-07-23,115.059998,118.00,115.059998,117.059998,8461400,103.041551
2009-07-22,116.18,117.199997,115.089996,115.57,8813400,101.729987
2009-07-21,115.870003,117.040001,115.379997,117.040001,8301700,103.023949
2009-07-20,114.529999,116.879997,114.389999,116.440002,10682500,102.495803
2009-07-17,113.410004,115.529999,113.160004,115.419998,20188900,101.597949
2009-07-16,106.839996,110.970001,106.790001,110.639999,14997900,97.390376
2009-07-15,104.75,107.220001,104.599998,107.220001,8699100,94.379937
2009-07-14,103.419998,103.620003,102.519997,103.25,5413500,90.885361
2009-07-13,101.279999,103.650002,100.190002,103.620003,9494300,91.211054
2009-07-10,100.970001,101.720001,99.800003,100.830002,7465900,88.755168
2009-07-09,101.120003,102.779999,100.849998,102.080002,6153200,89.855475
2009-07-08,100.290001,101.169998,99.50,100.68,7380800,88.62313
2009-07-07,101.339996,101.959999,100.029999,100.190002,6685600,88.191811
2009-07-06,101.57,102.230003,100.470001,101.650002,6522500,89.476969
2009-07-02,103.800003,103.910004,101.730003,101.730003,7026700,89.54739
2009-07-01,105.00,106.269997,104.730003,104.839996,5537300,92.284948
2009-06-30,105.690002,106.029999,103.809998,104.419998,7512600,91.915247
2009-06-29,105.989998,106.18,105.160004,105.830002,4681800,93.156396
2009-06-26,106.50,106.50,105.050003,105.68,5127900,93.024358
2009-06-25,103.699997,106.790001,103.510002,106.059998,6900600,93.358849
2009-06-24,105.389999,106.480003,103.720001,104.150002,6395200,91.677583
2009-06-23,104.75,104.870003,103.790001,104.440002,5152600,91.932855
2009-06-22,105.18,105.879997,104.230003,104.519997,7295400,92.00327
2009-06-19,106.309998,106.650002,105.50,105.889999,13559000,93.209209
2009-06-18,106.93,107.529999,106.120003,106.330002,6206900,93.596519
2009-06-17,107.459999,107.879997,106.879997,107.00,7366200,94.186282
2009-06-16,108.470001,109.139999,107.269997,107.32,7231000,94.46796
2009-06-15,107.629997,108.830002,107.239998,107.620003,8567600,94.732037
2009-06-12,108.400002,109.279999,107.75,108.209999,7250900,95.251378
2009-06-11,108.75,110.639999,108.559998,109.400002,9134300,96.298873
2009-06-10,109.199997,109.279999,107.050003,108.349998,7578100,95.374612
2009-06-09,108.150002,109.139999,107.989998,108.139999,8585900,95.189761
2009-06-08,106.639999,107.980003,105.50,107.489998,6363800,94.6176
2009-06-05,107.330002,108.400002,106.75,107.239998,7665000,94.397539
2009-06-04,106.169998,106.870003,105.599998,106.330002,5468500,93.596519
2009-06-03,106.529999,106.599998,105.110001,106.489998,7688000,93.737355
2009-06-02,107.510002,108.800003,106.660004,106.830002,7045800,94.036642
2009-06-01,106.940002,108.669998,106.669998,108.370003,7725000,95.392221
2009-05-29,104.470001,106.50,103.949997,106.279999,6871800,93.552504
2009-05-28,103.339996,105.139999,102.68,104.690002,6127500,92.152917
2009-05-27,104.339996,105.169998,102.910004,102.93,7119600,90.603683
2009-05-26,101.32,105.629997,101.019997,105.019997,7211200,92.443393
2009-05-22,102.669998,103.309998,101.75,101.889999,5596200,89.688226
2009-05-21,103.07,103.25,101.739998,102.82,7411500,90.506855
2009-05-20,105.510002,105.980003,103.809998,104.050003,7083100,91.58956
2009-05-19,104.330002,106.120003,104.00,105.510002,7079200,92.874718
2009-05-18,102.00,104.709999,101.940002,104.580002,7429500,92.056089
2009-05-15,100.900002,103.07,100.57,101.370003,8367400,89.230502
2009-05-14,101.720001,102.709999,100.769997,101.050003,9445100,88.948823
2009-05-13,102.879997,103.099998,101.349998,102.260002,8202100,90.01392
2009-05-12,102.980003,104.379997,102.370003,103.940002,7961600,91.492733
2009-05-11,101.089996,103.879997,100.949997,102.900002,8253000,90.577276
2009-05-08,103.580002,103.75,99.830002,101.489998,11575500,89.336127
2009-05-07,104.650002,104.800003,101.830002,102.589996,8521400,90.304396
2009-05-06,105.230003,105.50,103.709999,104.620003,7530900,92.0913
2009-05-05,106.00,106.82,105.510002,105.849998,6750000,92.689865
2009-05-04,105.260002,106.75,104.610001,106.190002,8313900,92.987597
2009-05-01,103.779999,104.860001,102.940002,104.610001,6234200,91.604034
2009-04-30,104.550003,106.050003,102.849998,103.209999,10654500,90.378092
2009-04-29,101.980003,105.00,101.669998,104.040001,9783700,91.104901
2009-04-28,99.360001,102.730003,99.25,101.940002,11110500,89.265992
2009-04-27,99.610001,101.690002,99.290001,99.949997,8611400,87.5234
2009-04-24,101.169998,101.580002,99.50,100.080002,10157500,87.637242
2009-04-23,102.650002,102.779999,99.800003,101.419998,9440400,88.810639
2009-04-22,101.169998,103.860001,101.059998,102.550003,12120000,89.800152
2009-04-21,98.410004,102.480003,98.199997,102.309998,15226700,89.589986
2009-04-20,100.290001,101.190002,99.209999,100.43,12524700,87.943726
2009-04-17,101.18,102.040001,99.690002,101.269997,10214200,88.679287
2009-04-16,99.739998,101.919998,99.18,101.43,9259500,88.819397
2009-04-15,98.230003,99.059998,96.440002,98.849998,8164200,86.560162
2009-04-14,99.080002,99.949997,98.269997,99.269997,6276700,86.927943
2009-04-13,100.279999,101.650002,99.040001,99.949997,7797200,87.5234
2009-04-09,102.010002,102.449997,100.25,101.699997,8013700,89.055826
2009-04-08,99.449997,101.550003,99.00,101.190002,7285200,88.609238
2009-04-07,100.169998,100.50,98.519997,98.75,8768400,86.472597
2009-04-06,100.900002,101.849998,100.00,101.559998,8819800,88.933232
2009-04-03,99.730003,102.660004,99.709999,102.220001,10962900,89.511179
2009-04-02,99.150002,101.989998,98.379997,100.82,16219000,88.285237
2009-04-01,96.129997,98.00,95.699997,97.610001,12212900,85.474331
2009-03-31,94.959999,98.660004,94.849998,96.889999,14553700,84.843846
2009-03-30,92.00,94.739998,91.800003,94.519997,10964000,82.768502
2009-03-27,95.989998,96.00,92.75,94.150002,15745200,82.444507
2009-03-26,98.470001,99.199997,97.75,98.779999,11434600,86.498866
2009-03-25,98.470001,99.860001,96.089996,97.949997,12017000,85.772056
2009-03-24,97.690002,99.550003,97.519997,98.300003,9346700,86.078547
2009-03-23,93.699997,98.709999,93.699997,98.709999,12407200,86.437569
2009-03-20,93.160004,95.00,92.18,92.510002,12193900,81.008406
2009-03-19,92.839996,93.349998,91.510002,92.660004,9899300,81.139758
2009-03-18,89.459999,92.900002,89.410004,91.949997,17954300,80.518025
2009-03-17,91.110001,92.910004,90.449997,92.910004,11489700,81.358676
2009-03-16,91.650002,93.00,90.540001,91.220001,11793700,79.878788
2009-03-13,90.400002,90.650002,89.290001,90.360001,9111900,79.12571
2009-03-12,88.589996,90.599998,87.489998,90.400002,11829200,79.160738
2009-03-11,87.510002,89.540001,86.720001,88.620003,11823900,77.602043
2009-03-10,85.110001,87.25,83.639999,87.25,15914800,76.40237
2009-03-09,84.699997,86.800003,83.019997,83.480003,13151800,73.10109
2009-03-06,87.470001,88.25,83.809998,85.809998,15186000,75.1414
2009-03-05,88.129997,90.160004,87.019997,87.480003,14930100,76.603778
2009-03-04,88.970001,91.239998,87.599998,89.489998,15391700,78.363873
2009-03-03,90.160004,90.18,87.190002,87.769997,13744100,76.857717
2009-03-02,91.169998,91.900002,88.75,89.050003,15231700,77.978582
2009-02-27,88.120003,93.279999,88.010002,92.029999,21311200,80.588081
2009-02-26,86.849998,90.199997,86.330002,88.970001,17423200,77.908527
2009-02-25,86.00,87.120003,82.849998,85.900002,12646400,75.220214
2009-02-24,84.629997,87.080002,84.099998,86.400002,12915300,75.65805
2009-02-23,89.300003,89.330002,84.190002,84.370003,13509600,73.880438
2009-02-20,88.050003,89.900002,87.339996,88.790001,12400700,77.750906
2009-02-19,91.059998,92.160004,88.449997,88.93,12622700,77.873499
2009-02-18,91.169998,92.25,90.440002,91.510002,8492600,80.132734
2009-02-17,91.730003,92.489998,90.50,90.669998,8903500,79.397166
2009-02-13,94.790001,95.18,93.57,93.839996,6742400,82.173044
2009-02-12,94.410004,95.199997,92.199997,95.07,9917700,83.250124
2009-02-11,93.480003,95.769997,93.00,95.160004,10765700,83.328938
2009-02-10,95.580002,96.82,92.959999,93.269997,13541300,81.673912
2009-02-09,95.93,96.980003,94.720001,96.82,8165800,84.78255
2009-02-06,92.510002,97.099998,91.650002,96.139999,13055900,84.187092
2009-02-05,92.129997,93.199997,91.220001,92.410004,11622900,80.483004
2009-02-04,93.739998,94.910004,91.82,92.830002,10189800,80.848795
2009-02-03,91.07,93.730003,90.160004,93.480003,8864500,81.414903
2009-02-02,90.599998,91.860001,89.690002,90.93,9926400,79.194019
2009-01-30,92.230003,93.480003,91.25,91.650002,9617000,79.821092
2009-01-29,93.580002,94.580002,92.019997,92.510002,9233500,80.570096
2009-01-28,92.699997,94.940002,91.910004,94.82,13407200,82.581951
2009-01-27,91.769997,91.970001,90.50,91.660004,8720800,79.829804
2009-01-26,89.769997,92.669998,89.519997,91.599998,9840800,79.777543
2009-01-23,88.400002,90.699997,87.809998,89.489998,10253700,77.939872
2009-01-22,89.830002,90.739998,88.110001,90.07,12350700,78.445015
2009-01-21,86.290001,91.599998,86.00,91.419998,24905000,79.620775
2009-01-20,84.760002,84.919998,81.760002,81.980003,13800100,71.399163
2009-01-16,84.610001,85.739998,83.080002,84.919998,11245300,73.959704
2009-01-15,83.610001,84.830002,82.260002,84.120003,11734800,73.262961
2009-01-14,84.199997,84.82,82.110001,83.190002,9470000,72.452992
2009-01-13,85.50,86.589996,84.790001,85.339996,7657200,74.325495
2009-01-12,84.57,86.599998,84.419998,85.709999,8072700,74.647743
2009-01-09,87.050003,87.50,84.25,84.699997,7440300,73.768098
2009-01-08,87.809998,88.139999,85.980003,87.18,7231800,75.928017
2009-01-07,87.830002,88.800003,87.120003,87.790001,8455100,76.459287
2009-01-06,87.110001,90.410004,86.370003,89.230003,9649500,77.713434
2009-01-05,86.419998,87.669998,86.18,86.82,8315700,75.61448
2009-01-02,83.889999,87.589996,83.889999,87.370003,7558200,76.093496
2008-12-31,83.50,85.00,83.50,84.160004,6667700,73.297799
2008-12-30,81.830002,83.639999,81.519997,83.550003,5774400,72.766529
2008-12-29,81.720001,81.720001,79.68,81.25,6062600,70.763379
2008-12-26,80.93,81.800003,80.550003,81.330002,3101300,70.833055
2008-12-24,80.550003,81.220001,79.919998,80.519997,2415200,70.127594
2008-12-23,82.349998,82.809998,80.129997,80.599998,6374400,70.19727
2008-12-22,83.269997,83.449997,80.32,81.989998,7083300,71.407868
2008-12-19,85.220001,85.220001,82.970001,83.519997,13098600,72.740396
2008-12-18,85.769997,86.639999,82.959999,84.00,8029500,73.158447
2008-12-17,85.440002,87.269997,84.660004,85.839996,8592000,74.760962
2008-12-16,83.110001,86.839996,82.870003,86.400002,11559800,75.248689
2008-12-15,82.510002,83.540001,80.00,82.769997,8848200,72.087195
2008-12-12,78.68,82.940002,78.059998,82.199997,10381700,71.590763
2008-12-11,81.50,82.860001,79.769997,80.580002,10682400,70.179854
2008-12-10,83.949997,84.989998,81.830002,82.860001,8187000,72.165583
2008-12-09,83.82,85.43,82.199997,82.690002,9356400,72.017526
2008-12-08,82.57,85.879997,81.730003,84.860001,11177600,73.90745
2008-12-05,76.779999,81.50,75.309998,80.589996,11212000,70.188559
2008-12-04,80.029999,80.830002,76.18,77.440002,10914000,67.445123
2008-12-03,78.620003,81.00,76.989998,80.669998,9757800,70.258235
2008-12-02,77.800003,80.00,76.139999,79.839996,9305200,69.535359
2008-12-01,80.949997,81.360001,76.790001,76.900002,10265000,66.974817
2008-11-28,81.00,81.900002,80.099998,81.599998,3908300,71.068204
2008-11-26,79.519997,81.790001,78.610001,81.669998,8240600,71.129169
2008-11-25,81.370003,82.400002,78.220001,80.650002,12519700,70.24082
2008-11-24,75.739998,82.089996,75.00,79.889999,15023200,69.578908
2008-11-21,72.739998,76.980003,69.50,74.879997,19804500,65.215527
2008-11-20,75.00,78.389999,70.510002,71.739998,17634700,62.480795
2008-11-19,79.93,81.00,75.730003,75.970001,12606400,66.164849
2008-11-18,79.129997,80.93,77.00,80.080002,13050600,69.744388
2008-11-17,79.400002,79.739998,77.160004,77.480003,10315300,67.479961
2008-11-14,82.629997,85.400002,79.50,80.330002,12023700,69.962121
2008-11-13,79.620003,84.389999,75.400002,84.209999,15103600,73.341342
2008-11-12,80.730003,82.400002,79.57,79.739998,11368400,69.448267
2008-11-11,83.25,84.290001,80.25,82.739998,10013600,72.061068
2008-11-10,87.989998,88.099998,82.739998,83.870003,9685100,73.045228
2008-11-07,85.779999,86.709999,84.25,86.269997,7927800,75.135464
2008-11-06,87.68,88.830002,84.279999,85.150002,12522000,74.160022
2008-11-05,92.93,93.400002,89.699997,89.940002,8706200,77.89633
2008-11-04,94.760002,94.760002,92.07,93.400002,10173000,80.893008
2008-11-03,92.639999,94.669998,92.169998,92.68,7686300,80.26942
2008-10-31,90.900002,94.190002,89.029999,92.970001,10506300,80.520588
2008-10-30,91.010002,92.400002,88.900002,90.690002,12033800,78.545899
2008-10-29,87.739998,91.00,86.25,88.199997,12692000,76.389325
2008-10-28,81.400002,87.610001,79.519997,87.279999,14205900,75.592521
2008-10-27,80.269997,84.50,79.010002,79.660004,11099100,68.992903
2008-10-24,79.269997,84.309998,78.82,82.07,12287300,71.080182
2008-10-23,84.089996,85.889999,81.00,84.349998,12358000,73.054871
2008-10-22,87.00,87.589996,80.800003,83.599998,14198100,72.405302
2008-10-21,92.220001,92.459999,88.57,88.860001,9716400,76.960949
2008-10-20,92.209999,93.309998,89.330002,92.510002,9747100,80.122186
2008-10-17,91.75,95.910004,87.709999,90.779999,15230700,78.623844
2008-10-16,89.379997,92.00,84.349998,91.519997,16271300,79.26475
2008-10-15,92.769997,95.290001,87.709999,88.290001,11330800,76.467276
2008-10-14,96.419998,99.00,92.00,93.599998,15114200,81.066223
2008-10-13,90.440002,93.610001,86.949997,92.209999,17101600,79.862356
2008-10-10,87.410004,91.660004,83.510002,87.75,24637400,75.999586
2008-10-09,95.290001,95.309998,88.230003,89.00,21293600,77.082201
2008-10-08,91.510002,97.480003,89.980003,90.550003,17980400,78.424646
2008-10-07,101.50,102.620003,94.239998,95.650002,11416100,82.841715
2008-10-06,101.209999,103.00,96.599998,100.620003,11521400,87.146194
2008-10-03,105.160004,110.949997,103.029999,103.440002,9637900,89.588574
2008-10-02,108.480003,109.970001,103.040001,104.739998,11458200,90.714489
2008-10-01,115.510002,116.800003,107.75,110.129997,13134400,95.382726
2008-09-30,115.830002,116.959999,111.809998,116.959999,18991900,101.298137
2008-09-29,117.440002,118.43,109.949997,114.459999,9586700,99.132906
2008-09-26,117.209999,121.010002,117.010002,119.419998,4760500,103.428722
2008-09-25,117.75,121.989998,116.120003,120.110001,6539200,104.026328
2008-09-24,116.93,118.169998,114.260002,116.459999,6574100,100.86509
2008-09-23,116.209999,118.169998,114.139999,115.360001,8012800,99.91239
2008-09-22,118.449997,120.139999,116.019997,116.209999,8844000,100.648567
2008-09-19,119.589996,124.00,117.50,118.849998,14432600,102.93505
2008-09-18,112.910004,118.589996,111.040001,115.120003,15995000,99.70453
2008-09-17,114.790001,115.50,110.610001,111.470001,12298000,96.543293
2008-09-16,113.730003,117.639999,113.32,116.050003,13673200,100.509996
2008-09-15,115.360001,118.410004,115.190002,115.190002,9908300,99.765156
2008-09-12,118.660004,119.279999,116.82,118.970001,6635100,103.038984
2008-09-11,116.599998,119.370003,116.110001,119.199997,9737400,103.238181
2008-09-10,116.400002,119.949997,116.099998,118.040001,11852200,102.233518
2008-09-09,117.779999,118.099998,115.00,115.040001,8106300,99.635241
2008-09-08,118.00,118.279999,115.139999,117.290001,10452800,101.583949
2008-09-05,114.150002,115.089996,113.169998,114.330002,8811400,99.020317
2008-09-04,117.989998,118.900002,114.900002,115.00,10133800,99.600597
2008-09-03,118.339996,118.650002,115.150002,118.339996,11316600,102.493341
2008-09-02,122.870003,124.00,117.900002,118.410004,11749800,102.553974
2008-08-29,123.709999,123.989998,121.629997,121.730003,7156000,105.4294
2008-08-28,124.059998,125.449997,123.580002,124.580002,5448200,107.897761
2008-08-27,122.419998,124.849998,122.18,123.379997,5843800,106.858447
2008-08-26,122.580002,122.849998,121.50,122.50,6218200,106.096288
2008-08-25,124.480003,124.93,122.699997,122.860001,5827400,106.408082
2008-08-22,123.300003,125.349998,122.800003,124.93,5989200,108.200892
2008-08-21,121.580002,123.43,121.550003,122.989998,6315000,106.520671
2008-08-20,123.50,123.970001,122.010002,122.510002,6871600,106.104951
2008-08-19,123.629997,124.790001,122.010002,122.559998,9311600,106.148251
2008-08-18,126.489998,127.00,123.68,124.589996,5970000,107.906417
2008-08-15,127.07,127.190002,125.349998,126.360001,5566200,109.439404
2008-08-14,125.010002,128.25,124.800003,126.940002,6813000,109.941739
2008-08-13,125.00,126.989998,124.75,125.800003,5857800,108.954395
2008-08-12,126.010002,126.50,124.400002,125.220001,6996800,108.45206
2008-08-11,128.429993,128.429993,125.75,126.599998,7490400,109.647264
2008-08-08,128.50,129.880005,127.629997,128.809998,8561800,111.561327
2008-08-07,128.300003,129.970001,127.900002,129.050003,6633500,111.769194
2008-08-06,128.449997,129.50,127.75,129.160004,6253800,111.864465
2008-08-05,128.199997,128.899994,127.080002,128.869995,6969900,111.180245
2008-08-04,126.769997,128.100006,126.25,127.559998,5994900,110.050068
2008-08-01,128.520004,129.300003,126.279999,126.639999,4939700,109.256356
2008-07-31,128.100006,129.50,127.739998,127.980003,5857300,110.412421
2008-07-30,128.119995,129.00,127.089996,128.860001,5826100,111.171622
2008-07-29,126.540001,128.169998,126.25,127.660004,5979400,110.136347
2008-07-28,127.690002,128.440002,126.129997,126.25,6096800,108.919892
2008-07-25,129.00,129.899994,128.00,128.529999,7565500,110.886919
2008-07-24,129.059998,130.929993,128.800003,130.00,8946300,112.155136
2008-07-23,129.779999,130.330002,128.289993,129.520004,10230300,111.741028
2008-07-22,127.50,130.00,127.260002,130.00,11428600,112.155136
2008-07-21,129.830002,129.899994,127.639999,128.660004,7779600,110.999078
2008-07-18,125.809998,130.00,125.419998,129.889999,18317800,112.060235
2008-07-17,126.389999,126.959999,124.00,126.519997,12298200,109.152826
2008-07-16,122.809998,126.889999,122.25,125.940002,9898800,108.652447
2008-07-15,121.00,124.50,119.900002,123.199997,10710500,106.288557
2008-07-14,123.510002,124.25,121.239998,121.540001,8317400,104.856426
2008-07-11,121.800003,123.739998,120.57,122.120003,8841400,105.356812
2008-07-10,120.660004,123.540001,120.660004,123.18,10053600,106.271305
2008-07-09,124.209999,124.50,120.400002,120.400002,9506700,103.872912
2008-07-08,120.550003,123.989998,120.550003,123.879997,9813300,106.875215
2008-07-07,119.620003,122.639999,119.620003,121.50,9131100,104.821915
2008-07-03,119.949997,120.779999,117.889999,119.540001,6115200,103.130962
2008-07-02,118.410004,120.550003,118.120003,119.099998,8093200,102.751358
2008-07-01,117.50,119.360001,116.599998,119.269997,10069400,102.898021
2008-06-30,120.029999,120.220001,118.150002,118.529999,8439000,102.259601
2008-06-27,121.019997,122.050003,118.260002,120.050003,11660400,103.570957
2008-06-26,123.43,123.82,120.760002,121.129997,9710600,104.502702
2008-06-25,123.669998,125.830002,123.199997,124.580002,7131500,107.479131
2008-06-24,123.080002,124.25,121.900002,123.459999,7552900,106.512869
2008-06-23,123.00,124.50,122.400002,123.459999,5852300,106.512869
2008-06-20,124.809998,125.019997,122.50,122.739998,9624900,105.891701
2008-06-19,123.669998,125.620003,122.360001,125.019997,7570200,107.858729
2008-06-18,124.550003,125.43,123.699997,124.160004,6614700,107.116785
2008-06-17,127.099998,127.099998,124.620003,125.099998,5277900,107.927749
2008-06-16,125.459999,127.139999,124.650002,126.709999,6280200,109.316747
2008-06-13,124.419998,126.57,124.150002,126.150002,6379600,108.83362
2008-06-12,123.849998,125.089996,123.129997,123.849998,6748600,106.849334
2008-06-11,125.900002,125.900002,122.860001,123.25,7207200,106.331696
2008-06-10,124.879997,126.720001,124.629997,125.940002,5384200,108.652447
2008-06-09,125.379997,126.18,124.059998,125.860001,5584000,108.583427
2008-06-06,127.769997,128.139999,124.739998,124.940002,7886200,107.789715
2008-06-05,127.410004,129.039993,127.199997,128.470001,6153300,110.835157
2008-06-04,127.870003,128.50,126.449997,127.550003,6432300,110.041446
2008-06-03,127.470001,129.00,127.459999,127.839996,7238200,110.291632
2008-06-02,128.490005,129.369995,126.699997,127.360001,7599300,109.877524
2008-05-30,129.220001,129.990005,128.800003,129.429993,8652900,111.663372
2008-05-29,128.759995,129.990005,128.660004,129.710007,7561500,111.904949
2008-05-28,127.50,129.539993,126.989998,129.539993,9875600,111.758273
2008-05-27,124.010002,127.379997,124.00,127.32,6989200,109.843014
2008-05-23,124.349998,124.910004,123.769997,124.199997,4701500,107.151289
2008-05-22,123.550003,125.349998,123.550003,124.699997,5031300,107.582655
2008-05-21,125.050003,126.400002,123.019997,123.620003,8333900,106.650909
2008-05-20,126.050003,126.050003,124.449997,125.18,7017700,107.996769
2008-05-19,127.68,128.210007,126.050003,126.489998,6385200,109.126945
2008-05-16,128.460007,128.479996,126.800003,127.82,6372100,110.27438
2008-05-15,127.330002,128.679993,126.900002,128.460007,7227900,110.826535
2008-05-14,126.519997,128.830002,126.199997,127.519997,8888300,110.015558
2008-05-13,125.120003,126.699997,125.029999,126.580002,9693400,109.204595
2008-05-12,123.82,125.989998,123.559998,125.239998,8666800,108.048531
2008-05-09,124.370003,124.650002,123.629997,124.059998,5502900,107.030507
2008-05-08,124.199997,125.169998,123.699997,124.919998,9794000,107.772457
2008-05-07,122.779999,124.980003,122.410004,124.139999,11406800,107.099527
2008-05-06,121.50,123.339996,120.779999,122.82,5910400,105.529352
2008-05-05,122.290001,123.25,121.739998,122.029999,6359300,104.850568
2008-05-02,123.300003,124.00,121.760002,123.18,6916600,105.838672
2008-05-01,121.059998,124.43,121.059998,123.610001,8230200,106.208137
2008-04-30,123.339996,123.50,120.50,120.699997,8128300,103.707804
2008-04-29,122.040001,123.199997,122.040001,122.849998,7226000,105.555128
2008-04-28,122.610001,123.050003,121.639999,121.690002,5605200,104.558437
2008-04-25,124.50,124.50,122.059998,123.080002,6313400,105.752751
2008-04-24,123.379997,124.900002,122.730003,124.190002,5996700,106.706486
2008-04-23,123.690002,124.779999,122.639999,123.599998,7593300,106.199543
2008-04-22,123.870003,124.349998,123.010002,123.669998,5417500,106.259688
2008-04-21,123.620003,124.510002,122.050003,124.349998,6952800,106.843957
2008-04-18,123.919998,125.00,123.150002,124.400002,12490800,106.886921
2008-04-17,122.389999,123.720001,120.699997,123.080002,18999100,105.752751
2008-04-16,118.150002,120.470001,117.169998,120.470001,19317700,103.510188
2008-04-15,117.099998,117.669998,115.540001,117.169998,8642000,100.67476
2008-04-14,116.199997,117.940002,115.949997,117.279999,7745600,100.769275
2008-04-11,117.309998,117.800003,115.510002,116.00,9556800,99.669475
2008-04-10,116.93,119.220001,116.879997,118.779999,9149300,102.058104
2008-04-09,116.50,117.720001,115.720001,116.769997,6819100,100.331071
2008-04-08,115.720001,116.879997,115.279999,116.269997,7283300,99.901461
2008-04-07,116.370003,117.370003,115.82,116.309998,6181200,99.935831
2008-04-04,116.050003,116.580002,114.599998,115.760002,5733200,99.463264
2008-04-03,114.349998,116.82,113.860001,116.019997,7052900,99.686656
2008-04-02,116.839996,116.879997,113.980003,114.809998,8007600,98.647001
2008-04-01,115.199997,118.370003,114.970001,116.489998,11875400,100.090491
2008-03-31,114.150002,115.870003,113.339996,115.139999,9707200,98.930545
2008-03-28,115.860001,116.75,114.209999,114.57,6600900,98.440791
2008-03-27,116.019997,116.199997,114.510002,115.519997,8437200,99.257047
2008-03-26,117.589996,117.970001,114.959999,116.910004,9617100,100.451368
2008-03-25,119.099998,119.099998,117.150002,117.970001,8443600,101.362139
2008-03-24,118.57,119.790001,118.129997,119.059998,8398000,102.298685
2008-03-20,117.089996,118.480003,116.650002,118.330002,11417900,101.671458
2008-03-19,118.290001,118.50,116.650002,116.940002,9314400,100.477143
2008-03-18,116.599998,118.43,113.809998,118.410004,9966500,101.740197
2008-03-17,113.00,117.040001,113.00,115.550003,9280300,99.282829
2008-03-14,116.07,116.519997,112.690002,115.230003,9734600,99.007879
2008-03-13,115.690002,116.779999,113.639999,115.910004,9548900,99.592148
2008-03-12,116.440002,118.00,115.110001,117.07,9083200,100.58884
2008-03-11,115.800003,116.559998,114.040001,116.489998,10480600,100.090491
2008-03-10,113.120003,115.989998,113.120003,114.010002,9747300,97.95963
2008-03-07,111.849998,114.75,111.800003,113.940002,8124900,97.899485
2008-03-06,115.059998,115.150002,112.25,112.519997,8018400,96.679388
2008-03-05,116.410004,116.410004,114.25,115.389999,8434200,99.14535
2008-03-04,113.400002,115.720001,112.75,115.709999,8593300,99.4203
2008-03-03,113.860001,114.809998,113.480003,114.230003,6335700,98.148659
2008-02-29,114.040001,115.139999,113.349998,113.860001,8475100,97.830745
2008-02-28,115.599998,115.900002,114.559998,115.239998,7227200,99.016466
2008-02-27,113.839996,116.629997,112.910004,116.459999,11854900,100.064715
2008-02-26,109.519997,114.989998,109.050003,114.379997,18651500,98.277537
2008-02-25,107.43,110.32,107.43,110.080002,8158000,94.582896
2008-02-22,107.139999,108.480003,105.709999,108.07,7917200,92.855863
2008-02-21,108.099998,109.599998,106.43,106.93,8328000,91.876353
2008-02-20,105.43,108.209999,104.529999,107.849998,7671000,92.666834
2008-02-19,106.940002,107.620003,104.639999,105.00,7376400,90.218059
2008-02-15,105.269997,106.25,105.00,106.160004,6235600,91.214757
2008-02-14,107.940002,108.50,105.50,106.129997,7340600,91.188975
2008-02-13,107.129997,108.93,106.800003,108.419998,6608200,93.156589
2008-02-12,105.160004,107.330002,104.699997,106.529999,7650200,91.532664
2008-02-11,103.050003,105.550003,102.870003,105.139999,6098300,90.338349
2008-02-08,102.190002,103.669998,102.07,103.269997,6085600,88.731606
2008-02-07,102.889999,104.00,100.599998,102.339996,11255800,87.932532
2008-02-06,105.050003,106.489998,103.580002,103.589996,8265700,89.006556
2008-02-05,107.059998,108.050003,104.68,105.019997,9048900,89.891553
2008-02-04,108.669998,109.00,107.230003,107.93,5985500,92.382362
2008-02-01,107.160004,109.400002,105.860001,109.080002,8047100,93.366702
2008-01-31,104.209999,107.970001,103.699997,107.110001,9054600,91.680486
2008-01-30,105.849998,107.650002,104.860001,105.650002,7431100,90.430804
2008-01-29,105.50,106.800003,104.599998,106.099998,6616200,90.815977
2008-01-28,104.440002,105.769997,103.830002,104.980003,7858500,89.857321
2008-01-25,107.790001,107.790001,104.099998,104.519997,10025400,89.463579
2008-01-24,106.379997,107.510002,104.68,106.910004,13025700,91.509299
2008-01-23,99.629997,106.339996,98.50,106.099998,19588100,90.815977
2008-01-22,98.550003,103.089996,98.550003,101.220001,15129500,86.638958
2008-01-18,106.720001,106.720001,102.50,103.400002,23871700,88.504923
2008-01-17,102.00,103.449997,100.050003,101.099998,11934000,86.536242
2008-01-16,100.139999,102.860001,100.139999,101.629997,12681700,86.989893
2008-01-15,102.029999,104.639999,101.230003,101.830002,11629500,87.161086
2008-01-14,105.010002,105.589996,101.330002,102.93,18009400,88.102627
2008-01-11,99.199997,99.459999,97.040001,97.669998,8959900,83.600344
2008-01-10,97.389999,100.860001,97.150002,99.919998,10634700,85.526224
2008-01-09,97.760002,99.150002,97.160004,98.309998,10922100,84.148149
2008-01-08,100.050003,100.379997,97.169998,97.589996,9434400,83.531866
2008-01-07,100.25,101.00,99.029999,100.050003,12650400,85.637502
2008-01-04,103.949997,103.949997,100.480003,101.129997,11034600,86.56192
2008-01-03,104.830002,105.57,103.980003,104.900002,7528900,89.788843
2008-01-02,108.989998,108.989998,104.169998,104.690002,9503500,89.609095
2007-12-31,109.510002,110.00,107.260002,108.099998,5732300,92.527871
2007-12-28,110.760002,110.760002,109.110001,110.089996,5834500,94.231204
2007-12-27,110.529999,111.300003,109.489998,109.599998,4513600,93.811792
2007-12-26,110.900002,112.190002,110.900002,111.559998,3849400,95.489447
2007-12-24,111.199997,112.00,110.550003,111.650002,2342400,95.566486
2007-12-21,109.900002,111.160004,109.150002,111.050003,13246600,95.052919
2007-12-20,107.779999,109.489998,107.610001,108.839996,8030900,93.16127
2007-12-19,106.540001,108.379997,105.870003,107.139999,7031100,91.706163
2007-12-18,105.080002,106.970001,104.129997,106.309998,8042000,90.995725
2007-12-17,105.370003,105.989998,104.00,104.529999,7131100,89.472141
2007-12-14,107.309998,107.559998,104.099998,105.769997,9711200,90.533513
2007-12-13,108.00,108.639999,106.940002,108.18,6252800,92.596349
2007-12-12,109.169998,110.199997,107.379997,108.470001,7879800,92.844574
2007-12-11,109.339996,110.400002,106.459999,106.989998,8439700,91.57777
2007-12-10,109.379997,110.260002,109.00,109.389999,4442200,93.632044
2007-12-07,109.68,110.00,107.949997,108.860001,5985500,93.178393
2007-12-06,108.00,110.00,107.93,109.699997,5315500,93.897385
2007-12-05,107.830002,108.519997,106.980003,108.160004,6090400,92.579233
2007-12-04,105.410004,107.419998,104.720001,106.629997,6361800,91.269628
2007-12-03,105.550003,107.139999,104.580002,105.830002,7918800,90.584874
2007-11-30,108.57,109.190002,103.93,105.18,12900200,90.028508
2007-11-29,107.239998,107.870003,106.25,107.50,7813800,92.014304
2007-11-28,104.82,108.269997,104.360001,107.370003,9397700,91.903034
2007-11-27,102.699997,104.580002,101.50,103.830002,9117500,88.87298
2007-11-26,104.260002,105.150002,101.720001,101.970001,7340700,87.280918
2007-11-23,103.099998,104.139999,102.32,104.050003,2827700,89.06129
2007-11-21,101.410004,104.089996,101.410004,102.220001,7097200,87.494905
2007-11-20,102.589996,104.970001,101.379997,103.419998,8393400,88.522039
2007-11-19,104.339996,105.389999,101.339996,102.220001,9502200,87.494905
2007-11-16,104.510002,105.00,103.25,104.790001,9294000,89.694689
2007-11-15,103.239998,105.639999,103.050003,103.599998,8023600,88.67611
2007-11-14,106.120003,106.419998,102.839996,103.440002,8453600,88.539162
2007-11-13,102.730003,105.739998,102.50,105.269997,10777900,90.10554
2007-11-12,101.889999,104.190002,100.699997,101.449997,13553600,86.835822
2007-11-09,104.919998,104.919998,99.269997,100.25,18084100,85.808689
2007-11-08,105.650002,110.32,103.989998,106.110001,23092200,90.824539
2007-11-07,113.559998,113.639999,110.900002,111.080002,7087000,95.078596
2007-11-06,113.489998,113.949997,111.669998,113.169998,7299700,96.525143
2007-11-05,115.110001,115.110001,112.830002,113.400002,7155300,96.721318
2007-11-02,114.419998,115.150002,113.57,114.589996,6114800,97.73629
2007-11-01,115.50,116.089996,113.32,113.650002,7594400,96.934548
2007-10-31,114.75,116.25,113.279999,116.120003,7216800,99.041266
2007-10-30,114.50,114.900002,113.75,114.120003,4015500,97.335423
2007-10-29,113.900002,115.010002,113.849998,114.800003,5103200,97.91541
2007-10-26,113.00,114.00,112.07,113.730003,5030300,97.002784
2007-10-25,113.32,114.400002,111.690002,112.809998,6519900,96.218091
2007-10-24,114.199997,114.449997,111.68,112.949997,8072600,96.337499
2007-10-23,113.779999,114.800003,113.50,114.68,5562900,97.813057
2007-10-22,110.970001,113.879997,110.959999,113.370003,7576900,96.695731
2007-10-19,113.980003,114.93,111.800003,112.279999,10327200,95.766043
2007-10-18,114.82,116.410004,114.440002,114.800003,7736500,97.91541
2007-10-17,118.010002,118.010002,114.150002,115.779999,18100500,98.751269
2007-10-16,118.019997,119.940002,117.50,119.599998,11527300,102.00943
2007-10-15,117.949997,118.370003,116.75,118.029999,6267300,100.670343
2007-10-12,118.50,118.889999,117.279999,117.809998,5656200,100.482699
2007-10-11,118.989998,121.459999,117.370003,118.050003,13018800,100.687405
2007-10-10,118.00,118.800003,117.68,118.620003,5913800,101.17357
2007-10-09,117.849998,118.50,116.419998,118.300003,5670600,100.900636
2007-10-08,116.099998,118.230003,115.879997,117.769997,4822900,100.448582
2007-10-05,116.169998,116.709999,115.470001,116.300003,5749400,99.194792
2007-10-04,116.199997,116.75,115.00,115.690002,6177500,98.674509
2007-10-03,117.650002,117.839996,116.279999,116.400002,7914100,99.280083
2007-10-02,119.309998,119.599998,118.139999,118.360001,6911500,100.951809
2007-10-01,117.610001,119.50,117.50,119.029999,6777300,101.523265
2007-09-28,117.139999,118.50,117.099998,117.800003,7720200,100.474175
2007-09-27,117.50,118.209999,117.040001,117.709999,5834500,100.397408
2007-09-26,116.940002,118.080002,116.75,117.300003,6695200,100.047714
2007-09-25,116.019997,117.589996,115.790001,116.510002,7045200,99.373905
2007-09-24,116.900002,117.43,115.849998,116.25,5734300,99.152144
2007-09-21,117.889999,118.099998,116.349998,116.779999,9097300,99.604191
2007-09-20,116.269997,117.650002,116.199997,116.860001,5806400,99.672426
2007-09-19,116.900002,117.190002,115.779999,116.669998,10311200,99.510369
2007-09-18,115.00,116.779999,114.830002,116.629997,7839500,99.476251
2007-09-17,114.699997,115.25,114.300003,114.519997,5022400,97.676586
2007-09-14,115.050003,116.00,114.650002,115.129997,6904400,98.196869
2007-09-13,116.300003,117.00,115.739998,115.949997,4802700,98.896264
2007-09-12,116.949997,117.400002,115.690002,116.00,6287200,98.938913
2007-09-11,116.349998,117.779999,116.040001,117.349998,8098700,100.090356
2007-09-10,116.150002,117.50,115.32,115.800003,6118300,98.768331
2007-09-07,116.199997,116.970001,115.330002,115.550003,7511700,98.555101
2007-09-06,117.919998,118.75,116.239998,117.620003,6778600,100.320649
2007-09-05,117.480003,118.150002,116.550003,117.879997,6555500,100.542403
2007-09-04,116.339996,118.889999,116.150002,118.190002,8070500,100.806814
2007-08-31,115.989998,117.349998,115.550003,116.690002,6883600,99.527431
2007-08-30,113.620003,116.00,113.620003,115.370003,7756100,98.401575
2007-08-29,112.879997,114.980003,112.07,114.57,7049800,97.719235
2007-08-28,112.900002,113.589996,111.629997,112.00,6006600,95.527226
2007-08-27,113.00,113.849998,112.800003,113.440002,4921800,96.755436
2007-08-24,111.449997,113.25,110.809998,113.239998,7058700,96.584847
2007-08-23,110.400002,111.68,110.010002,111.449997,8271000,95.058117
2007-08-22,110.089996,110.50,109.150002,110.00,6329700,93.821383
2007-08-21,108.900002,110.110001,108.080002,109.040001,8458500,93.002579
2007-08-20,110.900002,111.099998,109.129997,109.220001,9839800,93.156105
2007-08-17,111.870003,112.669998,108.660004,110.900002,15274600,94.589014
2007-08-16,110.980003,111.419998,103.699997,109.690002,16723000,93.556979
2007-08-15,111.00,112.849998,109.910004,111.230003,11640200,94.87048
2007-08-14,112.830002,113.150002,111.739998,112.050003,5615600,95.569875
2007-08-13,112.989998,113.949997,112.309998,112.709999,6135500,96.1328
2007-08-10,109.75,113.50,109.699997,112.639999,9592200,96.073096
2007-08-09,110.769997,114.489998,110.730003,110.730003,9086000,94.444019
2007-08-08,114.300003,114.599998,112.260002,112.980003,7681400,96.363093
2007-08-07,113.019997,114.169998,112.25,113.529999,8021400,96.491028
2007-08-06,111.970001,113.889999,111.699997,113.889999,7245500,96.796998
2007-08-03,113.239998,114.18,111.699997,111.889999,9571300,95.097165
2007-08-02,112.099998,114.050003,111.50,113.230003,11318900,96.236057
2007-08-01,110.389999,112.730003,110.059998,112.040001,12390300,95.224654
2007-07-31,114.720001,114.720001,110.019997,110.650002,17816200,94.043271
2007-07-30,115.00,115.75,113.519997,114.519997,15095400,97.332444
2007-07-27,116.620003,117.949997,115.620003,115.620003,18138700,98.267357
2007-07-26,117.010002,118.82,115.519997,116.529999,16822100,99.040778
2007-07-25,116.190002,118.379997,115.239998,118.099998,11340000,100.375146
2007-07-24,115.32,117.00,115.019997,116.169998,10499300,98.734807
2007-07-23,114.879997,116.43,114.849998,116.379997,8040900,98.913289
2007-07-20,114.849998,115.860001,113.940002,114.809998,11706300,97.57892
2007-07-19,115.00,116.480003,114.650002,115.860001,17281600,98.471335
2007-07-18,110.25,111.879997,110.040001,111.080002,10154100,94.408735
2007-07-17,109.660004,111.470001,109.449997,110.769997,7619900,94.145256
2007-07-16,108.57,110.040001,108.419998,109.660004,8864200,93.201855
2007-07-13,108.75,109.199997,108.099998,108.599998,7124100,92.300939
2007-07-12,109.349998,109.650002,108.220001,109.279999,9544100,92.878883
2007-07-11,108.300003,109.599998,108.25,109.099998,5887800,92.725897
2007-07-10,108.550003,109.150002,108.25,108.629997,6209300,92.326435
2007-07-09,108.730003,109.349998,108.199997,108.970001,6046300,92.61541
2007-07-06,107.790001,109.660004,107.660004,109.029999,8977200,92.666403
2007-07-05,106.309998,108.389999,105.980003,108.050003,6670900,91.833489
2007-07-03,105.50,107.080002,105.239998,106.580002,4217900,90.58411
2007-07-02,105.389999,105.800003,104.580002,105.010002,4701300,89.249742
2007-06-29,105.959999,106.580002,104.099998,105.25,7018400,89.45372
2007-06-28,105.519997,106.919998,105.220001,105.949997,5430900,90.048659
2007-06-27,104.75,105.470001,104.400002,105.43,5403800,89.606705
2007-06-26,105.099998,106.059998,104.82,105.330002,5229600,89.521715
2007-06-25,104.730003,105.769997,104.50,105.099998,8476400,89.326231
2007-06-22,105.959999,106.440002,104.440002,104.440002,10808500,88.765289
2007-06-21,105.769997,107.00,105.610001,106.599998,5587800,90.601106
2007-06-20,106.50,107.019997,105.949997,106.00,6541500,90.091157
2007-06-19,104.93,106.660004,104.900002,106.50,5754000,90.516115
2007-06-18,105.269997,105.650002,104.889999,105.330002,6359200,89.521715
2007-06-15,104.220001,105.190002,103.879997,105.089996,9432300,89.31773
2007-06-14,103.099998,104.239998,102.809998,103.849998,5165600,88.263835
2007-06-13,102.849998,103.260002,102.099998,103.120003,6437600,87.6434
2007-06-12,103.110001,103.18,102.150002,102.339996,5578400,86.980459
2007-06-11,102.870003,104.00,102.50,103.220001,7903100,87.72839
2007-06-08,101.800003,103.209999,101.75,103.07,8216300,87.600901
2007-06-07,102.459999,103.169998,101.559998,101.800003,14384600,86.52151
2007-06-06,105.50,105.510002,102.389999,102.410004,30770700,87.03996
2007-06-05,106.550003,106.550003,105.540001,105.839996,5244200,89.955167
2007-06-04,106.50,106.589996,105.580002,106.230003,4569900,90.286641
2007-06-01,106.620003,107.239998,106.019997,106.540001,5289200,90.550113
2007-05-31,107.260002,107.669998,106.00,106.599998,5097700,90.601106
2007-05-30,105.400002,107.099998,105.209999,106.93,7401000,90.88158
2007-05-29,105.57,106.629997,105.300003,105.910004,5420300,90.014668
2007-05-25,103.900002,105.43,103.849998,105.18,6123000,89.394226
2007-05-24,105.449997,105.980003,103.57,103.949997,6926300,88.348826
2007-05-23,106.800003,107.00,105.25,105.580002,4396900,89.734194
2007-05-22,106.949997,107.25,106.010002,106.699997,5313300,90.686096
2007-05-21,107.669998,108.00,106.870003,107.040001,7512200,90.975071
2007-05-18,105.839996,108.050003,105.599998,107.989998,9857500,91.782489
2007-05-17,105.610001,106.230003,104.730003,105.309998,7706400,89.504713
2007-05-16,105.099998,105.889999,104.529999,105.870003,5613500,89.98067
2007-05-15,105.400002,105.800003,104.699997,104.830002,6104200,89.096756
2007-05-14,105.809998,106.25,104.790001,105.57,5732600,89.725693
2007-05-11,104.690002,105.989998,104.669998,105.980003,6026100,90.074162
2007-05-10,103.82,105.110001,103.709999,104.68,8959800,88.969268
2007-05-09,103.93,104.75,103.699997,104.379997,8408100,88.71429
2007-05-08,102.419998,103.389999,102.209999,103.290001,5965000,87.787884
2007-05-07,102.760002,103.169998,102.400002,103.160004,5620100,87.337429
2007-05-04,102.75,103.029999,102.25,102.959999,5464800,87.168101
2007-05-03,101.75,103.00,101.349998,102.800003,7302200,87.032645
2007-05-02,102.800003,103.139999,102.129997,102.220001,6820300,86.541603
2007-05-01,102.059998,103.169998,102.050003,103.169998,8670100,87.345891
2007-04-30,101.110001,103.00,100.970001,102.209999,10050400,86.533135
2007-04-27,100.300003,101.169998,100.059998,101.169998,6141400,85.652649
2007-04-26,101.00,101.50,100.209999,100.900002,8608500,85.424064
2007-04-25,98.739998,101.699997,98.730003,101.459999,14827300,85.89817
2007-04-24,97.230003,99.900002,97.230003,98.489998,21450700,83.383704
2007-04-23,95.160004,95.730003,95.050003,95.209999,7247400,80.606788
2007-04-20,95.019997,95.150002,93.910004,94.580002,9340300,80.073419
2007-04-19,94.50,94.870003,94.00,94.290001,9445600,79.827898
2007-04-18,94.800003,95.910004,94.400002,94.800003,15871700,80.259677
2007-04-17,96.300003,97.660004,96.019997,97.120003,10264000,82.223837
2007-04-16,94.989998,96.300003,94.720001,96.18,6865100,81.428012
2007-04-13,95.75,95.75,94.589996,94.93,6027800,80.369735
2007-04-12,95.029999,95.82,94.529999,95.669998,7085300,80.996233
2007-04-11,96.510002,96.699997,94.949997,95.160004,5936900,80.564461
2007-04-10,96.400002,96.800003,96.160004,96.459999,3596400,81.665064
2007-04-09,96.43,96.940002,96.120003,96.620003,4850600,81.800527
2007-04-05,95.980003,96.75,95.75,96.519997,3307100,81.71586
2007-04-04,95.800003,96.449997,95.57,96.209999,4276200,81.453409
2007-04-03,95.449997,96.230003,95.330002,96.099998,5730800,81.36028
2007-04-02,94.510002,95.50,94.059998,95.209999,5883700,80.606788
2007-03-30,94.239998,94.75,93.57,94.260002,7638100,79.802501
2007-03-29,94.660004,95.110001,93.959999,94.57,6851500,80.064951
2007-03-28,93.900002,95.019997,93.800003,94.260002,8128000,79.802501
2007-03-27,94.709999,95.029999,94.199997,94.730003,4695800,80.200414
2007-03-26,95.00,95.25,94.32,95.00,6729400,80.428998
2007-03-23,94.82,95.220001,94.650002,95.029999,4412500,80.454396
2007-03-22,95.099998,95.440002,94.650002,95.190002,5700400,80.589859
2007-03-21,94.50,95.809998,93.830002,95.360001,7665600,80.733783
2007-03-20,94.00,94.529999,93.550003,94.50,4560000,80.005688
2007-03-19,93.949997,94.32,93.389999,93.989998,4568100,79.573909
2007-03-16,94.449997,94.449997,93.019997,93.25,8728700,78.947412
2007-03-15,93.400002,93.970001,93.099998,93.449997,5910000,79.116733
2007-03-14,92.650002,94.029999,92.099998,93.760002,8713900,79.37919
2007-03-13,93.860001,94.470001,92.620003,92.709999,7539100,78.490236
2007-03-12,93.290001,94.169998,92.970001,94.110001,5531300,79.675506
2007-03-09,93.480003,94.00,92.82,93.279999,6333000,78.972809
2007-03-08,94.50,94.82,92.519997,93.00,7403900,78.735756
2007-03-07,93.970001,94.849998,93.620003,93.940002,10269100,79.531582
2007-03-06,92.400002,93.889999,92.260002,93.800003,9184200,79.413056
2007-03-05,90.25,92.150002,90.099998,91.809998,10314900,77.728275
2007-03-02,92.00,92.370003,90.839996,90.900002,9451300,76.957854
2007-03-01,90.25,93.050003,88.769997,92.269997,12865700,78.11772
2007-02-28,93.709999,94.089996,92.470001,92.940002,12191600,78.684961
2007-02-27,96.00,96.010002,92.879997,93.959999,11996700,79.548512
2007-02-26,97.860001,97.860001,96.459999,96.910004,5922100,82.046048
2007-02-23,98.400002,98.440002,97.410004,97.730003,6355800,82.740277
2007-02-22,98.800003,99.50,97.769997,98.50,5900100,83.392172
2007-02-21,98.900002,99.370003,98.699997,99.089996,4302400,83.891675
2007-02-20,98.660004,99.459999,98.550003,99.349998,4124200,84.111799
2007-02-16,99.120003,99.25,98.629997,98.989998,4800700,83.807015
2007-02-15,99.059998,99.519997,98.480003,98.919998,5568600,83.747751
2007-02-14,98.50,99.43,98.25,99.199997,5644800,83.984804
2007-02-13,98.599998,98.739998,97.800003,98.290001,5702800,83.214382
2007-02-12,98.800003,99.199997,98.220001,98.580002,5331000,83.459903
2007-02-09,99.519997,99.699997,97.809998,98.550003,6100400,83.434506
2007-02-08,98.900002,99.739998,98.650002,99.620003,6152200,84.34039
2007-02-07,99.800003,100.360001,99.120003,99.540001,7698200,84.272659
2007-02-06,100.00,100.400002,99.540001,99.849998,6532800,84.281122
2007-02-05,99.169998,100.440002,98.900002,100.379997,8184800,84.728482
2007-02-02,99.099998,99.730003,98.879997,99.169998,6656300,83.707149
2007-02-01,98.970001,99.18,97.959999,99.00,6610700,83.563658
2007-01-31,98.800003,99.480003,98.349998,99.150002,6432600,83.69027
2007-01-30,98.57,99.449997,98.50,99.370003,7177900,83.875968
2007-01-29,97.699997,98.660004,97.449997,98.540001,7294800,83.175383
2007-01-26,97.519997,97.830002,96.839996,97.449997,5771100,82.255335
2007-01-25,97.220001,97.919998,97.220001,97.510002,6201300,82.305984
2007-01-24,97.080002,97.580002,96.580002,97.400002,5700000,82.213135
2007-01-23,96.910004,97.379997,96.199997,97.080002,10337400,81.943031
2007-01-22,96.419998,97.230003,96.120003,97.110001,13539300,81.968352
2007-01-19,95.00,96.849998,94.550003,96.169998,26035800,81.174917
2007-01-18,99.800003,99.949997,98.910004,99.449997,14636100,83.94349
2007-01-17,100.690002,100.900002,99.900002,100.019997,8200700,84.424614
2007-01-16,99.400002,100.839996,99.300003,100.82,9602200,85.099878
2007-01-12,98.989998,99.690002,98.50,99.339996,6636500,83.850641
2007-01-11,99.00,99.900002,98.50,98.650002,8000700,83.268232
2007-01-10,98.50,99.050003,97.93,98.889999,8744800,83.470808
2007-01-09,99.080002,100.330002,99.07,100.07,11108200,84.46682
2007-01-08,98.50,99.50,98.349998,98.900002,10340000,83.479251
2007-01-05,97.599998,97.949997,96.910004,97.419998,7221300,82.230014
2007-01-04,97.25,98.790001,96.879997,98.309998,10524500,82.981242
2007-01-03,97.18,98.400002,96.260002,97.269997,9196800,82.103401
2006-12-29,97.00,97.879997,96.830002,97.150002,4455900,82.002116
2006-12-28,97.110001,97.400002,96.870003,96.970001,4501700,81.850182
2006-12-27,96.300003,97.230003,96.269997,97.199997,4571600,82.044316
2006-12-26,95.00,95.809998,94.919998,95.660004,2278700,80.744442
2006-12-22,95.75,95.980003,95.239998,95.25,3031500,80.398367
2006-12-21,95.779999,96.50,95.529999,95.910004,4405600,80.955462
2006-12-20,96.099998,96.50,95.699997,96.00,3654600,81.031425
2006-12-19,95.099998,96.389999,94.910004,96.00,4933200,81.031425
2006-12-18,94.949997,96.160004,94.800003,95.440002,7984900,80.558744
2006-12-15,95.610001,95.800003,95.050003,95.300003,8086500,80.440574
2006-12-14,94.970001,95.720001,94.540001,95.360001,4644100,80.491216
2006-12-13,94.779999,95.330002,94.50,94.769997,6441300,79.993208
2006-12-12,93.599998,94.849998,93.300003,94.120003,7783800,79.444562
2006-12-11,93.720001,94.349998,93.559998,93.639999,3459200,79.039402
2006-12-08,93.650002,94.389999,93.470001,93.860001,4140000,79.2251
2006-12-07,94.00,94.43,93.550003,94.230003,4310800,79.537411
2006-12-06,94.480003,94.870003,94.010002,94.120003,5947300,79.444562
2006-12-05,93.510002,94.639999,93.440002,94.480003,6886200,79.748431
2006-12-04,92.50,93.949997,92.25,93.510002,7507900,78.929675
2006-12-01,91.900002,91.910004,90.550003,91.25,5445400,77.022058
2006-11-30,91.349998,92.480003,91.25,91.919998,6470700,77.587588
2006-11-29,91.349998,91.660004,91.010002,91.519997,4623000,77.249956
2006-11-28,90.650002,91.57,90.43,91.349998,4962100,77.106465
2006-11-27,92.709999,93.239998,91.120003,91.449997,6284000,77.190871
2006-11-24,93.050003,93.75,92.980003,93.349998,2129800,78.794619
2006-11-22,92.900002,93.739998,92.800003,93.519997,3351700,78.938111
2006-11-21,93.010002,93.43,92.849998,93.080002,3067800,78.566721
2006-11-20,93.599998,93.800003,93.010002,93.25,5010600,78.710213
2006-11-17,93.419998,94.050003,93.309998,93.809998,5251000,79.182894
2006-11-16,93.07,93.599998,92.599998,93.470001,4171500,78.895911
2006-11-15,93.080002,93.279999,92.540001,93.110001,4172800,78.592042
2006-11-14,92.00,93.290001,91.650002,93.290001,5873000,78.743977
2006-11-13,91.550003,92.43,91.410004,92.07,4358300,77.714201
2006-11-10,92.300003,92.349998,91.629997,91.760002,5369600,77.452539
2006-11-09,92.589996,93.190002,92.370003,92.419998,4518900,78.009627
2006-11-08,92.25,92.919998,92.010002,92.589996,6022200,78.153119
2006-11-07,92.419998,93.400002,92.410004,92.75,7305200,78.034954
2006-11-06,91.50,92.739998,91.50,92.599998,6240600,77.908751
2006-11-03,91.760002,92.339996,91.18,91.410004,4506400,76.907552
2006-11-02,91.800003,91.949997,91.25,91.68,4895100,77.134713
2006-11-01,92.50,92.68,91.50,91.800003,5845700,77.235677
2006-10-31,91.50,92.68,91.50,92.330002,9267300,77.68159
2006-10-30,89.800003,92.00,89.800003,91.50,5594000,76.98327
2006-10-27,90.910004,91.889999,90.580002,90.760002,5840300,76.360675
2006-10-26,91.830002,91.93,91.25,91.540001,4990300,77.016925
2006-10-25,91.209999,91.989998,90.940002,91.830002,6122100,77.260917
2006-10-24,90.910004,91.949997,90.800003,91.489998,9222300,76.974855
2006-10-23,90.050003,92.00,90.010002,91.559998,8862300,77.033749
2006-10-20,90.040001,90.699997,89.550003,90.480003,7390900,76.125099
2006-10-19,89.800003,90.980003,89.309998,89.860001,10671400,75.603461
2006-10-18,90.510002,92.040001,89.730003,89.82,27875200,75.569807
2006-10-17,86.330002,87.940002,86.220001,86.949997,13295500,73.155138
2006-10-16,86.080002,87.599998,85.75,86.709999,8633100,72.953216
2006-10-13,84.449997,86.209999,84.440002,86.080002,7788600,72.42317
2006-10-12,84.199997,84.900002,84.099998,84.699997,4661700,71.262107
2006-10-11,84.150002,84.690002,83.790001,84.190002,5210600,70.833024
2006-10-10,83.709999,84.629997,83.559998,84.190002,4712900,70.833024
2006-10-09,83.139999,84.080002,83.00,84.00,4490200,70.673166
2006-10-06,82.93,83.779999,82.50,83.139999,5340900,69.949607
2006-10-05,82.809998,83.209999,82.599998,82.919998,4956600,69.76451
2006-10-04,81.650002,83.25,81.629997,83.099998,6119300,69.915952
2006-10-03,81.879997,82.260002,81.559998,81.650002,4838500,68.696002
2006-10-02,81.760002,82.470001,81.580002,81.870003,4483300,68.881099
2006-09-29,81.900002,82.790001,81.769997,81.940002,4770700,68.939993
2006-09-28,81.849998,82.349998,81.720001,81.989998,4592300,68.982057
2006-09-27,82.00,82.669998,81.709999,82.089996,5880500,69.06619
2006-09-26,81.900002,82.660004,81.699997,82.50,4731800,69.411145
2006-09-25,81.650002,82.279999,81.279999,82.00,5683000,68.990472
2006-09-22,81.75,82.120003,81.010002,81.209999,4350200,68.325807
2006-09-21,82.610001,83.25,81.349998,81.610001,8909000,68.662347
2006-09-20,82.370003,83.790001,82.199997,83.419998,7524600,70.185183
2006-09-19,81.970001,82.089996,81.419998,81.870003,5088600,68.881099
2006-09-18,82.559998,83.209999,82.169998,82.239998,4417600,69.192393
2006-09-15,83.209999,83.589996,82.790001,82.940002,8203800,69.78134
2006-09-14,81.900002,83.00,81.739998,82.470001,4265300,69.385906
2006-09-13,82.25,82.699997,81.839996,82.209999,4920200,69.167154
2006-09-12,81.139999,82.50,81.059998,82.279999,5722200,69.226048
2006-09-11,80.599998,81.199997,80.25,80.93,4314300,68.090231
2006-09-08,79.599998,80.860001,79.349998,80.660004,4498600,67.86307
2006-09-07,79.900002,80.379997,79.309998,79.400002,3913300,66.80297
2006-09-06,80.290001,80.690002,80.169998,80.279999,3727600,67.543354
2006-09-05,81.190002,81.540001,80.599998,80.849998,3968500,68.022921
2006-09-01,81.129997,81.57,80.809998,81.410004,3294000,68.49408
2006-08-31,81.300003,81.50,80.779999,80.970001,3786200,68.123885
2006-08-30,81.260002,81.68,80.839996,81.220001,4688800,68.334222
2006-08-29,80.059998,81.480003,80.059998,81.400002,5208500,68.485665
2006-08-28,79.910004,80.470001,79.760002,80.32,5259400,67.577008
2006-08-25,79.199997,80.00,79.139999,79.879997,3427400,67.206813
2006-08-24,78.900002,79.50,78.870003,79.379997,3473300,66.78614
2006-08-23,78.949997,79.470001,78.419998,78.669998,3425700,66.188784
2006-08-22,79.279999,79.550003,78.610001,78.949997,4057200,66.42436
2006-08-21,79.510002,79.879997,78.870003,79.279999,3676500,66.702006
2006-08-18,79.379997,79.970001,78.629997,79.900002,5399200,67.223644
2006-08-17,78.93,79.559998,78.529999,79.370003,5535400,66.777731
2006-08-16,77.480003,79.279999,77.349998,79.089996,7386500,66.542148
2006-08-15,76.900002,77.139999,76.309998,77.080002,5985400,64.851045
2006-08-14,76.050003,77.489998,75.599998,76.68,4997400,64.514505
2006-08-11,75.339996,75.779999,75.199997,75.480003,3695800,63.504891
2006-08-10,75.199997,76.080002,75.050003,75.739998,3213600,63.723636
2006-08-09,75.559998,76.279999,75.389999,75.389999,4480400,63.429166
2006-08-08,75.629997,76.260002,75.110001,75.330002,3794700,63.378687
2006-08-07,75.629997,76.199997,75.279999,75.519997,3870200,63.286135
2006-08-04,76.650002,76.769997,75.32,75.910004,5062400,63.612963
2006-08-03,76.00,76.730003,75.400002,76.330002,2765800,63.964924
2006-08-02,76.209999,76.93,76.199997,76.32,3283800,63.956542
2006-08-01,76.650002,77.379997,75.75,76.139999,4406700,63.805701
2006-07-31,76.440002,77.50,76.150002,77.410004,5381800,64.869971
2006-07-28,76.379997,77.300003,76.260002,76.959999,4165700,64.492865
2006-07-27,75.830002,77.290001,75.75,76.150002,6439100,63.814083
2006-07-26,75.480003,76.300003,75.360001,75.830002,3870100,63.545921
2006-07-25,75.989998,76.410004,75.309998,75.889999,5580300,63.596199
2006-07-24,74.919998,76.150002,74.919998,75.989998,5611200,63.679999
2006-07-21,75.489998,75.50,74.50,74.860001,8372500,62.733055
2006-07-20,75.730003,75.879997,75.199997,75.480003,12214900,63.252621
2006-07-19,76.00,77.059998,76.00,76.07,14536900,63.747041
2006-07-18,73.699997,74.419998,72.730003,74.260002,8667500,62.230254
2006-07-17,73.349998,73.940002,73.199997,73.699997,6822700,61.760966
2006-07-14,74.239998,74.300003,73.370003,73.57,6957800,61.652028
2006-07-13,75.010002,75.279999,73.830002,74.239998,8754700,62.21349
2006-07-12,76.07,76.300003,74.82,75.480003,8372100,63.252621
2006-07-11,76.25,76.650002,75.440002,76.470001,6086500,64.082244
2006-07-10,76.18,76.830002,75.870003,76.669998,7154700,64.249842
2006-07-07,78.089996,78.089996,76.120003,76.419998,6641600,64.040341
2006-07-06,77.589996,78.529999,77.57,78.089996,4333100,65.439808
2006-07-05,78.00,78.389999,77.519997,77.769997,4047800,65.171647
2006-07-03,77.540001,78.269997,77.269997,78.019997,3177300,65.381148
2006-06-30,77.699997,77.93,76.790001,76.82,7911700,64.375544
2006-06-29,76.889999,77.800003,76.559998,77.589996,5448900,65.020805
2006-06-28,76.529999,76.599998,76.059998,76.559998,4392100,64.157661
2006-06-27,77.32,77.599998,76.32,76.629997,5596800,64.216321
2006-06-26,77.040001,77.519997,76.800003,77.150002,3448000,64.652088
2006-06-23,77.150002,77.839996,76.940002,77.099998,4520600,64.610185
2006-06-22,78.160004,78.370003,77.00,77.190002,5563700,64.685608
2006-06-21,77.989998,78.559998,77.980003,78.300003,5559100,65.615795
2006-06-20,77.839996,78.300003,77.25,77.989998,6124500,65.356009
2006-06-19,77.900002,78.300003,77.339996,77.669998,5302100,65.087847
2006-06-16,78.440002,78.529999,77.57,77.949997,8133500,65.322488
2006-06-15,77.849998,78.779999,76.949997,78.559998,6679400,65.833671
2006-06-14,76.93,77.849998,76.93,77.709999,6038600,65.121368
2006-06-13,77.139999,77.93,76.82,76.93,7374100,64.467725
2006-06-12,77.629997,78.089996,77.010002,77.019997,4924900,64.543143
2006-06-09,77.239998,78.099998,77.050003,77.629997,6135400,65.054326
2006-06-08,78.550003,79.580002,76.75,77.029999,13474400,64.551525
2006-06-07,79.779999,80.739998,79.120003,79.150002,7924800,66.328098
2006-06-06,79.059998,79.900002,78.50,79.760002,7250600,66.839281
2006-06-05,79.099998,80.040001,79.010002,79.059998,5555800,66.252674
2006-06-02,80.50,80.559998,79.150002,79.519997,7232300,66.638155
2006-06-01,79.889999,80.870003,79.809998,80.690002,4866500,67.618626
2006-05-31,80.150002,80.830002,79.610001,79.900002,6384900,66.956601
2006-05-30,80.349998,80.959999,80.150002,80.160004,5049100,67.174484
2006-05-26,80.160004,80.860001,79.699997,80.75,3580800,67.668904
2006-05-25,79.889999,80.18,79.650002,80.139999,3995000,67.157721
2006-05-24,79.349998,80.040001,79.059998,79.779999,7389600,66.856038
2006-05-23,80.25,81.300003,79.639999,79.830002,5006400,66.897941
2006-05-22,79.830002,80.339996,79.400002,80.019997,6250900,67.057158
2006-05-19,80.860001,81.00,79.510002,80.279999,7019100,67.275041
2006-05-18,80.50,81.349998,80.029999,80.660004,5443600,67.593487
2006-05-17,81.75,82.209999,81.019997,81.269997,5936000,68.104664
2006-05-16,83.00,83.25,82.07,82.160004,4454800,68.850494
2006-05-15,81.800003,83.150002,81.800003,82.889999,5776400,69.462234
2006-05-12,82.470001,83.690002,82.300003,82.389999,5685700,69.043232
2006-05-11,82.650002,83.089996,82.449997,82.459999,5274500,69.101892
2006-05-10,82.900002,83.330002,82.599998,82.900002,3430400,69.470616
2006-05-09,82.489998,83.290001,82.410004,83.230003,4072800,69.747159
2006-05-08,82.599998,83.220001,82.300003,82.889999,3856500,69.462234
2006-05-05,82.949997,83.339996,82.699997,83.279999,4504500,69.537651
2006-05-04,82.870003,83.089996,82.400002,82.43,3966900,68.827914
2006-05-03,82.540001,83.290001,82.449997,82.699997,5721100,69.053357
2006-05-02,82.110001,82.739998,82.00,82.419998,4336400,68.819562
2006-05-01,82.589996,83.309998,82.099998,82.230003,6011100,68.660919
2006-04-28,83.510002,83.620003,81.980003,82.339996,8201800,68.752761
2006-04-27,82.699997,84.400002,82.699997,83.879997,8174300,70.038641
2006-04-26,82.839996,83.480003,82.709999,83.349998,6648800,69.596099
2006-04-25,81.949997,82.900002,81.599998,82.669998,6856300,69.028308
2006-04-24,81.300003,82.410004,81.099998,82.110001,6604100,68.560718
2006-04-21,82.489998,82.50,81.379997,81.660004,6117400,68.184977
2006-04-20,81.650002,82.849998,81.639999,82.019997,6237200,68.485566
2006-04-19,83.949997,84.00,81.260002,81.860001,10554700,68.351972
2006-04-18,81.889999,83.529999,81.699997,83.309998,7905800,69.562699
2006-04-17,81.919998,82.919998,81.400002,81.639999,4634200,68.168274
2006-04-13,81.18,82.599998,81.120003,81.980003,4799700,68.452172
2006-04-12,81.099998,81.370003,80.629997,80.75,3905200,67.425136
2006-04-11,81.830002,82.059998,80.75,81.160004,5959700,67.767484
2006-04-10,82.269997,82.739998,82.00,82.099998,3627700,68.552367
2006-04-07,83.599998,83.800003,82.440002,82.480003,5337500,68.869665
2006-04-06,83.699997,84.32,83.360001,83.809998,4944100,69.980192
2006-04-05,83.330002,84.449997,83.32,84.169998,5523900,70.280788
2006-04-04,83.050003,83.779999,82.800003,83.449997,3853000,69.679597
2006-04-03,82.720001,83.589996,82.650002,83.059998,4121600,69.353953
2006-03-31,82.949997,83.599998,82.290001,82.470001,5862000,68.861314
2006-03-30,82.879997,83.699997,82.830002,83.199997,4467000,69.47085
2006-03-29,82.199997,83.550003,82.199997,83.129997,4392100,69.412401
2006-03-28,82.860001,83.389999,82.290001,82.43,4508600,68.827914
2006-03-27,82.980003,83.260002,82.580002,83.080002,3910100,69.370656
2006-03-24,82.989998,83.720001,82.989998,83.360001,4198800,69.604451
2006-03-23,84.230003,84.269997,82.93,83.199997,5105800,69.47085
2006-03-22,83.349998,84.68,83.349998,84.449997,4968600,70.514583
2006-03-21,83.82,84.989998,83.580002,83.809998,7404300,69.980192
2006-03-20,83.110001,83.75,82.989998,83.580002,3870300,69.788149
2006-03-17,83.349998,83.410004,82.82,83.300003,6414400,69.554354
2006-03-16,83.43,83.720001,82.610001,82.870003,4299500,69.19531
2006-03-15,82.650002,83.760002,82.639999,83.379997,5370400,69.621148
2006-03-14,81.510002,82.989998,81.470001,82.879997,4518000,69.203655
2006-03-13,81.559998,82.400002,81.449997,81.93,4571400,68.41042
2006-03-10,81.029999,82.25,81.029999,81.57,4787200,68.109825
2006-03-09,81.260002,81.980003,80.800003,81.019997,4310700,67.65058
2006-03-08,80.25,81.599998,80.25,81.139999,5569900,67.750781
2006-03-07,80.010002,80.790001,79.860001,80.290001,4330800,67.041044
2006-03-06,79.910004,80.639999,79.900002,80.00,4709500,66.798897
2006-03-03,79.510002,80.830002,79.510002,79.959999,4354400,66.765497
2006-03-02,79.550003,80.209999,79.540001,79.940002,4418800,66.7488
2006-03-01,80.199997,80.809998,79.779999,79.900002,5172300,66.715399
2006-02-28,80.099998,80.550003,79.709999,80.239998,5960700,66.999292
2006-02-27,79.970001,80.889999,79.949997,80.629997,3787000,67.324936
2006-02-24,80.650002,80.650002,79.849998,80.099998,3903200,66.882394
2006-02-23,81.199997,81.339996,80.040001,80.199997,4979400,66.965891
2006-02-22,80.00,81.650002,79.970001,81.349998,5294300,67.926127
2006-02-21,80.099998,80.75,79.970001,80.50,5838000,67.21639
2006-02-17,80.910004,81.029999,80.129997,80.709999,5298800,67.391736
2006-02-16,80.68,80.910004,80.129997,80.910004,5310500,67.558737
2006-02-15,80.860001,81.50,80.50,80.849998,5052000,67.508634
2006-02-14,80.550003,81.449997,80.349998,81.089996,6075500,67.709029
2006-02-13,81.330002,81.910004,80.18,80.440002,5257400,67.166293
2006-02-10,80.400002,81.459999,80.199997,81.330002,5371900,67.90943
2006-02-09,80.400002,80.800003,79.50,80.400002,7609200,67.132893
2006-02-08,80.580002,80.900002,80.239998,80.800003,5029200,67.466888
2006-02-07,79.50,80.190002,79.300003,79.849998,5247300,66.506653
2006-02-06,79.940002,79.949997,78.93,79.510002,9568500,66.223472
2006-02-03,80.550003,80.769997,79.720001,79.970001,9852000,66.606603
2006-02-02,81.449997,81.589996,80.900002,81.230003,6198000,67.656052
2006-02-01,80.900002,82.239998,80.650002,81.940002,5419300,68.247407
2006-01-31,81.50,82.00,81.169998,81.300003,6771600,67.714355
2006-01-30,80.209999,81.809998,80.209999,81.629997,5325100,67.989205
2006-01-27,80.75,81.769997,80.75,81.019997,6103400,67.481139
2006-01-26,81.50,81.650002,80.589996,80.720001,7810200,67.231274
2006-01-25,81.050003,81.620003,80.610001,80.910004,6374300,67.389526
2006-01-24,81.389999,82.150002,80.800003,80.849998,6069000,67.339548
2006-01-23,81.330002,81.919998,80.919998,81.410004,6114100,67.805974
2006-01-20,83.040001,83.050003,81.25,81.360001,8605800,67.764326
2006-01-19,84.139999,84.389999,83.019997,83.089996,6483500,69.205231
2006-01-18,84.00,84.699997,83.519997,83.800003,10984800,69.796592
2006-01-17,82.800003,83.160004,82.540001,83.00,8718400,69.130274
2006-01-13,83.00,83.449997,82.50,83.169998,6921600,69.271864
2006-01-12,83.82,83.959999,83.400002,83.57,4924100,69.605023
2006-01-11,84.370003,84.809998,83.400002,84.169998,5776400,70.104759
2006-01-10,83.150002,84.120003,83.120003,84.07,5700000,70.021471
2006-01-09,83.900002,84.25,83.379997,83.730003,6851100,69.73829
2006-01-06,83.949997,85.029999,83.410004,84.949997,8196900,70.754416
2006-01-05,81.400002,82.900002,81.25,82.50,7213400,68.713826
2006-01-04,82.199997,82.50,81.330002,81.949997,9832800,68.255731
2006-01-03,82.449997,82.550003,80.809998,82.059998,11715100,68.34735
2005-12-30,81.849998,82.489998,81.559998,82.199997,5449000,68.463955
2005-12-29,82.800003,83.059998,82.220001,82.400002,3958400,68.630538
2005-12-28,83.099998,83.57,82.800003,83.040001,3836800,69.16359
2005-12-27,83.480003,84.50,82.889999,82.989998,4377800,69.121943
2005-12-23,84.00,84.199997,83.389999,83.480003,3616200,69.530066
2005-12-22,82.610001,83.230003,82.300003,83.220001,6573600,69.313511
2005-12-21,82.459999,84.00,82.459999,83.120003,6846800,69.230223
2005-12-20,82.949997,83.099998,82.059998,82.480003,5276200,68.697171
2005-12-19,83.230003,83.599998,82.650002,82.760002,4985400,68.930381
2005-12-16,83.889999,84.00,83.00,83.370003,7398200,69.438447
2005-12-15,82.879997,83.629997,82.75,83.529999,6155900,69.571707
2005-12-14,83.650002,83.949997,82.949997,83.129997,7161800,69.238548
2005-12-13,84.50,84.900002,83.50,83.709999,12545300,69.721628
2005-12-12,87.010002,87.349998,85.760002,85.959999,6044100,71.595642
2005-12-09,86.800003,87.099998,86.330002,86.970001,6461800,72.436867
2005-12-08,88.57,88.910004,86.669998,87.50,5787000,72.8783
2005-12-07,89.00,89.919998,88.449997,88.720001,5284000,73.894433
2005-12-06,88.559998,89.839996,88.559998,89.139999,4871500,74.244247
2005-12-05,88.400002,88.650002,87.709999,88.43,4023600,73.652893
2005-12-02,89.00,89.150002,88.360001,88.650002,4730500,73.836131
2005-12-01,89.150002,89.739998,89.050003,89.209999,4668500,74.30255
2005-11-30,89.050003,89.639999,88.730003,88.900002,6021500,74.044354
2005-11-29,89.18,89.940002,89.019997,89.099998,5147000,74.210931
2005-11-28,88.800003,89.43,88.75,89.110001,5197900,74.219262
2005-11-25,88.949997,89.32,88.620003,88.800003,2199300,73.961066
2005-11-23,88.120003,89.389999,87.949997,88.800003,5399300,73.961066
2005-11-22,86.879997,88.080002,86.879997,87.989998,5786600,73.286417
2005-11-21,87.599998,87.870003,87.010002,87.290001,4807900,72.703393
2005-11-18,88.00,88.00,87.169998,87.769997,7985800,73.103179
2005-11-17,86.18,86.980003,85.760002,86.889999,5293600,72.370234
2005-11-16,85.449997,86.580002,85.389999,86.540001,6694100,72.078722
2005-11-15,84.029999,85.900002,84.029999,85.529999,6830800,71.237497
2005-11-14,84.25,85.00,84.110001,84.360001,3915300,70.263011
2005-11-11,84.199997,84.839996,84.150002,84.550003,4841300,70.421263
2005-11-10,82.699997,84.300003,82.300003,83.989998,4732000,69.954838
2005-11-09,82.709999,83.330002,82.489998,82.839996,3936200,68.997007
2005-11-08,83.410004,83.900002,83.110001,83.150002,3798000,69.255209
2005-11-07,83.099998,83.849998,83.07,83.610001,4455100,69.47176
2005-11-04,82.910004,83.300003,82.650002,83.00,3831400,68.964909
2005-11-03,81.550003,83.029999,81.309998,82.870003,7690900,68.856894
2005-11-02,81.199997,81.889999,80.639999,81.059998,6447400,67.352956
2005-11-01,81.849998,82.150002,81.290001,81.589996,5653100,67.793333
2005-10-31,81.510002,82.300003,81.300003,81.879997,7531200,68.034296
2005-10-28,82.32,82.43,80.50,81.419998,6941300,67.652081
2005-10-27,82.529999,82.93,82.25,82.309998,3705800,68.391584
2005-10-26,82.970001,83.870003,82.720001,82.889999,4270800,68.873509
2005-10-25,83.080002,83.949997,82.709999,83.360001,5393300,69.264034
2005-10-24,83.150002,83.610001,82.599998,83.470001,5482200,69.355434
2005-10-21,83.080002,84.00,82.910004,83.330002,6020700,69.239108
2005-10-20,84.00,84.190002,82.879997,83.169998,5752700,69.106161
2005-10-19,82.410004,84.199997,82.379997,84.169998,7502600,69.937063
2005-10-18,84.330002,84.599998,83.349998,83.480003,12045300,69.363745
2005-10-17,82.360001,82.989998,81.93,82.589996,7964800,68.624236
2005-10-14,82.599998,82.709999,81.599998,82.349998,5573700,68.424821
2005-10-13,81.699997,83.199997,81.699997,82.199997,5530600,68.300184
2005-10-12,82.75,82.93,81.949997,82.190002,7580800,68.29188
2005-10-11,82.25,83.519997,81.970001,83.190002,9781300,69.122782
2005-10-10,81.239998,82.099998,81.080002,81.25,7882900,67.510829
2005-10-07,80.25,81.120003,80.089996,80.50,6130100,66.887653
2005-10-06,79.82,80.269997,78.699997,79.699997,8130200,66.222928
2005-10-05,80.110001,80.68,79.559998,79.82,4998800,66.322639
2005-10-04,80.650002,81.470001,79.93,80.110001,6365100,66.563601
2005-10-03,80.220001,80.599998,79.50,80.449997,5297600,66.846105
2005-09-30,80.019997,80.50,79.970001,80.220001,5536500,66.655001
2005-09-29,79.25,80.550003,78.870003,80.360001,5899700,66.771327
2005-09-28,78.059998,79.730003,78.059998,79.50,7747700,66.05675
2005-09-27,77.169998,78.599998,77.160004,77.989998,5499600,64.802086
2005-09-26,78.309998,78.410004,76.93,77.410004,5433200,64.320167
2005-09-23,77.699997,78.110001,77.50,78.00,5434600,64.810396
2005-09-22,77.559998,78.50,77.300003,78.209999,6870400,64.984885
2005-09-21,78.00,78.459999,77.370003,77.559998,7126000,64.444797
2005-09-20,79.269997,79.650002,78.629997,78.699997,7122300,65.392026
2005-09-19,79.739998,79.980003,79.010002,79.43,5148500,65.998587
2005-09-16,80.379997,80.50,79.830002,80.330002,7624900,66.746401
2005-09-15,80.43,80.650002,79.669998,80.010002,4864100,66.480512
2005-09-14,80.75,81.400002,80.419998,80.480003,3887700,66.871037
2005-09-13,81.489998,81.489998,80.519997,80.75,5040900,67.095378
2005-09-12,81.029999,82.110001,81.00,81.480003,3692800,67.70194
2005-09-09,80.860001,81.489998,80.519997,81.440002,3982200,67.668703
2005-09-08,81.279999,81.519997,80.50,80.800003,4277300,67.136926
2005-09-07,80.699997,81.129997,80.32,80.980003,4116300,67.286489
2005-09-06,79.699997,81.190002,79.699997,81.019997,6305500,67.319719
2005-09-02,79.50,80.010002,79.459999,79.459999,3680600,66.023513
2005-09-01,80.160004,80.32,79.339996,79.540001,6390600,66.089987
2005-08-31,80.349998,80.790001,79.870003,80.620003,5400800,66.987363
2005-08-30,81.00,81.00,79.980003,80.540001,5674200,66.920889
2005-08-29,80.00,81.75,79.900002,81.339996,4025300,67.585608
2005-08-26,80.809998,81.019997,80.260002,80.379997,5029300,66.787942
2005-08-25,81.449997,81.449997,80.720001,81.099998,3606100,67.386193
2005-08-24,81.529999,82.400002,81.230003,81.32,4417600,67.568992
2005-08-23,82.699997,83.139999,81.599998,82.029999,4000300,68.158932
2005-08-22,82.75,83.349998,81.849998,82.599998,5157200,68.632547
2005-08-19,81.360001,83.300003,81.360001,82.760002,6481000,68.765494
2005-08-18,81.099998,82.00,80.800003,81.150002,3713300,67.427741
2005-08-17,81.400002,81.940002,80.839996,81.300003,4853000,67.552377
2005-08-16,82.07,82.43,81.089996,81.300003,4407400,67.552377
2005-08-15,81.900002,82.940002,81.610001,82.50,3431100,68.549458
2005-08-12,82.150002,82.580002,82.059998,82.190002,4378200,68.29188
2005-08-11,81.93,82.75,81.620003,82.660004,4570400,68.682405
2005-08-10,83.650002,84.010002,81.970001,82.019997,5402400,68.150622
2005-08-09,83.400002,83.949997,82.940002,83.50,3793500,69.38036
2005-08-08,83.410004,83.889999,83.019997,83.360001,4424300,69.264034
2005-08-05,82.75,83.739998,82.730003,83.360001,3714600,69.097853
2005-08-04,83.75,83.889999,82.980003,83.120003,5249900,68.898917
2005-08-03,83.309998,84.199997,83.110001,84.059998,4256200,69.678087
2005-08-02,83.269997,83.860001,83.040001,83.309998,5380700,69.056405
2005-08-01,83.00,83.849998,82.849998,83.43,3664300,69.155876
2005-07-29,83.300003,83.949997,83.220001,83.459999,4330300,69.180743
2005-07-28,83.550003,83.970001,83.269997,83.800003,6189700,69.462575
2005-07-27,83.800003,84.129997,82.809998,83.870003,4862200,69.520598
2005-07-26,84.150002,84.349998,83.849998,84.120003,4542900,69.727826
2005-07-25,83.980003,84.519997,83.919998,84.199997,4457800,69.794134
2005-07-22,83.980003,84.629997,83.860001,84.440002,4570400,69.993076
2005-07-21,84.599998,84.949997,83.400002,84.400002,8265300,69.959919
2005-07-20,83.199997,84.959999,82.989998,84.599998,9323200,70.125698
2005-07-19,84.720001,85.110001,83.699997,83.699997,14149700,69.379679
2005-07-18,81.989998,83.940002,81.68,81.809998,8705600,67.813042
2005-07-15,82.43,82.75,81.519997,82.379997,7644100,68.285519
2005-07-14,82.00,82.669998,82.00,82.419998,8546200,68.318677
2005-07-13,81.160004,81.75,81.160004,81.449997,11340000,67.514634
2005-07-12,79.199997,80.489998,79.18,80.040001,10945500,66.345876
2005-07-11,79.400002,79.519997,78.519997,78.959999,7186700,65.450652
2005-07-08,77.379997,79.519997,77.139999,79.300003,13440500,65.732485
2005-07-07,75.150002,77.529999,75.00,77.379997,10757200,64.140975
2005-07-06,74.800003,76.150002,74.400002,75.809998,8009300,62.839588
2005-07-05,74.379997,74.970001,74.160004,74.790001,5181800,61.994103
2005-07-01,74.300003,75.330002,74.300003,74.669998,4353100,61.894632
2005-06-30,74.800003,75.489998,74.07,74.199997,6127000,61.505044
2005-06-29,75.260002,75.68,74.620003,74.730003,5519100,61.944371
2005-06-28,73.830002,75.300003,73.449997,75.300003,8188800,62.416849
2005-06-27,74.010002,74.769997,73.50,73.879997,6489800,61.239793
2005-06-24,75.169998,75.400002,74.00,74.010002,10792100,61.347555
2005-06-23,76.809998,76.970001,75.059998,75.410004,7766700,62.508029
2005-06-22,76.830002,77.489998,76.669998,77.230003,5646300,64.016643
2005-06-21,76.699997,77.00,76.110001,76.410004,5339100,63.336938
2005-06-20,76.029999,76.980003,75.57,76.550003,3745600,63.452985
2005-06-17,77.699997,77.730003,76.379997,76.389999,8593800,63.320356
2005-06-16,76.400002,77.25,76.309998,77.050003,7840000,63.867439
2005-06-15,75.699997,76.50,75.150002,76.300003,7103600,63.245758
2005-06-14,75.050003,75.43,74.730003,74.889999,4314900,62.076993
2005-06-13,74.50,75.93,74.449997,75.050003,5715700,62.209621
2005-06-10,74.75,75.050003,74.099998,74.769997,4895800,61.977522
2005-06-09,74.580002,75.470001,74.230003,74.93,4423200,62.11015
2005-06-08,75.040001,75.400002,74.629997,74.800003,4280000,62.002394
2005-06-07,75.00,76.089996,75.00,75.040001,5226600,62.201331
2005-06-06,75.800003,75.900002,74.919998,75.00,5978600,62.168173
2005-06-03,77.059998,77.099998,75.739998,75.790001,6149900,62.823012
2005-06-02,76.75,77.389999,76.68,77.349998,4025600,64.116108
2005-06-01,75.57,77.50,75.57,76.839996,7380600,63.693363
2005-05-31,77.300003,77.410004,75.50,75.550003,6419000,62.624076
2005-05-27,77.110001,77.239998,76.529999,77.099998,3163900,63.908881
2005-05-26,76.449997,77.410004,76.290001,77.139999,5832000,63.942038
2005-05-25,75.419998,76.029999,75.169998,76.00,5483400,62.997082
2005-05-24,76.139999,76.510002,75.559998,75.809998,5660700,62.839588
2005-05-23,76.300003,76.949997,76.00,76.510002,4759800,63.419828
2005-05-20,77.279999,77.279999,76.360001,76.410004,6329800,63.336938
2005-05-19,76.50,77.639999,76.370003,77.160004,7030400,63.95862
2005-05-18,75.00,76.82,74.690002,76.360001,10309600,63.29549
2005-05-17,73.93,74.43,73.330002,74.290001,5135600,61.579649
2005-05-16,73.089996,74.489998,73.089996,74.339996,5501500,61.621091
2005-05-13,72.529999,73.860001,72.519997,73.160004,7150600,60.642984
2005-05-12,73.529999,73.800003,72.50,72.620003,6061900,60.195372
2005-05-11,73.629997,73.690002,72.510002,73.279999,6915700,60.742449
2005-05-10,74.75,74.760002,73.040001,73.300003,7982200,60.759031
2005-05-09,75.260002,75.459999,74.709999,74.980003,5616700,62.151598
2005-05-06,75.559998,75.919998,74.970001,75.260002,7750300,62.383692
2005-05-05,78.00,78.110001,75.330002,75.50,12371800,62.416847
2005-05-04,76.599998,77.199997,76.50,77.080002,5512300,63.723055
2005-05-03,76.779999,76.959999,75.93,76.470001,6196300,63.21876
2005-05-02,76.879997,77.290001,76.029999,76.510002,7232500,63.251829
2005-04-29,77.050003,77.080002,75.910004,76.379997,8147700,63.144352
2005-04-28,77.050003,77.110001,75.650002,75.910004,8629200,62.755802
2005-04-27,75.599998,77.18,75.50,77.050003,11631400,63.698255
2005-04-26,74.68,76.980003,74.650002,75.43,12484300,62.358977
2005-04-25,75.099998,75.720001,74.050003,74.610001,10219400,61.681073
2005-04-22,74.230003,74.699997,73.260002,74.209999,10984400,61.350386
2005-04-21,73.00,74.099998,72.800003,74.029999,16224400,61.201578
2005-04-20,75.480003,75.870003,71.849998,72.010002,20366300,59.53162
2005-04-19,76.980003,77.199997,75.25,75.480003,9259900,62.400315
2005-04-18,77.150002,77.75,76.139999,76.650002,13255000,63.367568
2005-04-15,79.00,79.660004,76.330002,76.699997,27906300,63.4089
2005-04-14,84.510002,85.410004,83.470001,83.639999,10421200,69.146292
2005-04-13,85.760002,85.970001,84.239998,84.57,7090700,69.915135
2005-04-12,85.900002,86.239998,85.169998,85.75,8429700,70.890657
2005-04-11,87.349998,87.559998,86.089996,86.199997,8296500,71.262676
2005-04-08,88.279999,88.459999,87.50,87.599998,5179200,72.420075
2005-04-07,89.00,89.199997,88.099998,88.440002,6355700,73.114518
2005-04-06,89.050003,89.379997,88.709999,89.00,7836800,73.577475
2005-04-05,90.230003,90.330002,89.260002,89.57,4568400,74.048701
2005-04-04,90.080002,90.620003,89.769997,90.32,3737800,74.668736
2005-04-01,91.489998,91.760002,90.040001,90.440002,5721200,74.767944
2005-03-31,90.459999,91.410004,90.220001,91.379997,4418600,75.54505
2005-03-30,90.32,90.879997,90.32,90.68,5253900,74.966354
2005-03-29,90.739998,91.07,90.18,90.599998,6070400,74.900215
2005-03-28,90.709999,91.629997,90.620003,91.040001,4088900,75.263971
2005-03-24,90.800003,91.550003,90.699997,90.699997,4577100,74.982885
2005-03-23,89.970001,91.169998,89.82,90.519997,5472100,74.834076
2005-03-22,89.610001,90.339996,89.260002,89.50,4452500,73.990832
2005-03-21,89.419998,90.279999,89.269997,89.510002,4402400,73.999101
2005-03-18,89.860001,89.900002,89.089996,89.279999,7541500,73.808954
2005-03-17,90.489998,90.68,89.699997,89.860001,5562100,74.288449
2005-03-16,90.739998,91.400002,90.25,90.650002,5065300,74.941553
2005-03-15,92.00,92.269997,91.199997,91.379997,3663100,75.54505
2005-03-14,91.50,92.040001,91.50,91.900002,3935500,75.974945
2005-03-11,92.25,92.410004,91.199997,91.510002,4494300,75.652527
2005-03-10,92.349998,92.800003,92.089996,92.410004,3422500,76.39657
2005-03-09,92.019997,93.00,92.010002,92.349998,4511200,76.346963
2005-03-08,91.699997,92.559998,91.699997,92.129997,5087800,76.165085
2005-03-07,92.349998,92.510002,91.589996,91.599998,7046900,75.726928
2005-03-04,92.940002,93.18,92.360001,92.370003,4754000,76.363501
2005-03-03,93.150002,93.209999,92.199997,92.410004,4037800,76.39657
2005-03-02,92.75,93.730003,92.75,92.919998,4467400,76.818189
2005-03-01,92.639999,93.43,92.589996,93.300003,3819900,77.132344
2005-02-28,92.529999,92.760002,92.410004,92.580002,4949800,76.53711
2005-02-25,92.349998,92.800003,92.290001,92.800003,4078500,76.718988
2005-02-24,91.980003,93.089996,91.849998,92.639999,4153900,76.586711
2005-02-23,92.290001,92.440002,91.550003,92.099998,5622800,76.140285
2005-02-22,92.669998,93.50,92.230003,92.32,4825100,76.322163
2005-02-18,93.75,94.25,92.900002,93.269997,4265300,77.107538
2005-02-17,94.50,94.760002,93.739998,93.75,4254200,77.504363
2005-02-16,94.230003,94.970001,94.199997,94.620003,4466500,78.223606
2005-02-15,93.50,94.669998,93.480003,94.330002,4148000,77.983858
2005-02-14,93.160004,94.019997,93.160004,93.57,2868800,77.355554
2005-02-11,92.699997,93.970001,92.50,93.300003,4229300,77.132344
2005-02-10,92.949997,93.099998,92.300003,92.760002,4838400,76.685919
2005-02-09,94.139999,94.830002,92.540001,92.699997,5657100,76.636312
2005-02-08,94.209999,94.639999,94.129997,94.129997,3541100,77.818512
2005-02-07,94.349998,94.900002,94.330002,94.529999,2837800,78.000387
2005-02-04,93.010002,94.739998,93.00,94.510002,3807600,77.983887
2005-02-03,93.870003,93.940002,93.059998,93.540001,3928700,77.183502
2005-02-02,93.779999,94.349998,93.629997,94.300003,3597400,77.810609
2005-02-01,93.669998,94.00,93.370003,93.860001,3637400,77.447546
2005-01-31,93.650002,93.949997,93.050003,93.419998,4759900,77.084483
2005-01-28,92.68,93.589996,92.480003,92.889999,5960600,76.64716
2005-01-27,91.50,92.220001,91.440002,91.980003,4746900,75.896287
2005-01-26,92.300003,92.870003,91.940002,91.949997,5352000,75.871527
2005-01-25,91.980003,92.589996,91.949997,92.190002,5070700,76.069565
2005-01-24,92.699997,92.849998,91.760002,91.790001,6537300,75.739508
2005-01-21,93.00,93.300003,92.230003,92.379997,7002600,76.226337
2005-01-20,92.610001,93.839996,92.599998,93.00,5708600,76.737926
2005-01-19,94.949997,95.150002,92.93,93.099998,7352700,76.820438
2005-01-18,93.650002,95.339996,93.620003,94.900002,8492100,78.305691
2005-01-14,94.010002,94.25,93.550003,94.099998,5520800,77.645577
2005-01-13,95.389999,96.199997,93.699997,94.449997,5339400,77.934375
2005-01-12,95.00,95.279999,94.059998,95.209999,5828600,78.561482
2005-01-11,95.68,95.790001,94.709999,95.00,4746400,78.388204
2005-01-10,95.779999,96.089996,95.239998,95.68,4625100,78.949298
2005-01-07,96.50,96.800003,95.470001,95.779999,6200700,79.031811
2005-01-06,96.540001,96.980003,96.050003,96.199997,4561700,79.378368
2005-01-05,96.599998,97.830002,96.400002,96.50,5646700,79.625912
2005-01-04,97.739998,98.419998,96.519997,96.699997,5711000,79.790937
2005-01-03,98.970001,99.099998,97.25,97.75,5295200,80.657336
2004-12-31,98.599998,98.910004,98.489998,98.580002,2793200,81.342203
2004-12-30,98.099998,99.00,98.07,98.300003,3812400,81.111165
2004-12-29,97.809998,98.470001,97.800003,98.18,3296300,81.012146
2004-12-28,97.400002,98.550003,97.370003,98.300003,4336400,81.111165
2004-12-27,97.690002,97.970001,97.379997,97.50,3262900,80.451051
2004-12-23,97.50,98.00,97.50,97.720001,3590600,80.632583
2004-12-22,97.349998,97.980003,97.290001,97.610001,4950100,80.541817
2004-12-21,96.589996,97.150002,96.510002,97.019997,4841800,80.054982
2004-12-20,96.349998,97.57,96.349998,96.550003,4769900,79.667172
2004-12-17,97.00,98.00,96.199997,96.199997,8853100,79.378368
2004-12-16,96.800003,98.150002,96.800003,97.449997,5660100,80.409792
2004-12-15,96.919998,97.699997,96.809998,97.330002,3914500,80.310779
2004-12-14,96.300003,97.699997,96.290001,97.309998,4493200,80.294273
2004-12-13,96.849998,97.199997,96.080002,96.449997,4799500,79.584653
2004-12-10,96.099998,97.989998,96.099998,96.669998,4188300,79.766184
2004-12-09,96.199997,97.599998,95.709999,97.510002,5713700,80.459304
2004-12-08,96.43,97.349998,95.769997,96.650002,5310700,79.749684
2004-12-07,97.699997,98.25,95.989998,96.099998,6477100,79.295855
2004-12-06,96.879997,97.900002,96.650002,97.669998,5263000,80.591323
2004-12-03,96.550003,97.629997,96.550003,97.080002,7026800,80.104494
2004-12-02,95.650002,96.779999,95.489998,95.760002,5152300,79.015311
2004-12-01,94.50,96.07,94.470001,95.879997,5664500,79.114324
2004-11-30,95.150002,95.650002,94.239998,94.239998,5870300,77.761096
2004-11-29,94.940002,96.379997,94.940002,95.50,5699800,78.800773
2004-11-26,95.050003,95.379997,94.580002,94.720001,2204300,78.157166
2004-11-24,95.040001,95.790001,95.040001,95.459999,3750600,78.767767
2004-11-23,94.699997,95.370003,94.550003,95.279999,5529900,78.619242
2004-11-22,94.300003,95.400002,94.160004,95.110001,5814100,78.478969
2004-11-19,94.949997,95.160004,94.25,94.449997,5679100,77.934375
2004-11-18,95.360001,95.699997,95.029999,95.099998,4655900,78.470716
2004-11-17,95.300003,96.629997,95.300003,95.459999,6353200,78.767767
2004-11-16,95.25,95.50,94.650002,94.889999,5684100,78.297438
2004-11-15,95.080002,96.00,94.800003,95.919998,4887600,79.14733
2004-11-12,94.660004,95.50,94.559998,95.32,4958400,78.652248
2004-11-11,93.599998,95.220001,93.540001,94.790001,7453400,78.214925
2004-11-10,92.919998,94.300003,92.919998,93.610001,6258400,77.241261
2004-11-09,93.00,93.949997,93.00,93.370003,4513100,77.043229
2004-11-08,92.50,93.699997,92.50,93.370003,4907300,77.043229
2004-11-05,92.400002,93.519997,92.400002,93.279999,6708400,76.820441
2004-11-04,91.050003,92.699997,90.82,92.379997,6951600,76.079248
2004-11-03,91.25,91.900002,90.970001,91.199997,6553300,75.107463
2004-11-02,89.550003,91.220001,89.50,90.470001,5388700,74.506277
2004-11-01,89.330002,90.599998,89.230003,90.110001,5160600,74.2098
2004-10-29,89.400002,89.900002,88.949997,89.75,4518500,73.913322
2004-10-28,89.800003,90.239998,89.43,89.50,4226500,73.707436
2004-10-27,88.580002,90.269997,88.50,90.00,6035100,74.119209
2004-10-26,88.330002,89.57,88.25,89.00,7335800,73.295662
2004-10-25,87.360001,88.900002,87.309998,88.43,5774500,72.826241
2004-10-22,88.220001,88.449997,87.290001,87.389999,5988700,71.969751
2004-10-21,88.400002,88.760002,87.660004,88.099998,6137500,72.554469
2004-10-20,88.449997,89.190002,88.290001,88.82,6926800,73.147424
2004-10-19,88.199997,89.730003,88.00,89.370003,13692200,73.600377
2004-10-18,84.300003,86.150002,84.290001,85.919998,7182600,70.759137
2004-10-15,84.779999,85.25,84.599998,84.849998,5928500,69.877942
2004-10-14,84.75,84.980003,84.300003,84.779999,4233700,69.820294
2004-10-13,86.260002,86.480003,84.43,84.980003,6651400,69.985007
2004-10-12,86.019997,86.199997,85.580002,86.00,4626600,70.825022
2004-10-11,86.769997,87.199997,86.269997,86.629997,3016300,71.343854
2004-10-08,87.43,87.910004,86.510002,86.709999,4090000,71.409739
2004-10-07,88.040001,88.099998,87.400002,87.419998,3076900,71.994457
2004-10-06,87.139999,88.099998,87.099998,88.040001,3984400,72.505058
2004-10-05,87.949997,88.029999,87.129997,87.32,5150700,71.912103
2004-10-04,87.00,88.099998,86.720001,87.160004,5001400,71.780339
2004-10-01,85.949997,86.980003,85.879997,86.720001,4538000,71.417977
2004-09-30,85.139999,85.980003,85.010002,85.739998,5198000,70.610898
2004-09-29,84.480003,84.980003,84.150002,84.980003,4204500,69.985007
2004-09-28,84.349998,84.650002,83.879997,84.480003,3874200,69.573234
2004-09-27,84.099998,84.440002,83.980003,84.160004,4650300,69.309699
2004-09-24,83.800003,84.739998,83.779999,84.43,4899500,69.532054
2004-09-23,84.040001,84.269997,83.239998,83.879997,4801200,69.079101
2004-09-22,85.349998,85.440002,84.169998,84.309998,5037100,69.433226
2004-09-21,85.699997,86.110001,85.339996,85.720001,4049700,70.59443
2004-09-20,85.400002,86.43,85.400002,85.699997,4380400,70.577955
2004-09-17,86.400002,86.50,85.440002,85.739998,6198700,70.610898
2004-09-16,86.199997,86.959999,85.93,86.120003,3623000,70.92385
2004-09-15,85.940002,86.50,85.889999,86.370003,4631200,71.129737
2004-09-14,86.599998,86.879997,86.150002,86.720001,3953500,71.417977
2004-09-13,87.00,87.279999,86.080002,86.489998,4801400,71.228558
2004-09-10,86.43,87.00,86.25,86.760002,3753500,71.450919
2004-09-09,85.860001,86.790001,85.860001,86.440002,4517400,71.187385
2004-09-08,84.900002,86.510002,84.879997,85.860001,5721200,70.709726
2004-09-07,84.699997,85.440002,84.599998,84.970001,4002800,69.97677
2004-09-03,84.300003,84.690002,83.959999,84.389999,3479800,69.499111
2004-09-02,84.220001,84.779999,83.849998,84.57,3380400,69.64735
2004-09-01,84.050003,85.089996,84.010002,84.220001,4748500,69.35911
2004-08-31,84.550003,84.690002,83.650002,84.690002,3399500,69.746178
2004-08-30,84.57,84.989998,84.389999,84.400002,2277900,69.507348
2004-08-27,84.650002,84.949997,84.589996,84.940002,2444800,69.952064
2004-08-26,85.00,85.040001,84.690002,84.690002,3134400,69.746178
2004-08-25,85.00,85.269997,84.550003,85.07,4405600,70.059123
2004-08-24,85.00,85.150002,84.349998,84.709999,2710400,69.762646
2004-08-23,85.230003,85.449997,84.650002,84.650002,4260600,69.713235
2004-08-20,84.519997,85.25,84.519997,85.25,4501400,70.207362
2004-08-19,84.75,85.349998,84.449997,84.889999,4704500,69.910885
2004-08-18,83.599998,85.129997,83.57,85.129997,4397500,70.108534
2004-08-17,84.099998,84.540001,83.660004,84.040001,3559400,69.210871
2004-08-16,83.699997,84.559998,83.510002,84.019997,4361500,69.194397
2004-08-13,82.540001,83.940002,82.510002,83.910004,5801900,69.103812
2004-08-12,83.050003,83.050003,81.900002,82.209999,7134900,67.703779
2004-08-11,83.699997,83.980003,83.099998,83.690002,5288000,68.922631
2004-08-10,84.00,84.989998,83.809998,84.989998,4351000,69.993238
2004-08-09,83.480003,83.959999,82.870003,83.550003,3621100,68.807335
2004-08-06,84.379997,84.760002,83.419998,83.480003,5219200,68.749687
2004-08-05,85.970001,86.419998,85.010002,85.190002,3879900,70.009712
2004-08-04,85.300003,86.650002,85.25,85.970001,4160600,70.65072
2004-08-03,86.699997,86.800003,85.440002,85.709999,4147200,70.437049
2004-08-02,86.870003,87.389999,86.419998,86.690002,3408400,71.242422
2004-07-30,86.449997,87.400002,86.389999,87.07,3508500,71.554706
2004-07-29,86.25,87.220001,86.230003,86.769997,4232300,71.308162
2004-07-28,85.879997,86.279999,84.879997,85.849998,6566200,70.552101
2004-07-27,85.599998,86.300003,85.449997,85.879997,4098500,70.576754
2004-07-26,84.849998,85.580002,84.510002,85.089996,4517500,69.927526
2004-07-23,85.699997,86.059998,84.50,84.849998,4309400,69.730295
2004-07-22,85.00,86.400002,84.68,86.059998,5972600,70.72468
2004-07-21,86.75,87.110001,85.300003,85.300003,5534000,70.100111
2004-07-20,85.629997,86.489998,85.300003,86.360001,5651300,70.971224
2004-07-19,84.50,85.849998,84.400002,85.300003,6596000,70.100111
2004-07-16,86.050003,86.480003,84.279999,84.279999,10441400,69.261865
2004-07-15,84.129997,84.629997,83.610001,84.019997,7086500,69.048194
2004-07-14,84.839996,85.239998,83.779999,84.129997,6298600,69.138593
2004-07-13,85.900002,86.089996,85.199997,85.25,6001000,70.059019
2004-07-12,84.00,85.25,83.419998,84.099998,6009200,69.11394
2004-07-09,84.400002,84.50,83.510002,83.889999,6595200,68.941361
2004-07-08,85.00,85.010002,83.580002,83.650002,7529000,68.744129
2004-07-07,85.300003,85.940002,85.050003,85.349998,5677300,70.141198
2004-07-06,86.50,86.730003,85.129997,85.699997,6408100,70.428829
2004-07-02,87.449997,87.550003,86.599998,87.040001,2874500,71.530053
2004-07-01,88.279999,88.440002,86.57,87.50,5093900,71.908084
2004-06-30,88.300003,88.50,87.699997,88.150002,4724000,72.442259
2004-06-29,88.349998,88.489998,87.900002,88.290001,4394800,72.557312
2004-06-28,89.709999,89.900002,88.360001,88.709999,4423200,72.902469
2004-06-25,89.949997,90.230003,88.940002,89.550003,5604700,73.59279
2004-06-24,90.279999,90.919998,89.839996,89.989998,4069400,73.95438
2004-06-23,90.099998,90.839996,89.839996,90.790001,4354700,74.611828
2004-06-22,89.279999,90.239998,89.129997,90.019997,4149300,73.979034
2004-06-21,90.400002,90.43,89.309998,89.489998,3843400,73.543477
2004-06-18,90.199997,90.800003,89.900002,90.059998,6470800,74.011907
2004-06-17,90.50,90.559998,90.07,90.440002,4180200,74.324197
2004-06-16,90.25,90.93,90.089996,90.379997,3145700,74.274885
2004-06-15,90.489998,91.209999,90.230003,90.540001,4508300,74.406377
2004-06-14,90.050003,90.580002,89.620003,90.07,4121400,74.020126
2004-06-10,90.230003,90.75,89.889999,90.459999,3468700,74.340631
2004-06-09,89.900002,90.550003,89.809998,90.089996,5233400,74.03656
2004-06-08,88.639999,90.50,88.400002,90.040001,5400300,73.995473
2004-06-07,88.75,88.989998,88.010002,88.639999,4264500,72.844943
2004-06-04,87.949997,88.489998,87.50,87.559998,3803400,71.95739
2004-06-03,87.849998,88.099998,87.349998,87.349998,3011500,71.784811
2004-06-02,88.639999,88.639999,87.889999,87.980003,3912600,72.302554
2004-06-01,88.00,88.480003,87.300003,88.120003,4884300,72.417606
2004-05-28,88.480003,88.849998,88.25,88.589996,3203800,72.80385
2004-05-27,88.75,89.080002,87.980003,88.589996,4094600,72.80385
2004-05-26,88.639999,88.849998,88.040001,88.349998,4308200,72.606618
2004-05-25,86.75,88.919998,86.550003,88.699997,5358100,72.894249
2004-05-24,87.75,87.839996,86.550003,87.099998,3778100,71.57936
2004-05-21,87.589996,88.18,86.910004,87.129997,5130000,71.604013
2004-05-20,87.059998,87.949997,87.050003,87.419998,4031500,71.842338
2004-05-19,87.400002,88.879997,86.50,87.050003,7431800,71.538273
2004-05-18,86.080002,86.489998,86.00,86.059998,4401100,70.72468
2004-05-17,85.300003,86.029999,85.150002,85.529999,5700000,70.289123
2004-05-14,86.650002,87.349998,86.07,86.410004,5197800,71.012317
2004-05-13,86.790001,87.410004,86.260002,87.190002,4708400,71.653325
2004-05-12,87.25,87.25,85.120003,86.809998,8445800,71.341035
2004-05-11,87.199997,88.150002,86.82,87.129997,6575000,71.604013
2004-05-10,87.599998,88.099998,86.370003,86.879997,6692400,71.398561
2004-05-07,87.75,89.400002,87.620003,88.190002,5407400,72.475132
2004-05-06,88.099998,89.099998,87.589996,88.360001,4319100,72.614838
2004-05-05,89.75,89.75,88.510002,88.959999,4402300,72.959993
2004-05-04,88.019997,89.739998,88.00,89.00,5451800,72.9928
2004-05-03,88.129997,88.519997,87.199997,88.019997,6070100,72.189056
2004-04-30,89.010002,89.199997,88.010002,88.169998,5019500,72.312079
2004-04-29,90.010002,90.260002,88.190002,89.080002,7763200,73.058413
2004-04-28,90.300003,90.980003,90.209999,90.410004,4706000,74.149206
2004-04-27,90.650002,91.989998,90.559998,91.110001,4768000,74.723304
2004-04-26,90.75,91.559998,90.349998,90.43,4533600,74.165606
2004-04-23,91.00,91.610001,90.360001,91.279999,5063200,74.862727
2004-04-22,90.50,91.510002,89.699997,90.739998,7988000,74.419848
2004-04-21,91.150002,91.419998,90.690002,91.260002,4623400,74.846327
2004-04-20,92.00,92.480003,90.650002,90.650002,4260200,74.346038
2004-04-19,91.900002,92.300003,91.699997,91.940002,4159400,75.404025
2004-04-16,92.300003,92.349998,91.040001,92.279999,11118000,75.682871
2004-04-15,93.800003,94.089996,93.059998,93.449997,6844200,76.642437
2004-04-14,92.099998,93.860001,92.099998,93.699997,5316300,76.847473
2004-04-13,93.790001,94.040001,92.50,93.040001,5013600,76.306182
2004-04-12,93.50,94.360001,93.400002,93.739998,3112600,76.88028
2004-04-08,94.00,94.389999,92.550003,93.120003,3868000,76.371795
2004-04-07,93.370003,93.580002,92.510002,93.080002,4537300,76.338988
2004-04-06,93.599998,93.790001,93.019997,93.699997,3860100,76.847473
2004-04-05,93.949997,94.370003,93.510002,94.18,3936000,77.241145
2004-04-02,93.550003,94.550003,93.330002,94.199997,5894500,77.257545
2004-04-01,91.669998,92.68,91.620003,92.370003,4246900,75.756687
2004-03-31,92.07,92.239998,91.510002,91.839996,4613500,75.322005
2004-03-30,92.669998,92.669998,91.349998,92.32,5415700,75.715677
2004-03-29,92.989998,93.610001,92.18,92.68,4876300,76.010929
2004-03-26,92.389999,93.25,92.160004,92.769997,4397700,76.084739
2004-03-25,92.150002,92.629997,91.449997,92.389999,5585800,75.773087
2004-03-24,91.57,92.489998,91.040001,91.769997,6210400,75.264596
2004-03-23,91.599998,92.160004,90.68,91.32,5065300,74.895533
2004-03-22,91.269997,91.480003,90.279999,91.019997,6223500,74.649488
2004-03-19,92.860001,92.970001,91.510002,91.620003,7058700,75.141579
2004-03-18,93.050003,93.18,91.900002,92.849998,4605200,76.150352
2004-03-17,92.57,93.790001,92.449997,93.389999,4663000,76.593231
2004-03-16,92.400002,92.699997,91.419998,92.449997,4627600,75.822294
2004-03-15,92.599998,92.690002,90.879997,91.82,6523000,75.305605
2004-03-12,92.00,93.379997,91.68,93.300003,6290600,76.519421
2004-03-11,92.00,92.980003,91.150002,91.209999,8560800,74.805317
2004-03-10,94.379997,94.739998,92.68,93.059998,6536300,76.322582
2004-03-09,94.300003,95.279999,93.769997,94.529999,6390600,77.528194
2004-03-08,96.489998,96.879997,94.589996,94.589996,5084200,77.577401
2004-03-05,95.949997,96.980003,95.559998,96.449997,3970900,79.102869
2004-03-04,96.580002,96.919998,96.129997,96.389999,3547900,79.053662
2004-03-03,96.57,96.889999,95.599998,96.839996,4806500,79.422724
2004-03-02,97.599998,97.599998,96.620003,96.82,4976200,79.406324
2004-03-01,96.50,97.25,96.150002,97.040001,4454000,79.586757
2004-02-27,96.800003,97.379997,96.099998,96.50,4715000,79.143879
2004-02-26,96.269997,97.260002,96.25,96.790001,3965700,79.381721
2004-02-25,96.50,97.089996,96.230003,96.540001,3362500,79.176685
2004-02-24,95.199997,97.459999,95.199997,96.790001,7008300,79.381721
2004-02-23,97.400002,97.510002,95.459999,95.959999,6629100,78.701
2004-02-20,98.599998,98.599998,97.190002,97.309998,5690200,79.808193
2004-02-19,98.419998,99.230003,97.519997,97.800003,5447200,80.210068
2004-02-18,99.309998,99.769997,98.150002,98.419998,4830300,80.718553
2004-02-17,99.989998,100.00,99.32,99.370003,3930400,81.497694
2004-02-13,99.099998,100.089996,99.080002,99.709999,3562400,81.776539
2004-02-12,100.059998,100.300003,99.300003,99.300003,3611500,81.440284
2004-02-11,99.199997,100.309998,98.800003,99.959999,5505700,81.981575
2004-02-10,98.449997,99.970001,98.410004,99.610001,4057500,81.694526
2004-02-09,99.309998,99.440002,98.599998,98.949997,3742400,81.153228
2004-02-06,98.849998,99.239998,98.25,98.940002,5516900,81.145031
2004-02-05,100.00,100.089996,98.260002,98.860001,5975000,80.948198
2004-02-04,99.379997,100.43,99.300003,100.190002,8387500,82.037225
2004-02-03,99.00,100.00,98.949997,100.00,5604300,81.881648
2004-02-02,99.150002,99.940002,98.50,99.389999,6200000,81.38217
2004-01-30,98.019997,99.330002,97.839996,99.230003,6137600,81.251162
2004-01-29,98.099998,98.599998,96.550003,98.010002,6642500,80.252205
2004-01-28,99.150002,99.419998,97.279999,97.379997,6549700,79.736347
2004-01-27,99.400002,99.669998,98.699997,98.800003,5345300,80.899071
2004-01-26,97.900002,99.849998,97.559998,99.849998,6189400,81.758825
2004-01-23,97.82,98.209999,97.099998,97.900002,5283900,80.162135
2004-01-22,97.839996,98.160004,97.32,97.510002,4371600,79.842797
2004-01-21,97.230003,98.040001,96.639999,97.699997,6949000,79.998368
2004-01-20,96.00,97.440002,95.730003,97.099998,9285100,79.507079
2004-01-16,95.00,95.349998,94.709999,95.32,9302000,78.049587
2004-01-15,95.07,95.650002,93.550003,94.019997,19812000,76.985123
2004-01-14,89.900002,90.459999,89.75,90.309998,5505100,73.947315
2004-01-13,91.449997,91.510002,89.010002,89.699997,8842500,73.447836
2004-01-12,91.209999,92.139999,91.209999,91.550003,5130400,74.962652
2004-01-09,91.75,92.349998,91.00,91.209999,7930900,74.684251
2004-01-08,93.209999,93.209999,92.029999,93.040001,6179800,76.182686
2004-01-07,93.139999,93.379997,92.470001,92.779999,4927600,75.969792
2004-01-06,92.199997,93.190002,92.139999,93.059998,4380000,76.19906
2004-01-05,92.00,93.089996,92.00,93.050003,5276300,76.190876
2004-01-02,92.860001,93.050003,91.199997,91.550003,5327800,74.962652
2003-12-31,92.660004,92.849998,92.160004,92.68,4726900,75.887912
2003-12-30,93.269997,93.50,92.360001,92.629997,4003400,75.846969
2003-12-29,93.099998,93.730003,93.029999,93.519997,4033900,76.575715
2003-12-26,92.370003,93.00,92.300003,92.900002,1408500,76.068053
2003-12-24,92.800003,92.800003,92.18,92.269997,1760500,75.552194
2003-12-23,93.07,93.440002,92.339996,92.790001,3677000,75.977982
2003-12-22,92.830002,93.50,92.779999,93.389999,4332100,76.469271
2003-12-19,93.230003,93.25,92.669998,93.139999,7090500,76.264567
2003-12-18,93.00,93.379997,92.50,92.730003,6873600,75.928855
2003-12-17,93.849998,93.870003,92.849998,93.400002,6052900,76.477461
2003-12-16,92.110001,94.120003,91.879997,93.980003,7501100,76.952376
2003-12-15,93.43,93.970001,92.080002,92.110001,5964500,75.421187
2003-12-12,92.699997,93.160004,92.239998,92.709999,5079800,75.912475
2003-12-11,91.959999,92.970001,91.919998,92.400002,6412100,75.658644
2003-12-10,90.690002,92.739998,90.650002,91.730003,7138000,75.110039
2003-12-09,91.150002,92.160004,90.610001,90.629997,6971500,74.209336
2003-12-08,90.519997,91.470001,90.519997,91.199997,5342000,74.676061
2003-12-05,91.300003,91.300003,90.50,90.639999,5878400,74.217526
2003-12-04,90.050003,91.440002,90.029999,91.419998,5360400,74.856201
2003-12-03,91.150002,91.440002,90.300003,90.300003,6169800,73.939131
2003-12-02,90.57,91.480003,90.519997,90.75,5091800,74.307596
2003-12-01,90.900002,91.360001,90.480003,91.010002,5234900,74.52049
2003-11-28,89.900002,90.68,89.620003,90.540001,2195500,74.135645
2003-11-26,89.790001,90.089996,89.110001,89.910004,4146800,73.619793
2003-11-25,89.660004,89.849998,89.269997,89.43,4305700,73.226758
2003-11-24,89.029999,89.739998,88.949997,89.660004,4722200,73.415089
2003-11-21,88.400002,88.849998,88.230003,88.629997,5935400,72.571703
2003-11-20,89.300003,89.790001,88.379997,88.389999,5111000,72.375188
2003-11-19,88.32,89.830002,88.32,89.400002,4156600,73.202195
2003-11-18,89.919998,90.18,88.900002,88.949997,5284300,72.833724
2003-11-17,89.900002,90.050003,89.029999,89.800003,4748200,73.529723
2003-11-14,91.019997,91.419998,89.809998,90.25,4510200,73.898188
2003-11-13,90.400002,91.480003,90.160004,91.089996,5277900,74.58599
2003-11-12,89.449997,91.160004,89.309998,90.690002,5901700,74.258469
2003-11-11,90.00,90.029999,88.889999,89.360001,4841200,73.169441
2003-11-10,89.550003,90.470001,89.550003,89.949997,8349700,73.65254
2003-11-07,89.400002,89.599998,88.260002,88.260002,5543500,72.268745
2003-11-06,88.330002,89.589996,87.720001,89.339996,5668600,73.153062
2003-11-05,88.519997,88.879997,88.00,88.489998,6296300,72.326058
2003-11-04,89.68,89.800003,88.860001,89.139999,5146100,72.857327
2003-11-03,89.900002,90.839996,89.480003,89.68,5825200,73.298689
2003-10-31,90.709999,90.709999,89.199997,89.480003,4836200,73.135225
2003-10-30,90.00,90.169998,89.059998,89.120003,6535700,72.840983
2003-10-29,89.599998,89.940002,89.150002,89.339996,5180700,73.020792
2003-10-28,89.050003,89.900002,88.519997,89.900002,6959000,73.478504
2003-10-27,88.800003,89.099998,88.050003,88.519997,5099200,72.350577
2003-10-24,88.150002,88.639999,87.720001,88.419998,5471700,72.268844
2003-10-23,87.599998,88.400002,87.529999,88.150002,6046400,72.048166
2003-10-22,88.300003,89.010002,87.900002,88.459999,5600100,72.301539
2003-10-21,89.25,89.339996,88.699997,88.93,5287100,72.685687
2003-10-20,89.349998,89.400002,88.860001,89.00,6971300,72.742901
2003-10-17,89.279999,89.68,88.809998,89.230003,9506200,72.930891
2003-10-16,89.269997,89.699997,88.660004,89.279999,16994000,72.971754
2003-10-15,93.900002,94.540001,92.739998,92.739998,11558700,75.799735
2003-10-14,92.650002,92.949997,92.32,92.720001,4699500,75.783392
2003-10-13,93.099998,93.540001,92.580002,93.199997,4839200,76.175709
2003-10-10,92.400002,93.18,92.360001,92.669998,4500500,75.742522
2003-10-09,93.300003,93.599998,92.199997,92.449997,7593000,75.562707
2003-10-08,92.00,92.870003,91.949997,92.660004,6418900,75.734353
2003-10-07,90.50,91.699997,90.400002,91.699997,5369800,74.949705
2003-10-06,90.739998,91.760002,90.510002,91.18,3845400,74.524693
2003-10-03,91.00,91.949997,90.57,90.639999,7479300,74.083331
2003-10-02,89.550003,90.449997,89.220001,90.080002,7428300,73.625625
2003-10-01,88.75,90.599998,88.699997,90.349998,7925200,73.846303
2003-09-30,89.199997,89.25,87.900002,88.330002,7056700,72.195287
2003-09-29,89.25,90.18,89.07,89.449997,5723200,73.110699
2003-09-26,89.410004,90.139999,89.00,89.050003,5095800,72.78377
2003-09-25,89.400002,90.970001,89.199997,89.410004,6585500,73.078011
2003-09-24,91.080002,91.82,89.330002,89.400002,7575800,73.069836
2003-09-23,91.50,92.089996,90.559998,91.339996,7935200,74.655464
2003-09-22,92.239998,92.239998,90.900002,91.389999,7302600,74.696333
2003-09-19,92.449997,93.470001,91.800003,93.279999,9412500,76.241098
2003-09-18,90.629997,92.43,90.459999,92.00,8338700,75.194909
2003-09-17,90.400002,91.940002,90.199997,90.629997,9086600,74.075156
2003-09-16,88.489998,90.410004,88.489998,90.290001,7896100,73.797265
2003-09-15,89.699997,89.959999,88.389999,88.489998,7305400,72.326058
2003-09-12,87.599998,89.010002,87.199997,88.699997,7209200,72.497697
2003-09-11,86.75,88.419998,86.400002,87.919998,9753500,71.860176
2003-09-10,88.989998,89.00,87.610001,87.839996,7322600,71.794788
2003-09-09,89.199997,89.970001,88.93,89.419998,8102500,73.08618
2003-09-08,88.449997,89.660004,88.349998,89.099998,9213400,72.824633
2003-09-05,87.00,88.260002,86.75,86.949997,7896600,71.06736
2003-09-04,86.330002,88.290001,85.690002,87.910004,9889100,71.852008
2003-09-03,86.239998,87.300003,86.00,86.330002,10835700,70.560615
2003-09-02,82.400002,85.959999,82.300003,85.760002,12406400,70.094734
2003-08-29,81.949997,82.110001,81.559998,82.010002,4222700,67.029724
2003-08-28,82.00,82.339996,81.269997,81.900002,5516300,66.939817
2003-08-27,82.00,82.529999,81.900002,82.00,3834100,67.021549
2003-08-26,81.650002,82.540001,81.269997,82.50,5569600,67.430217
2003-08-25,82.849998,83.029999,81.75,81.959999,5150900,66.988855
2003-08-22,84.25,84.720001,82.959999,82.970001,7434900,67.814366
2003-08-21,83.389999,83.849998,82.849998,82.849998,5185200,67.716283
2003-08-20,82.00,83.309998,82.00,83.050003,4829900,67.879754
2003-08-19,83.099998,83.809998,82.559998,82.849998,6318300,67.716283
2003-08-18,82.050003,83.68,81.900002,83.519997,6847200,68.263897
2003-08-15,81.800003,81.980003,81.199997,81.790001,3623600,66.849909
2003-08-14,81.00,81.75,80.690002,81.559998,4562700,66.661919
2003-08-13,81.650002,82.190002,80.580002,81.199997,5138400,66.367678
2003-08-12,81.449997,81.540001,80.650002,81.510002,4634200,66.621056
2003-08-11,80.870003,81.50,80.279999,81.019997,4261200,66.220557
2003-08-08,81.050003,81.269997,80.349998,80.879997,4613800,66.10613
2003-08-07,79.690002,80.82,79.379997,80.690002,5298500,65.950841
2003-08-06,79.699997,80.68,78.730003,79.75,7472200,65.182543
2003-08-05,81.129997,81.330002,79.800003,79.849998,7018100,65.133501
2003-08-04,80.75,81.360001,80.059998,81.129997,5888000,66.177593
2003-08-01,81.150002,81.269997,80.050003,81.269997,6475400,66.29179
2003-07-31,81.800003,82.540001,81.099998,81.25,8050300,66.275479
2003-07-30,82.449997,82.449997,80.580002,80.959999,6654600,66.038926
2003-07-29,82.550003,82.879997,81.599998,81.800003,7282700,66.724116
2003-07-28,83.669998,83.699997,82.040001,82.540001,6423500,67.327731
2003-07-25,81.599998,83.739998,81.57,83.550003,6204700,68.151588
2003-07-24,82.949997,82.989998,81.510002,81.510002,5859100,66.487563
2003-07-23,82.00,82.769997,81.730003,82.300003,5326800,67.131965
2003-07-22,82.50,83.260002,81.519997,81.849998,8744300,66.764897
2003-07-21,83.199997,83.43,82.209999,82.50,7036100,67.295102
2003-07-18,83.849998,84.019997,83.209999,83.720001,8567200,68.290255
2003-07-17,82.699997,83.940002,82.50,83.330002,13515700,67.972133
2003-07-16,87.00,87.029999,85.849998,86.739998,8837600,70.753661
2003-07-15,86.150002,87.00,85.82,86.440002,7910400,70.508955
2003-07-14,86.00,86.580002,85.419998,85.419998,6455200,69.676939
2003-07-11,84.099998,85.279999,83.699997,84.889999,4534700,69.24462
2003-07-10,85.00,85.220001,83.470001,84.029999,7509200,68.543119
2003-07-09,86.099998,86.349998,84.849998,85.470001,6709700,69.717727
2003-07-08,86.089996,86.75,85.190002,86.25,5873900,70.35397
2003-07-07,84.800003,86.449997,84.739998,86.089996,7614900,70.223456
2003-07-03,84.25,84.690002,83.480003,83.949997,3009500,68.477862
2003-07-02,83.949997,84.889999,83.75,84.739998,6009700,69.122264
2003-07-01,81.400002,83.660004,81.400002,83.589996,5785800,68.18421
2003-06-30,83.900002,84.199997,82.50,82.50,7950900,67.295102
2003-06-27,84.150002,84.650002,83.220001,83.419998,4532900,68.045543
2003-06-26,83.699997,84.379997,82.82,84.349998,6374400,68.804142
2003-06-25,83.550003,84.160004,82.089996,82.489998,5548000,67.286943
2003-06-24,82.949997,84.18,82.849998,83.629997,5062800,68.216839
2003-06-23,84.790001,84.790001,82.970001,83.18,6311600,67.849777
2003-06-20,85.00,85.239998,84.690002,84.919998,11900000,69.26909
2003-06-19,84.949997,85.290001,84.50,84.550003,7277100,68.967286
2003-06-18,84.150002,84.989998,83.220001,84.699997,5941400,69.089636
2003-06-17,84.949997,84.949997,83.800003,84.300003,5873700,68.763361
2003-06-16,83.099998,84.550003,82.550003,84.50,6492100,68.926498
2003-06-13,84.150002,84.290001,82.510002,82.75,5727500,67.499027
2003-06-12,84.800003,84.980003,83.550003,83.949997,7072400,68.477862
2003-06-11,82.75,84.150002,82.290001,83.970001,9815800,68.494179
2003-06-10,82.349998,82.919998,81.209999,81.709999,8896000,66.6507
2003-06-09,80.00,82.00,79.809998,82.00,9756300,66.887253
2003-06-06,82.25,83.230003,79.839996,80.050003,15160900,65.296644
2003-06-05,84.00,84.25,81.75,81.900002,15256300,66.805684
2003-06-04,84.00,84.959999,83.830002,84.25,10734400,68.722574
2003-06-03,84.32,85.239998,83.239998,83.82,21106600,68.371823
2003-06-02,89.00,89.080002,87.25,87.330002,7697200,71.234926
2003-05-30,87.449997,88.68,87.449997,88.040001,6184200,71.814071
2003-05-29,87.57,88.589996,87.199997,87.360001,6898900,71.259396
2003-05-28,87.599998,88.699997,87.400002,87.57,6539900,71.430692
2003-05-27,84.510002,87.900002,84.510002,87.690002,7163400,71.528578
2003-05-23,85.75,85.949997,85.099998,85.260002,5187200,69.546431
2003-05-22,86.25,86.800003,85.800003,86.080002,6277300,70.215303
2003-05-21,85.769997,86.18,85.080002,86.18,6741000,70.296872
2003-05-20,86.580002,87.239998,84.889999,85.769997,7331900,69.962432
2003-05-19,88.050003,88.470001,86.410004,86.449997,7298400,70.517107
2003-05-16,89.669998,89.889999,88.949997,88.989998,6831600,72.588982
2003-05-15,89.50,89.959999,89.00,89.900002,7102900,73.33127
2003-05-14,90.00,90.400002,88.300003,88.699997,7752200,72.352428
2003-05-13,88.779999,90.099998,88.559998,89.980003,8668300,73.396527
2003-05-12,87.550003,89.260002,87.099998,89.00,8445700,72.59714
2003-05-09,86.900002,87.699997,86.400002,87.550003,6222600,71.41438
2003-05-08,86.370003,86.779999,85.75,86.050003,7188200,70.190833
2003-05-07,86.949997,87.809998,86.50,86.68,6754600,70.704721
2003-05-06,86.300003,88.339996,86.00,87.510002,7459600,71.251242
2003-05-05,87.199997,88.00,86.519997,86.519997,7632500,70.445173
2003-05-02,84.449997,87.57,84.449997,87.57,8381900,71.300093
2003-05-01,85.300003,86.230003,84.470001,85.889999,7485700,69.932225
2003-04-30,85.660004,85.669998,84.68,84.900002,8444900,69.126162
2003-04-29,85.339996,86.489998,84.970001,85.660004,8682900,69.744961
2003-04-28,84.050003,85.50,83.620003,85.120003,6363600,69.305288
2003-04-25,85.209999,85.279999,83.860001,83.879997,6790700,68.295667
2003-04-24,84.650002,85.699997,84.629997,85.199997,5943500,69.37042
2003-04-23,85.239998,85.970001,84.959999,85.75,7084500,69.818236
2003-04-22,83.360001,86.059998,82.599998,85.629997,9542600,69.720529
2003-04-21,84.400002,84.510002,83.099998,83.360001,6703400,67.872283
2003-04-17,81.889999,84.400002,81.889999,84.260002,8802100,68.60507
2003-04-16,83.379997,84.400002,82.739998,82.879997,10790700,67.481461
2003-04-15,80.07,82.849998,79.709999,82.790001,13613500,67.408185
2003-04-14,78.50,80.07,78.160004,80.07,9006000,65.193541
2003-04-11,80.099998,81.290001,78.449997,78.75,7573500,64.118789
2003-04-10,79.099998,79.25,78.129997,79.010002,6880100,64.330484
2003-04-09,79.699997,80.739998,78.629997,78.709999,8543200,64.08622
2003-04-08,80.620003,80.699997,78.470001,80.07,8057600,65.193541
2003-04-07,82.599998,82.900002,80.25,80.470001,8881400,65.519225
2003-04-04,82.349998,82.550003,80.040001,80.790001,8985000,65.779771
2003-04-03,82.32,83.480003,81.709999,81.910004,9623600,66.691685
2003-04-02,79.900002,81.970001,79.900002,81.459999,9700100,66.325288
2003-04-01,78.50,79.559998,78.120003,78.730003,7861400,64.102507
2003-03-31,79.260002,79.610001,78.309998,78.43,10169200,63.858243
2003-03-28,81.050003,81.989998,80.50,80.849998,6649200,65.828622
2003-03-27,80.75,82.330002,80.510002,81.449997,7265800,66.317145
2003-03-26,83.00,83.25,81.18,81.550003,10531600,66.39857
2003-03-25,82.00,84.00,81.739998,83.449997,8777100,67.945558
2003-03-24,82.459999,83.349998,82.230003,82.25,9352600,66.968512
2003-03-21,82.760002,84.900002,82.760002,84.900002,12625400,69.126162
2003-03-20,81.709999,82.489998,80.639999,82.199997,9046400,66.9278
2003-03-19,82.089996,82.50,81.080002,82.00,10473100,66.764961
2003-03-18,82.459999,83.50,81.489998,82.470001,10795400,67.147639
2003-03-17,78.00,82.669998,77.839996,82.459999,15193000,67.139495
2003-03-14,78.449997,79.480003,78.110001,79.00,10117700,64.32234
2003-03-13,75.989998,78.68,75.309998,78.449997,10452500,63.874524
2003-03-12,75.25,75.629997,73.169998,75.18,12773700,61.21207
2003-03-11,75.82,76.330002,75.199997,75.349998,8119200,61.350484
2003-03-10,77.449997,77.449997,75.50,75.699997,6641300,61.635455
2003-03-07,75.709999,77.989998,75.709999,77.900002,8129200,63.426714
2003-03-06,77.00,77.779999,76.699997,77.07,5876300,62.750921
2003-03-05,76.699997,77.730003,76.25,77.730003,6658000,63.2883
2003-03-04,77.599998,77.75,76.529999,76.699997,5672200,62.449662
2003-03-03,78.900002,79.00,77.120003,77.330002,6618300,62.962616
2003-02-28,77.00,78.470001,77.00,77.949997,6585200,63.467421
2003-02-27,77.900002,78.589996,76.75,77.279999,9926500,62.921903
2003-02-26,78.449997,79.050003,77.300003,77.400002,8587000,63.019611
2003-02-25,77.900002,79.370003,76.900002,79.07,7675900,64.379334
2003-02-24,79.699997,79.989998,78.559998,78.559998,6874700,63.964087
2003-02-21,79.489998,80.00,78.160004,79.949997,7453900,65.095834
2003-02-20,79.57,80.050003,78.709999,79.150002,6285100,64.444473
2003-02-19,79.080002,79.699997,78.82,79.510002,5440300,64.737587
2003-02-18,78.019997,79.50,77.910004,79.330002,7791200,64.59103
2003-02-14,76.400002,77.449997,75.349998,77.449997,8299500,63.060317
2003-02-13,76.099998,76.349998,74.309998,75.860001,11218400,61.765731
2003-02-12,77.50,78.089996,76.50,76.50,5609200,62.286823
2003-02-11,78.300003,78.970001,77.309998,77.389999,8598200,63.011467
2003-02-10,77.099998,78.019997,76.449997,77.910004,7949100,63.434858
2003-02-07,77.970001,78.150002,76.610001,77.099998,8296400,62.775346
2003-02-06,77.110001,78.199997,76.510002,77.510002,7755200,63.109174
2003-02-05,77.849998,78.900002,76.870003,77.260002,7427200,62.783491
2003-02-04,78.18,78.18,76.25,77.089996,7216200,62.64534
2003-02-03,78.199997,78.870003,77.75,78.18,6683500,63.531106
2003-01-31,77.699997,78.339996,77.019997,78.199997,9744100,63.547356
2003-01-30,81.300003,81.300003,78.300003,78.300003,7349500,63.628623
2003-01-29,79.50,80.699997,78.57,80.32,7755000,65.270125
2003-01-28,78.50,80.470001,78.360001,80.110001,8017400,65.099474
2003-01-27,77.989998,79.50,77.610001,78.419998,9307800,63.726134
2003-01-24,80.599998,81.50,78.82,78.989998,7748000,64.189331
2003-01-23,80.150002,81.360001,79.800003,81.050003,8371400,65.863345
2003-01-22,80.00,80.769997,79.389999,79.699997,9432400,64.766295
2003-01-21,81.300003,81.849998,80.50,80.540001,8926900,65.448904
2003-01-17,83.739998,83.739998,81.18,81.300003,17331200,66.066501
2003-01-16,87.400002,87.709999,85.379997,86.050003,9904300,69.926475
2003-01-15,88.580002,88.650002,86.949997,87.589996,8146600,71.177914
2003-01-14,87.230003,88.589996,87.220001,88.580002,7569100,71.982418
2003-01-13,88.309998,88.949997,87.349998,87.510002,10499000,71.112909
2003-01-10,85.849998,88.040001,85.699997,87.68,9955400,71.251054
2003-01-09,84.75,87.019997,84.75,87.00,10711600,70.698468
2003-01-08,85.550003,85.690002,84.07,84.190002,9508800,68.41499
2003-01-07,83.949997,86.18,83.75,86.00,11906900,69.885841
2003-01-06,81.900002,84.800003,81.809998,83.589996,7921300,67.92741
2003-01-03,80.699997,81.650002,80.209999,81.650002,5962300,66.350919
2003-01-02,78.800003,80.57,78.190002,80.57,7864500,65.473282
2002-12-31,77.099998,78.459999,77.099998,77.50,7871400,62.97852
2002-12-30,77.00,77.43,75.599998,76.25,8066600,61.962737
2002-12-27,78.50,79.18,76.610001,77.360001,6334100,62.864753
2002-12-26,79.809998,80.699997,78.260002,78.50,5784300,63.791146
2002-12-24,80.199997,81.00,79.760002,79.760002,2420200,64.815057
2002-12-23,79.75,81.50,79.440002,80.260002,5922200,65.22137
2002-12-20,79.400002,80.00,78.879997,79.790001,8053800,64.839434
2002-12-19,78.599998,80.339996,78.349998,78.660004,7319900,63.921169
2002-12-18,79.25,79.690002,78.239998,79.129997,6514900,64.303098
2002-12-17,80.599998,81.769997,80.029999,80.309998,6167100,65.261997
2002-12-16,79.599998,81.790001,79.050003,81.620003,8483500,66.326542
2002-12-13,79.25,80.00,78.269997,80.00,7773800,65.010085
2002-12-12,81.25,81.690002,79.699997,80.169998,7208700,65.14823
2002-12-11,80.800003,82.480003,79.989998,81.440002,6661000,66.180269
2002-12-10,78.599998,81.00,78.599998,80.800003,6869800,65.660188
2002-12-09,81.00,81.330002,79.50,79.589996,8841900,64.676905
2002-12-06,81.50,82.75,81.07,82.32,7594800,66.895377
2002-12-05,84.900002,84.980003,82.599998,83.059998,6900000,67.496719
2002-12-04,83.410004,84.860001,82.82,83.690002,10053500,68.008677
2002-12-03,86.720001,87.029999,85.150002,85.209999,7027800,69.243866
2002-12-02,88.599998,89.459999,86.300003,87.300003,9694200,70.942258
2002-11-29,87.709999,88.050003,86.760002,86.919998,2980700,70.633456
2002-11-27,85.900002,88.110001,85.849998,87.699997,8209800,71.267303
2002-11-26,86.150002,86.150002,84.389999,85.059998,8560800,69.121971
2002-11-25,84.629997,86.25,83.519997,86.199997,8651200,70.048364
2002-11-22,83.949997,85.169998,83.800003,84.43,9053300,68.610019
2002-11-21,82.050003,84.919998,82.050003,84.900002,12737200,68.991954
2002-11-20,77.949997,81.709999,77.900002,81.610001,9070900,66.318414
2002-11-19,78.239998,79.449997,77.839996,78.370003,6918400,63.685507
2002-11-18,80.800003,80.989998,79.080002,79.18,7321300,64.343732
2002-11-15,80.379997,80.400002,79.010002,80.010002,11367800,65.018213
2002-11-14,80.379997,80.989998,79.400002,80.720001,9662800,65.595177
2002-11-13,79.50,80.330002,77.980003,79.349998,11984700,64.481877
2002-11-12,77.50,79.900002,77.300003,79.150002,9027700,64.319354
2002-11-11,77.589996,78.360001,76.699997,77.290001,7386400,62.807869
2002-11-08,78.50,79.290001,77.199997,77.589996,8119600,63.051653
2002-11-07,80.00,80.00,78.32,78.949997,11036800,64.156825
2002-11-06,80.800003,81.879997,80.050003,81.540001,10480800,66.26153
2002-11-05,81.75,82.010002,80.470001,81.68,10466700,66.253399
2002-11-04,81.989998,83.809998,81.699997,82.50,12006000,66.918529
2002-11-01,78.900002,80.50,78.32,80.400002,9395200,65.215149
2002-10-31,78.669998,79.790001,78.50,78.940002,9864300,64.030895
2002-10-30,77.00,79.400002,76.019997,78.669998,12865800,63.811885
2002-10-29,76.559998,77.050003,74.199997,76.739998,11455200,62.246397
2002-10-28,75.150002,77.50,74.559998,76.559998,12544900,62.100393
2002-10-25,72.50,74.620003,72.160004,74.559998,7514200,60.478125
2002-10-24,75.50,75.550003,71.75,72.099998,10524000,58.482737
2002-10-23,74.400002,74.970001,72.459999,74.599998,12441900,60.510571
2002-10-22,74.50,75.68,73.620003,74.489998,10371500,60.421346
2002-10-21,73.650002,75.900002,72.940002,75.550003,10875700,61.281152
2002-10-18,71.730003,74.25,70.260002,74.25,12482900,60.226676
2002-10-17,72.800003,73.00,71.230003,72.199997,21344600,58.563849
2002-10-16,66.599998,67.00,64.239998,64.900002,15900200,52.642577
2002-10-15,67.75,68.480003,66.580002,68.480003,14600200,55.546437
2002-10-14,61.540001,63.799999,61.540001,63.419998,7925300,51.442097
2002-10-11,62.00,63.919998,61.50,63.919998,17853800,51.847664
2002-10-10,54.650002,58.48,54.009998,57.580002,12670600,46.705079
2002-10-09,56.049999,56.700001,54.810001,55.07,12156000,44.669132
2002-10-08,57.779999,58.09,54.799999,57.049999,14744500,46.275176
2002-10-07,56.599998,58.50,56.599998,56.860001,9641600,46.121062
2002-10-04,59.50,59.509998,55.77,56.599998,14551900,45.910165
2002-10-03,60.299999,61.16,58.950001,60.00,11001100,48.668021
2002-10-02,61.18,62.00,58.349998,59.630001,10653300,48.367902
2002-10-01,59.200001,61.98,58.990002,61.169998,11642800,49.617046
2002-09-30,59.549999,59.889999,57.990002,58.310001,13020100,47.297206
2002-09-27,61.43,63.490002,60.310001,60.360001,8793100,48.96003
2002-09-26,64.199997,64.879997,61.330002,62.02,12368800,50.306511
2002-09-25,61.200001,63.77,60.990002,63.009998,13119200,51.109532
2002-09-24,61.080002,63.299999,59.549999,59.75,16710100,48.465238
2002-09-23,63.75,63.75,62.369999,63.369999,8377100,51.401541
2002-09-20,65.400002,65.400002,63.900002,63.919998,14195200,51.847664
2002-09-19,64.800003,66.480003,64.650002,64.800003,22034900,52.561465
2002-09-18,70.650002,70.900002,68.860001,69.550003,12712700,56.41435
2002-09-17,73.00,73.449997,71.349998,71.75,6195100,58.198842
2002-09-16,72.00,72.720001,71.230003,72.32,4595200,58.661188
2002-09-13,71.50,72.879997,71.309998,72.50,5949600,58.807192
2002-09-12,74.050003,74.050003,71.639999,71.870003,6707400,58.29618
2002-09-11,76.400002,77.50,74.059998,74.199997,5394400,60.186117
2002-09-10,74.599998,75.599998,73.849998,75.599998,5538300,61.321705
2002-09-09,72.449997,74.980003,71.849998,74.50,5785000,60.429459
2002-09-06,73.75,73.989998,73.07,73.199997,4586500,59.374983
2002-09-05,72.739998,72.849998,71.50,72.18,6467700,58.547629
2002-09-04,72.349998,73.989998,71.599998,73.730003,6264600,59.804889
2002-09-03,74.199997,75.00,72.300003,72.349998,6849400,58.685521
2002-08-30,75.550003,76.349998,75.099998,75.379997,5002500,61.143255
2002-08-29,75.599998,77.349998,75.150002,76.620003,5857400,62.149065
2002-08-28,76.00,77.010002,75.669998,76.059998,6590300,61.694826
2002-08-27,80.400002,80.440002,77.300003,77.959999,7087800,63.235981
2002-08-26,80.400002,80.889999,77.800003,79.419998,6997800,64.420236
2002-08-23,81.199997,81.480003,79.349998,80.400002,5908900,65.215149
2002-08-22,80.949997,82.449997,80.199997,81.989998,5446600,66.504849
2002-08-21,81.900002,82.330002,79.550003,81.00,7768600,65.701828
2002-08-20,81.559998,82.00,80.18,81.269997,7671000,65.920832
2002-08-19,79.349998,82.849998,79.010002,82.489998,10803900,66.910416
2002-08-16,76.50,79.980003,75.980003,79.349998,11645800,64.363456
2002-08-15,75.400002,76.709999,74.599998,76.50,9267300,62.051727
2002-08-14,71.949997,75.019997,71.349998,74.919998,8353000,60.770134
2002-08-13,71.550003,73.800003,71.190002,71.900002,8014700,58.320513
2002-08-12,71.050003,72.639999,70.610001,71.769997,5263300,58.215062
2002-08-09,70.610001,74.300003,70.400002,71.830002,6940900,58.263734
2002-08-08,69.199997,72.050003,68.349998,71.610001,8420500,58.085284
2002-08-07,69.00,69.900002,66.800003,69.169998,8037300,56.106115
2002-08-06,67.00,69.419998,66.610001,67.900002,8370800,54.954309
2002-08-05,67.940002,68.349998,65.849998,65.989998,7126900,53.408463
2002-08-02,68.209999,68.230003,67.120003,67.879997,6915000,54.938118
2002-08-01,70.400002,70.699997,67.220001,68.25,8832000,55.237577
2002-07-31,70.75,71.599998,69.110001,70.400002,12718600,56.977663
2002-07-30,70.50,72.699997,70.019997,71.790001,10138600,58.102648
2002-07-29,70.370003,71.400002,68.00,71.18,11919300,57.608949
2002-07-26,68.75,69.470001,65.760002,66.400002,11576400,53.740296
2002-07-25,68.900002,70.00,67.300003,69.349998,10989800,56.127852
2002-07-24,66.00,70.00,65.699997,69.540001,13804500,56.281629
2002-07-23,68.25,70.00,66.660004,67.050003,12766700,54.266369
2002-07-22,71.25,72.190002,68.309998,68.50,14866900,55.439912
2002-07-19,70.959999,72.699997,70.00,72.00,11612900,58.272609
2002-07-18,70.50,74.199997,70.00,72.050003,15310800,58.313078
2002-07-17,71.00,71.599998,69.620003,70.690002,11537300,57.212373
2002-07-16,69.510002,71.389999,68.480003,69.010002,10486800,55.852679
2002-07-15,68.400002,71.00,66.599998,71.00,10420900,57.463267
2002-07-12,70.00,71.739998,68.800003,69.209999,8572200,56.014544
2002-07-11,68.00,69.75,67.550003,69.410004,11026400,56.176416
2002-07-10,70.599998,71.25,68.529999,68.760002,10073400,55.650343
2002-07-09,71.400002,72.25,69.449997,69.669998,11165600,56.386841
2002-07-08,73.00,73.480003,71.029999,71.300003,9488100,57.706072
2002-07-05,72.449997,73.900002,72.00,73.50,5243000,59.486621
2002-07-03,67.949997,70.709999,67.870003,70.510002,8469900,57.066691
2002-07-02,67.849998,69.400002,67.699997,68.580002,12012900,55.504661
2002-07-01,72.010002,72.410004,67.160004,67.599998,12055900,54.711504
2002-06-28,71.349998,73.620003,71.25,72.00,10945600,58.272609
2002-06-27,71.199997,72.150002,69.099998,71.900002,10610100,58.191676
2002-06-26,66.099998,70.589996,66.099998,70.050003,11544000,56.694395
2002-06-25,70.300003,71.449997,68.410004,68.599998,8554800,55.520845
2002-06-24,67.25,71.489998,67.25,69.699997,14687700,56.41112
2002-06-21,70.00,70.989998,68.190002,68.75,15542600,55.642248
2002-06-20,74.00,74.089996,71.43,71.580002,11116900,57.932687
2002-06-19,74.199997,75.199997,73.25,73.349998,9455400,59.365219
2002-06-18,75.599998,76.900002,75.470001,75.940002,7242000,61.461417
2002-06-17,76.18,77.75,75.160004,77.139999,7775800,62.432625
2002-06-14,74.199997,76.769997,73.25,76.169998,8592000,61.647563
2002-06-13,75.449997,77.400002,75.300003,75.599998,8909600,61.186238
2002-06-12,75.400002,75.949997,73.25,74.650002,13296100,60.417366
2002-06-11,77.849998,78.25,75.199997,75.489998,7953400,61.09721
2002-06-10,77.75,78.800003,76.599998,76.800003,7075800,62.157452
2002-06-07,78.480003,78.849998,77.00,78.300003,9309400,63.371464
2002-06-06,80.550003,80.949997,78.889999,79.660004,5540600,64.47217
2002-06-05,79.650002,80.709999,79.110001,80.550003,7172100,65.192484
2002-06-04,78.110001,79.650002,77.599998,79.309998,7273200,64.188895
2002-06-03,80.75,80.910004,78.00,78.110001,8383600,63.217688
2002-05-31,82.050003,82.050003,80.400002,80.449997,5126200,65.111544
2002-05-30,80.599998,82.25,80.220001,82.25,7374100,66.568362
2002-05-29,81.50,82.00,81.00,81.599998,4519500,66.042289
2002-05-28,82.800003,83.110001,81.690002,82.080002,4552100,66.430775
2002-05-24,83.650002,83.75,82.620003,83.099998,4122000,67.256301
2002-05-23,84.25,85.050003,82.519997,84.349998,6865600,68.267979
2002-05-22,83.760002,84.389999,82.739998,84.00,5040700,67.98471
2002-05-21,84.410004,85.00,83.300003,83.449997,4454000,67.53957
2002-05-20,85.449997,85.459999,83.93,84.449997,4530300,68.348912
2002-05-17,86.25,86.400002,85.00,85.690002,5874800,69.3525
2002-05-16,84.199997,86.00,83.400002,85.449997,6768300,69.158253
2002-05-15,84.599998,86.489998,84.050003,84.50,8552300,68.389381
2002-05-14,84.50,85.480003,82.190002,85.480003,9624700,69.182539
2002-05-13,80.25,82.290001,79.50,82.190002,6527600,66.519804
2002-05-10,79.949997,80.50,79.25,79.68,7386300,64.488354
2002-05-09,81.900002,83.00,79.00,79.93,10130100,64.690689
2002-05-08,78.199997,82.800003,78.199997,82.449997,12779700,66.730228
2002-05-07,76.889999,77.50,75.919998,76.50,17418700,61.793248
2002-05-06,81.699997,81.870003,76.00,76.00,13648400,61.38937
2002-05-03,83.099998,83.50,81.110001,81.779999,8656300,66.058193
2002-05-02,83.75,84.800003,83.129997,83.860001,6582900,67.738324
2002-05-01,83.849998,84.650002,81.669998,84.300003,12203800,68.093738
2002-04-30,83.910004,85.230003,83.529999,83.760002,8883900,67.65755
2002-04-29,84.709999,85.099998,83.550003,83.889999,6535600,67.762556
2002-04-26,86.699997,86.959999,84.699997,84.709999,6684200,68.424915
2002-04-25,86.050003,86.919998,85.769997,86.709999,6870000,70.040424
2002-04-24,88.199997,88.25,86.269997,86.50,6520500,69.870797
2002-04-23,88.349998,89.080002,87.239998,87.330002,5144100,70.541235
2002-04-22,88.949997,88.949997,87.360001,87.93,6757700,71.025886
2002-04-19,89.900002,90.029999,87.599998,89.00,9273200,71.890184
2002-04-18,86.970001,89.099998,86.900002,88.949997,14763500,71.849794
2002-04-17,87.050003,87.199997,84.00,84.809998,11019500,68.505689
2002-04-16,86.349998,86.849998,85.580002,86.199997,7933100,69.628468
2002-04-15,86.50,86.599998,84.699997,85.349998,8871600,68.941877
2002-04-12,87.559998,87.959999,84.400002,85.599998,15819300,69.143816
2002-04-11,88.050003,88.510002,83.339996,84.190002,23343700,68.004885
2002-04-10,88.449997,89.949997,88.199997,89.010002,13143900,71.898263
2002-04-09,88.50,88.519997,87.099998,87.739998,17383600,70.872411
2002-04-08,87.50,88.589996,85.349998,87.410004,41207300,70.605857
2002-04-05,100.839996,101.25,97.25,97.25,9801800,78.554162
2002-04-04,99.959999,101.139999,99.50,100.839996,5928500,81.453999
2002-04-03,101.400002,101.50,98.900002,99.959999,7649100,80.743176
2002-04-02,102.00,102.010002,100.510002,100.949997,7382200,81.542852
2002-04-01,104.00,104.00,102.400002,102.860001,5587000,83.085667
2002-03-28,103.550003,105.139999,103.389999,104.00,5347500,84.006507
2002-03-27,103.75,103.790001,102.50,103.389999,5602400,83.513776
2002-03-26,103.57,105.699997,102.300003,102.900002,8144000,83.117978
2002-03-25,105.800003,106.660004,103.50,103.559998,6277900,83.651093
2002-03-22,106.50,106.699997,105.07,105.599998,5507900,85.298913
2002-03-21,105.699997,106.779999,104.699997,106.779999,5113100,86.252064
2002-03-20,106.900002,106.900002,105.489998,105.50,4844100,85.218139
2002-03-19,106.849998,108.050003,106.489998,107.489998,4614800,86.82557
2002-03-18,107.099998,108.639999,106.230003,106.349998,5301200,85.90473
2002-03-15,106.550003,107.449997,105.589996,106.790001,10864100,86.260144
2002-03-14,107.019997,107.949997,106.589996,106.599998,5335500,86.106668
2002-03-13,108.300003,108.650002,106.699997,107.18,6409200,86.575168
2002-03-12,105.519997,108.849998,105.510002,108.50,11059300,87.641404
2002-03-11,104.349998,105.970001,103.599998,105.239998,8639100,85.008121
2002-03-08,104.82,107.339996,104.82,105.089996,10726400,84.886957
2002-03-07,107.300003,107.50,103.239998,103.709999,10971900,83.772257
2002-03-06,105.150002,107.089996,104.75,106.300003,7687400,85.864346
2002-03-05,104.25,106.50,104.160004,105.669998,7562100,85.355456
2002-03-04,103.349998,106.529999,103.129997,105.900002,10767700,85.541242
2002-03-01,98.599998,103.099998,98.50,103.019997,10492900,83.214904
2002-02-28,98.489998,99.599998,97.82,98.120003,7939000,79.25691
2002-02-27,98.099998,100.309998,96.699997,97.830002,11978700,79.022661
2002-02-26,99.00,99.190002,95.989998,97.150002,11634500,78.473387
2002-02-25,98.449997,99.25,97.120003,98.300003,9902800,79.402307
2002-02-22,96.379997,99.199997,95.760002,98.449997,10471600,79.523465
2002-02-21,98.75,99.699997,96.010002,96.379997,10131700,77.851413
2002-02-20,99.540001,100.00,97.00,99.309998,14525200,80.218135
2002-02-19,101.50,101.800003,98.860001,101.300003,13395900,81.825571
2002-02-15,104.800003,104.800003,101.699997,102.889999,18204600,83.109899
2002-02-14,109.00,109.150002,107.199997,107.889999,5816300,87.148673
2002-02-13,106.699997,108.480003,106.120003,108.07,5086900,87.294069
2002-02-12,106.75,107.889999,106.059998,106.57,4559800,86.082437
2002-02-11,105.00,107.690002,104.510002,107.379997,6271900,86.736716
2002-02-08,103.00,105.720001,102.610001,104.989998,8339400,84.806183
2002-02-07,106.639999,107.00,103.860001,103.910004,7253800,83.933812
2002-02-06,106.699997,107.82,105.330002,106.629997,6669800,86.1309
2002-02-05,106.25,108.50,106.00,106.300003,6737700,85.751261
2002-02-04,108.00,108.00,105.989998,106.800003,6601900,86.154607
2002-02-01,107.639999,109.300003,106.639999,108.00,6799500,87.122633
2002-01-31,106.400002,107.980003,104.459999,107.889999,9877000,87.033897
2002-01-30,104.25,105.75,101.00,105.550003,17713300,85.146243
2002-01-29,108.150002,108.559998,102.410004,103.00,14509400,83.089178
2002-01-28,109.50,110.209999,107.059998,108.150002,7092900,87.243638
2002-01-25,108.50,110.690002,108.099998,109.279999,6761800,88.155197
2002-01-24,108.800003,109.730003,107.07,108.720001,8581500,87.703452
2002-01-23,110.800003,111.25,107.00,107.900002,12556700,87.041966
2002-01-22,114.25,114.260002,110.330002,110.50,10130400,89.139361
2002-01-18,114.25,114.900002,112.809998,114.25,18440200,92.164453
2002-01-17,119.849998,120.550003,117.260002,119.900002,11153700,96.722258
2002-01-16,118.00,118.75,117.25,117.400002,5366300,94.705531
2002-01-15,118.050003,119.699997,117.720001,118.849998,5647900,95.87523
2002-01-14,120.00,120.089996,117.099998,118.050003,10026700,95.229881
2002-01-11,121.50,122.18,120.279999,120.309998,4797800,97.052998
2002-01-10,123.75,124.00,121.419998,122.139999,8926300,98.529244
2002-01-09,124.699997,126.389999,124.150002,124.489998,6839900,100.424967
2002-01-08,124.25,125.199997,123.730003,124.699997,5311800,100.594372
2002-01-07,125.00,126.190002,123.699997,124.050003,5939600,100.070027
2002-01-04,124.050003,125.599998,123.980003,125.599998,8405200,101.320395
2002-01-03,121.50,124.220001,120.25,123.660004,8621700,99.755418
2002-01-02,120.599998,121.50,119.800003,121.50,6862800,98.012963
2001-12-31,122.75,123.239998,120.949997,120.959999,3512700,97.577349
2001-12-28,123.50,123.879997,122.349998,122.900002,4213900,99.142331
2001-12-27,122.75,123.93,122.639999,123.50,3826200,99.626345
2001-12-26,122.00,123.699997,121.809998,122.400002,3755700,98.738986
2001-12-24,122.050003,122.480003,121.099998,121.449997,1654400,97.972626
2001-12-21,122.699997,123.50,121.709999,122.00,8659100,98.416308
2001-12-20,123.889999,124.00,122.150002,122.699997,6344800,98.980989
2001-12-19,121.900002,124.699997,121.010002,123.889999,8053900,99.940954
2001-12-18,121.510002,122.970001,121.349998,122.199997,5596200,98.577644
2001-12-17,120.150002,122.139999,120.150002,121.339996,6205100,97.883889
2001-12-14,120.800003,121.480003,119.410004,121.099998,7036000,97.690285
2001-12-13,121.550003,122.300003,120.120003,120.25,8061000,97.004599
2001-12-12,121.120003,123.209999,120.059998,123.199997,7977900,99.384335
2001-12-11,120.400002,122.739998,119.800003,121.50,7793200,98.012963
2001-12-10,120.00,121.00,119.410004,119.660004,5570900,96.528654
2001-12-07,119.50,121.00,118.75,120.400002,6889200,97.125604
2001-12-06,120.50,121.699997,119.800003,120.139999,11225700,96.915862
2001-12-05,116.849998,121.980003,116.650002,121.400002,14646200,97.932295
2001-12-04,114.300003,116.720001,113.379997,116.639999,6585900,94.092444
2001-12-03,114.800003,114.849998,113.209999,114.129997,5785800,92.067647
2001-11-30,114.43,115.940002,113.800003,115.589996,5597800,93.245416
2001-11-29,112.900002,114.550003,111.809998,114.43,6128700,92.309657
2001-11-28,114.099998,114.379997,112.099998,112.150002,6161200,90.470403
2001-11-27,116.25,116.300003,114.07,114.199997,6894100,92.124116
2001-11-26,115.900002,116.400002,115.199997,116.330002,4854300,93.842371
2001-11-23,114.290001,115.370003,113.720001,115.349998,1714000,93.051811
2001-11-21,114.949997,115.25,113.050003,114.339996,4184700,92.237052
2001-11-20,114.349998,116.800003,114.25,115.440002,6452200,93.124417
2001-11-19,114.699997,115.800003,113.769997,115.00,4931300,92.769471
2001-11-16,115.00,115.00,112.550003,114.50,6661500,92.366125
2001-11-15,114.099998,116.330002,113.839996,114.75,7013800,92.567798
2001-11-14,116.699997,116.849998,113.330002,114.349998,8091700,92.24512
2001-11-13,115.699997,117.00,115.699997,116.699997,9216700,94.140843
2001-11-12,113.00,114.900002,112.050003,114.860001,5608400,92.656535
2001-11-09,113.099998,114.900002,113.099998,114.080002,5045900,92.027317
2001-11-08,113.959999,115.559998,113.610001,113.809998,7991200,91.809506
2001-11-07,113.050003,115.199997,113.029999,113.849998,10129700,91.841775
2001-11-06,109.599998,114.800003,109.00,113.610001,8509700,91.535233
2001-11-05,109.949997,110.589996,109.080002,109.970001,5708500,88.602496
2001-11-02,109.150002,110.300003,108.769997,109.50,6216900,88.223818
2001-11-01,107.25,110.169998,106.900002,109.889999,8024000,88.538039
2001-10-31,109.599998,111.120003,108.07,108.07,7177700,87.071671
2001-10-30,107.800003,109.75,107.760002,108.650002,8625100,87.538976
2001-10-29,110.50,110.699997,108.620003,108.620003,7072800,87.514806
2001-10-26,110.00,112.099998,109.620003,111.160004,10142500,89.561277
2001-10-25,108.050003,110.849998,106.75,110.660004,9683400,89.158429
2001-10-24,106.50,108.75,106.089996,108.57,8293200,87.474519
2001-10-23,105.75,106.690002,104.550003,105.809998,7429300,85.250794
2001-10-22,102.650002,105.779999,101.900002,105.25,7623900,84.799605
2001-10-19,101.650002,102.739998,100.07,102.650002,11771900,82.704795
2001-10-18,103.050003,103.75,100.779999,101.260002,10694900,81.584876
2001-10-17,106.300003,106.699997,102.900002,102.900002,18920500,82.906219
2001-10-16,101.870003,103.00,99.660004,101.849998,11946000,82.060235
2001-10-15,99.849998,102.760002,99.849998,102.00,10204200,82.18109
2001-10-12,98.699997,101.00,98.00,100.839996,11501200,81.246479
2001-10-11,97.699997,99.400002,96.50,99.400002,11501600,80.086279
2001-10-10,95.00,97.300003,94.900002,97.25,10636900,78.35403
2001-10-09,98.50,98.50,96.760002,97.139999,7525300,78.265403
2001-10-08,98.029999,99.00,96.75,98.50,7093400,79.361151
2001-10-05,96.650002,98.449997,95.370003,98.019997,9708200,78.974414
2001-10-04,97.150002,98.879997,96.800003,97.309998,9785100,78.40237
2001-10-03,92.900002,97.620003,92.400002,96.949997,11117000,78.112318
2001-10-02,92.300003,93.900002,92.099998,93.769997,7221200,75.550202
2001-10-01,91.720001,93.480003,91.339996,92.709999,8676200,74.696165
2001-09-28,90.199997,92.709999,89.900002,91.720001,11077200,73.898527
2001-09-27,91.300003,91.50,87.489998,90.00,13172300,72.512727
2001-09-26,94.449997,94.449997,90.300003,91.300003,13783100,73.560135
2001-09-25,94.099998,96.00,93.410004,94.449997,12575100,76.098076
2001-09-24,91.800003,95.540001,91.800003,94.800003,11201800,76.380075
2001-09-21,90.599998,93.50,89.50,90.50,18364700,72.915575
2001-09-20,94.099998,95.75,92.849998,93.400002,15182900,75.252098
2001-09-19,96.400002,96.849998,92.449997,96.00,14883500,77.346909
2001-09-18,94.00,96.75,93.68,96.400002,12305000,77.669189
2001-09-17,93.900002,95.860001,92.550003,93.339996,15132800,75.203752
2001-09-10,96.00,97.400002,95.589996,96.470001,10311500,77.725587
2001-09-07,97.900002,98.150002,96.00,96.589996,10507000,77.822267
2001-09-06,100.68,100.68,97.650002,98.00,9043100,78.958302
2001-09-05,101.50,102.830002,99.610001,100.349998,11880700,80.851689
2001-09-04,100.150002,103.129997,99.290001,101.489998,9891800,81.770183
2001-08-31,101.00,101.360001,99.239998,99.949997,8126600,80.529409
2001-08-30,102.75,103.400002,98.860001,100.360001,15015500,80.859748
2001-08-29,105.75,105.900002,103.82,104.129997,4840300,83.897223
2001-08-28,106.900002,107.169998,104.870003,104.949997,5808100,84.557894
2001-08-27,106.989998,108.199997,106.639999,106.860001,4540900,86.096778
2001-08-24,103.949997,107.800003,103.410004,106.989998,7711900,86.201516
2001-08-23,104.00,104.699997,103.00,103.00,5474300,82.986787
2001-08-22,102.50,104.040001,101.760002,103.959999,8029000,83.760256
2001-08-21,103.849998,104.970001,101.400002,101.889999,6515900,82.092463
2001-08-20,104.68,105.00,102.800003,104.099998,5612700,83.873053
2001-08-17,105.489998,105.489998,103.900002,104.589996,7006200,84.267843
2001-08-16,104.199997,106.019997,103.660004,105.75,6215200,85.202454
2001-08-15,106.349998,106.589996,105.010002,105.010002,4712900,84.60624
2001-08-14,106.50,106.849998,105.400002,106.199997,5730200,85.565015
2001-08-13,105.00,106.639999,104.650002,105.860001,6024400,85.291081
2001-08-10,103.849998,104.949997,102.809998,104.949997,5254800,84.557894
2001-08-09,103.699997,104.540001,102.699997,104.080002,6763200,83.856942
2001-08-08,105.00,106.099998,104.099998,104.190002,6398000,83.945569
2001-08-07,105.800003,107.370003,105.260002,106.25,4029300,85.492506
2001-08-06,107.25,107.370003,105.790001,106.510002,4176800,85.701712
2001-08-03,107.800003,110.089996,107.099998,108.18,3704100,87.045452
2001-08-02,108.50,109.470001,107.209999,108.800003,5675100,87.544328
2001-08-01,105.349998,108.50,105.309998,107.059998,6036100,86.144258
2001-07-31,105.900002,107.00,105.150002,105.209999,5603000,84.655684
2001-07-30,104.900002,106.25,104.760002,105.849998,4030800,85.17065
2001-07-27,104.75,105.949997,104.110001,104.699997,4346500,84.245318
2001-07-26,104.75,106.00,102.93,106.00,8428700,85.291347
2001-07-25,104.50,105.699997,102.730003,104.889999,6247600,84.398201
2001-07-24,104.849998,106.150002,103.790001,104.510002,7299800,84.092442
2001-07-23,105.699997,106.949997,105.300003,105.849998,6315700,85.17065
2001-07-20,103.400002,105.699997,103.029999,105.699997,8991700,85.049954
2001-07-19,105.599998,106.00,103.099998,104.00,13644500,83.682076
2001-07-18,106.099998,107.599998,103.199997,104.279999,11670300,83.907373
2001-07-17,106.099998,108.580002,104.75,108.529999,8662400,87.327073
2001-07-16,108.529999,109.379997,107.279999,107.82,5330100,86.755783
2001-07-13,106.150002,109.300003,106.110001,108.529999,7841800,87.327073
2001-07-12,105.900002,107.800003,105.620003,107.25,8766400,86.297141
2001-07-11,101.599998,104.129997,101.559998,103.849998,8895400,83.561379
2001-07-10,104.730003,105.400002,101.599998,101.959999,10266600,82.040619
2001-07-09,106.50,106.949997,103.650002,104.720001,9312600,84.261414
2001-07-06,110.900002,110.900002,105.809998,106.50,11704600,85.693664
2001-07-05,112.599998,113.260002,111.790001,112.099998,4419000,90.199621
2001-07-03,114.099998,114.190002,112.760002,112.980003,3325800,90.907704
2001-07-02,113.50,115.400002,112.959999,114.349998,5913100,92.010051
2001-06-29,115.599998,116.650002,113.00,113.50,9477400,91.326112
2001-06-28,113.800003,116.949997,113.75,115.099998,8181000,92.613527
2001-06-27,113.099998,114.18,112.449997,113.519997,4814100,91.342202
2001-06-26,111.25,114.050003,111.099998,113.040001,7081900,90.95598
2001-06-25,113.75,114.900002,111.779999,112.650002,5675900,90.642173
2001-06-22,112.599998,114.43,112.50,112.870003,5607200,90.819194
2001-06-21,112.150002,114.699997,111.360001,112.599998,8155800,90.601939
2001-06-20,113.50,114.989998,111.760002,113.089996,8828300,90.996208
2001-06-19,116.260002,117.25,114.559998,114.839996,6152800,92.40432
2001-06-18,113.980003,115.440002,113.309998,114.269997,5182800,91.945678
2001-06-15,115.099998,115.449997,113.379997,113.599998,12470100,91.406574
2001-06-14,115.599998,116.080002,113.989998,115.75,7502500,93.136541
2001-06-13,117.25,118.470001,116.529999,116.540001,5703200,93.772204
2001-06-12,116.75,117.800003,115.550003,117.25,7301500,94.343494
2001-06-11,116.300003,118.139999,116.099998,117.360001,6542700,94.432005
2001-06-08,117.50,117.50,115.599998,116.099998,3099100,93.418162
2001-06-07,117.00,118.25,117.00,117.25,6423700,94.343494
2001-06-06,117.599998,119.00,116.50,117.50,9624200,94.544653
2001-06-05,113.639999,117.599998,113.559998,116.970001,6154400,94.118197
2001-06-04,113.25,114.75,112.849998,113.639999,3812200,91.43876
2001-06-01,112.50,113.599998,111.900002,112.889999,5138900,90.835284
2001-05-31,112.650002,113.860001,111.639999,111.800003,6724100,89.958234
2001-05-30,114.00,114.099998,112.00,112.650002,9598700,90.642173
2001-05-29,117.349998,117.589996,115.080002,115.269997,5818000,92.750314
2001-05-25,119.519997,119.900002,117.760002,117.800003,5629100,94.786046
2001-05-24,117.50,119.599998,117.50,119.599998,7726400,96.234386
2001-05-23,117.800003,118.949997,117.099998,117.400002,6402600,94.464191
2001-05-22,119.699997,119.699997,117.25,118.010002,6005300,94.955019
2001-05-21,117.949997,119.900002,117.550003,119.040001,8409400,95.783792
2001-05-18,115.07,117.68,114.900002,117.440002,6714900,94.496377
2001-05-17,115.800003,117.089996,115.050003,115.07,6887700,92.589389
2001-05-16,112.50,115.800003,112.199997,115.800003,7796700,93.176776
2001-05-15,113.50,114.150002,112.50,113.580002,5873400,91.390484
2001-05-14,111.199997,113.18,111.00,112.559998,5254800,90.569753
2001-05-11,113.75,114.150002,110.959999,111.809998,8390200,89.966276
2001-05-10,118.50,118.900002,115.199997,115.199997,7993900,92.693989
2001-05-09,116.199997,118.18,115.300003,116.980003,7680200,94.126245
2001-05-08,117.25,117.75,115.50,117.699997,7605800,94.705578
2001-05-07,116.199997,117.25,115.00,115.900002,6088600,93.144586
2001-05-04,112.00,115.860001,111.199997,115.860001,8681400,93.112439
2001-05-03,114.599998,115.099998,112.349998,113.699997,6578000,91.376523
2001-05-02,118.300003,118.949997,113.739998,115.400002,9706200,92.742754
2001-05-01,115.849998,118.650002,114.900002,118.510002,7790800,95.242148
2001-04-30,116.400002,118.050003,114.720001,115.139999,7357200,92.5338
2001-04-27,116.800003,116.900002,114.550003,116.199997,7390600,93.385681
2001-04-26,114.949997,116.699997,113.68,113.739998,7346100,91.40867
2001-04-25,112.00,114.849998,111.989998,114.849998,6858500,92.300737
2001-04-24,113.400002,114.75,112.300003,112.669998,8742000,90.548751
2001-04-23,114.010002,114.050003,111.68,112.00,8537500,90.010298
2001-04-20,114.349998,116.400002,113.75,114.830002,12759100,92.284667
2001-04-19,112.00,115.900002,110.449997,114.470001,25822400,91.995347
2001-04-18,103.00,110.00,102.300003,106.50,19814300,85.590149
2001-04-17,97.00,99.879997,97.00,99.699997,9957300,80.125236
2001-04-16,96.199997,99.889999,95.199997,96.75,9188500,77.754431
2001-04-12,96.400002,97.50,95.150002,96.199997,9390100,77.312414
2001-04-11,101.50,101.940002,95.800003,97.43,11498400,78.300923
2001-04-10,97.00,99.900002,96.559998,99.050003,10499400,79.60286
2001-04-09,98.50,98.739998,93.800003,96.00,9486600,77.151684
2001-04-06,98.00,100.00,96.400002,97.949997,13424200,78.718825
2001-04-05,95.800003,100.00,95.529999,98.209999,12506100,78.927779
2001-04-04,90.449997,94.050003,90.050003,92.00,13515600,73.93703
2001-04-03,94.599998,94.650002,90.099998,90.389999,13330000,72.643132
2001-04-02,97.449997,98.099998,93.580002,94.660004,8787000,76.074778
2001-03-30,96.50,97.559998,95.139999,96.18,9461300,77.296343
2001-03-29,94.459999,97.07,94.260002,95.040001,10553700,76.380168
2001-03-28,97.900002,98.449997,94.25,94.410004,11890500,75.873862
2001-03-27,94.00,100.00,93.970001,99.50,11851200,79.964506
2001-03-26,95.25,95.660004,93.75,95.400002,8581200,76.669487
2001-03-23,93.50,94.989998,90.290001,93.510002,12233600,75.150564
2001-03-22,89.120003,91.00,87.650002,89.099998,13328200,71.606405
2001-03-21,88.449997,91.599998,87.75,89.080002,11013000,71.590335
2001-03-20,91.599998,92.029999,88.099998,88.300003,10101100,70.963478
2001-03-19,91.00,92.800003,89.199997,92.599998,10235500,74.419227
2001-03-16,93.900002,93.900002,88.199997,90.099998,20029400,72.410069
2001-03-15,96.00,97.870003,95.169998,95.559998,8420000,76.79807
2001-03-14,95.400002,98.900002,93.339996,94.959999,14246600,76.315873
2001-03-13,95.099998,98.440002,94.199997,98.389999,12127900,79.072439
2001-03-12,97.900002,98.400002,95.019997,95.489998,14494800,76.741814
2001-03-09,105.00,105.010002,97.900002,99.290001,16688100,79.795737
2001-03-08,107.169998,107.339996,105.370003,106.470001,6793600,85.56604
2001-03-07,107.449997,108.25,105.660004,107.550003,7788900,86.433998
2001-03-06,106.25,108.400002,105.25,106.00,8120000,85.188318
2001-03-05,102.809998,105.599998,102.639999,104.910004,6743900,84.312327
2001-03-02,104.00,107.650002,100.940002,102.300003,14745500,82.214766
2001-03-01,99.300003,106.400002,97.50,106.050003,15102000,85.228503
2001-02-28,102.949997,103.540001,99.099998,99.900002,11933200,80.285972
2001-02-27,104.900002,106.870003,102.559998,102.589996,9787900,82.447822
2001-02-26,105.800003,105.800003,101.830002,105.300003,8344100,84.625756
2001-02-23,107.50,107.50,100.25,104.00,15276600,83.580991
2001-02-22,106.50,110.900002,103.379997,108.900002,11709000,87.518943
2001-02-21,109.550003,111.50,107.290001,107.510002,9156900,86.401851
2001-02-20,114.550003,115.599998,110.779999,111.50,6748300,89.608466
2001-02-16,114.550003,115.75,113.940002,115.00,7073000,92.421288
2001-02-15,116.800003,118.639999,116.379997,116.779999,8098700,93.851808
2001-02-14,113.75,116.169998,112.50,115.099998,7032900,92.501653
2001-02-13,114.150002,117.379997,113.07,113.75,7193200,91.416709
2001-02-12,110.550003,115.720001,110.300003,114.900002,6729300,92.340923
2001-02-09,114.029999,114.989998,111.00,112.00,6318800,90.010298
2001-02-08,116.910004,118.199997,114.029999,114.099998,8380800,91.69799
2001-02-07,113.400002,117.599998,112.669998,116.910004,9006900,93.956288
2001-02-06,112.230003,115.690002,111.199997,114.190002,7526400,91.665847
2001-02-05,109.400002,112.599998,109.300003,112.220001,5113700,90.084431
2001-02-02,112.75,113.989998,109.599998,110.269997,5428400,88.519068
2001-02-01,112.400002,114.339996,111.199997,114.050003,5580800,91.553462
2001-01-31,115.75,116.75,112.00,112.00,8314200,89.907825
2001-01-30,115.00,116.75,113.400002,116.610001,8242000,93.608496
2001-01-29,112.50,115.50,112.470001,114.980003,5125000,92.300019
2001-01-26,109.625,115.25,109.1875,114.1875,9095200,91.663838
2001-01-25,110.125,111.125,109.4375,110.75,4982100,88.90439
2001-01-24,109.0625,111.4375,108.9375,110.4375,6760900,88.653531
2001-01-23,109.5625,109.9375,107.625,109.0625,9826900,87.549752
2001-01-22,109.50,109.9375,108.1875,108.5625,9618500,87.148378
2001-01-19,107.50,113.9375,107.25,111.25,14762200,89.305764
2001-01-18,104.375,110.00,103.50,108.3125,25244900,86.947691
2001-01-17,95.375,97.75,94.3125,96.6875,9727000,77.61574
2001-01-16,93.75,94.00,91.8125,92.75,5671900,74.454918
2001-01-12,93.6875,96.4375,92.375,93.8125,6448000,75.307838
2001-01-11,92.9375,94.25,91.25,93.6875,9635000,75.207495
2001-01-10,92.50,94.9375,91.6875,93.4375,7656100,75.006808
2001-01-09,94.4375,95.75,91.4375,92.5625,7547100,74.304403
2001-01-08,93.50,93.9375,91.5625,93.5625,6064800,75.107151
2001-01-05,93.9375,94.6875,91.00,94.00,8043200,75.458354
2001-01-04,94.75,99.75,92.6875,93.1875,15420500,74.80612
2001-01-03,83.75,95.00,83.75,94.625,12769900,75.960071
2001-01-02,84.50,87.50,84.125,84.8125,8007200,68.083102
2000-12-29,86.9375,86.9375,84.25,85.00,6943700,68.233618
2000-12-28,83.50,88.1875,82.125,85.25,9798600,68.434305
2000-12-27,84.75,88.125,83.5625,84.6875,8245100,67.982759
2000-12-26,89.00,89.5625,84.25,84.8125,6052300,68.083102
2000-12-22,84.50,89.375,84.50,89.00,9514000,71.444611
2000-12-21,85.50,87.9375,80.0625,81.5625,12725500,65.47417
2000-12-20,85.875,88.00,84.8125,86.00,12579400,69.036366
2000-12-19,90.1875,94.4375,89.8125,90.125,7705300,72.347703
2000-12-18,88.375,90.50,88.375,90.50,7693800,72.648734
2000-12-15,90.00,90.6875,87.3125,87.8125,14254500,70.491348
2000-12-14,92.00,93.6875,91.8125,92.4375,6131400,74.204059
2000-12-13,94.875,96.625,90.6875,91.25,6992600,73.250795
2000-12-12,95.25,96.125,92.50,93.875,7913300,75.35801
2000-12-11,96.50,98.25,93.75,95.00,6185600,76.261102
2000-12-08,98.00,99.00,95.75,97.00,6140600,77.866599
2000-12-07,95.0625,95.9375,93.125,93.125,7922000,74.755949
2000-12-06,101.75,101.8125,94.8125,96.75,10096900,77.665912
2000-12-05,100.4375,104.75,99.625,103.375,7804200,82.98412
2000-12-04,96.00,99.1875,95.75,98.375,5566800,78.970378
2000-12-01,94.4375,99.3125,94.375,95.625,7525100,76.76282
2000-11-30,98.00,98.00,92.25,93.50,10651400,75.056979
2000-11-29,97.75,99.9375,96.6875,99.8125,5524600,80.124329
2000-11-28,98.75,100.75,97.375,97.875,4799100,78.569004
2000-11-27,100.4375,102.00,98.4375,98.4375,3866200,79.02055
2000-11-24,99.375,101.75,99.25,99.9375,2497500,80.224672
2000-11-22,98.50,100.8125,98.3125,98.50,5537100,79.070722
2000-11-21,103.25,104.375,98.50,98.50,7180700,79.070722
2000-11-20,101.50,103.25,100.875,103.25,7426600,82.883777
2000-11-17,98.3125,102.50,98.25,101.9375,7717400,81.830169
2000-11-16,99.25,99.6875,98.25,98.25,3739700,78.870034
2000-11-15,99.50,100.0625,97.625,99.375,4160300,79.773126
2000-11-14,99.25,99.875,98.50,99.50,5150900,79.87347
2000-11-13,91.8125,99.4375,91.625,97.4375,8684900,78.217801
2000-11-10,98.00,98.375,93.00,93.00,6807900,74.655605
2000-11-09,96.75,100.00,95.6875,99.4375,9047900,79.823298
2000-11-08,103.625,103.75,99.25,100.00,6990800,80.274844
2000-11-07,101.125,103.50,100.6875,102.3125,5420600,82.026846
2000-11-06,99.875,102.375,99.4375,100.3125,4448500,80.423389
2000-11-03,102.50,102.625,99.375,100.125,5848500,80.273065
2000-11-02,99.00,102.3125,98.50,101.9375,7445100,81.726198
2000-11-01,98.4375,99.875,97.25,98.5625,7466200,79.020364
2000-10-31,93.75,99.125,93.75,98.50,10902600,78.970256
2000-10-30,93.50,93.75,90.3125,93.3125,8084000,74.811289
2000-10-27,93.00,93.6875,91.00,93.6875,6431400,75.111938
2000-10-26,88.00,92.875,87.625,92.75,10135700,74.360317
2000-10-25,90.50,90.9375,86.9375,87.5625,14058500,70.201351
2000-10-24,93.00,94.375,90.1875,91.4375,8826200,73.308049
2000-10-23,94.75,95.00,91.0625,92.875,9338600,74.460533
2000-10-20,95.125,96.25,94.1875,94.75,9369200,75.963774
2000-10-19,98.00,98.50,92.6875,96.4375,17966900,77.316691
2000-10-18,96.75,99.125,90.25,95.4375,29777800,76.514962
2000-10-17,111.9375,113.875,108.5625,113.00,8882500,90.595319
2000-10-16,111.50,113.125,108.5625,111.125,7710400,89.092078
2000-10-13,104.1875,110.4375,104.1875,109.0625,9092600,87.438513
2000-10-12,114.25,114.375,103.125,103.125,9704900,82.67825
2000-10-11,111.875,112.9375,107.50,112.00,8775800,89.793591
2000-10-10,116.625,117.125,112.4375,114.875,5614200,92.09856
2000-10-09,115.9375,119.375,114.3125,117.9375,4898000,94.553853
2000-10-06,114.00,116.125,112.75,116.00,6108400,93.000504
2000-10-05,113.8125,114.5625,111.5625,113.1875,5547000,90.745643
2000-10-04,110.375,114.875,108.5625,114.375,11668900,91.697696
2000-10-03,118.875,119.375,110.00,110.5625,11744200,88.641106
2000-10-02,112.625,119.625,112.625,117.8125,8872200,94.453637
2000-09-29,115.50,116.9375,110.25,112.625,9594600,90.294671
2000-09-28,117.375,118.875,115.00,115.25,5309100,92.399208
2000-09-27,120.0625,120.3125,115.50,118.00,5948900,94.603961
2000-09-26,120.00,121.875,118.375,119.125,6217200,95.505906
2000-09-25,124.50,126.625,121.00,123.00,4291000,98.612604
2000-09-22,123.00,124.3125,121.3125,123.875,5930100,99.314116
2000-09-21,124.1875,126.6875,120.00,121.50,4302200,97.410011
2000-09-20,124.6875,126.5625,123.50,124.75,4623400,100.015629
2000-09-19,122.75,126.25,122.5625,124.9375,3341000,100.165953
2000-09-18,125.25,126.00,123.0625,123.25,3932800,98.813036
2000-09-15,126.8125,127.25,124.75,125.00,5481700,100.216061
2000-09-14,128.00,129.1875,126.3125,126.875,4425500,101.719302
2000-09-13,123.125,128.8125,122.75,127.6875,5473600,102.370706
2000-09-12,124.8125,126.875,124.0625,125.00,5001700,100.216061
2000-09-11,127.875,128.25,123.625,124.50,7617700,99.815197
2000-09-08,132.50,132.9375,129.375,129.50,4993700,103.823839
2000-09-07,131.875,134.50,131.875,133.375,4622800,106.930537
2000-09-06,130.875,134.875,130.375,131.4375,6473000,105.377188
2000-09-05,132.8125,133.3125,130.8125,131.1875,4112100,105.176756
2000-09-01,133.0625,134.9375,132.625,133.625,5776300,107.130969
2000-08-31,131.875,134.1875,131.625,132.015625,5469500,105.840687
2000-08-30,130.75,131.50,129.5625,130.3125,4928800,104.475243
2000-08-29,131.50,134.25,131.00,132.875,6040000,106.529673
2000-08-28,129.875,133.1875,129.75,131.50,8536600,105.427296
2000-08-25,124.3125,129.875,124.25,129.00,8279000,103.422975
2000-08-24,123.00,125.4375,122.6875,124.8125,5988300,100.065737
2000-08-23,120.3125,123.75,119.875,123.25,4251200,98.813036
2000-08-22,121.1875,122.1875,121.00,121.375,2769400,97.309795
2000-08-21,121.0625,122.1875,120.0625,121.4375,3234200,97.359903
2000-08-18,122.375,123.375,120.125,120.4375,4127500,96.558175
2000-08-17,119.75,122.8125,119.50,122.50,4338400,98.21174
2000-08-16,121.0625,122.9375,119.50,122.375,5946000,98.111524
2000-08-15,122.0625,122.625,120.75,122.00,4378100,97.810875
2000-08-14,120.00,123.6875,119.3125,123.25,4949400,98.813036
2000-08-11,119.75,121.8125,119.1875,120.625,6142400,96.708499
2000-08-10,118.75,120.25,117.875,119.75,5484100,96.006986
2000-08-09,119.00,120.8125,118.75,118.75,6585400,95.205258
2000-08-08,115.6875,119.625,115.5625,118.875,5736700,95.305474
2000-08-07,116.625,119.00,115.8125,116.3125,5910700,93.146817
2000-08-04,116.00,116.50,114.3125,115.875,4460500,92.796453
2000-08-03,113.00,116.50,112.3125,116.00,5567400,92.896557
2000-08-02,111.00,114.875,110.75,114.25,5877900,91.495101
2000-08-01,112.00,112.4375,110.25,110.50,2996500,88.491979
2000-07-31,110.50,113.6875,110.0625,112.25,5113500,89.893436
2000-07-28,111.125,112.50,108.875,111.8125,5355600,89.543072
2000-07-27,109.875,111.50,109.3125,110.3125,4047400,88.341823
2000-07-26,111.00,112.375,108.875,109.875,6670400,87.991459
2000-07-25,113.25,113.375,110.25,112.00,5566900,89.693228
2000-07-24,114.125,115.625,111.625,112.50,6814400,90.093644
2000-07-21,117.00,117.00,113.75,114.75,8966400,91.895517
2000-07-20,112.00,117.8125,111.75,117.25,23048400,93.897598
2000-07-19,102.375,109.50,101.00,108.75,7781400,87.090522
2000-07-18,104.125,104.8125,102.625,103.3125,6452700,82.735996
2000-07-17,104.4375,107.875,104.1875,105.50,6632700,84.487817
2000-07-14,103.75,104.875,103.125,103.9375,4020000,83.236517
2000-07-13,105.4375,105.9375,102.00,104.00,5669700,83.286569
2000-07-12,103.1875,105.875,102.625,104.625,5550500,83.787089
2000-07-11,103.25,104.00,101.00,102.00,5619800,81.684904
2000-07-10,104.6875,104.9375,102.875,103.3125,4212200,82.735996
2000-07-07,102.6875,105.0625,101.625,105.0625,9031700,84.137453
2000-07-06,105.00,105.125,100.00,101.25,12932700,81.08428
2000-07-05,105.625,105.625,101.125,105.00,14339600,84.087401
2000-07-03,108.75,109.875,108.3125,109.50,2304400,87.691147
2000-06-30,112.6875,113.1875,108.625,109.5625,8612600,87.741199
2000-06-29,111.75,114.375,110.0625,114.00,7688500,91.294893
2000-06-28,110.00,115.1875,109.875,113.78125,6436600,91.11971
2000-06-27,111.625,112.8125,108.75,109.75,6607900,87.891355
2000-06-26,113.00,115.75,112.875,114.40625,3625900,91.620231
2000-06-23,113.50,113.625,110.8125,111.875,3360900,89.593124
2000-06-22,114.125,114.3125,111.25,111.8125,4853100,89.543072
2000-06-21,115.5625,115.9375,113.50,114.50,6487000,91.695309
2000-06-20,120.00,120.6875,115.375,116.375,7103800,93.196869
2000-06-19,113.50,120.375,113.25,120.375,6059200,96.400199
2000-06-16,116.3125,117.6875,113.25,113.25,8046200,90.694268
2000-06-15,116.00,119.00,115.875,116.8125,5386300,93.547234
2000-06-14,118.875,120.00,115.50,116.00,5282600,92.896557
2000-06-13,118.875,119.9375,116.75,119.3125,4008600,95.549315
2000-06-12,119.125,120.4375,118.84375,118.84375,3640300,95.173924
2000-06-09,119.875,120.75,118.875,119.6875,4739100,95.849627
2000-06-08,119.375,122.3125,117.50,119.75,9325600,95.899679
2000-06-07,112.50,121.75,111.50,121.00,11115500,96.900719
2000-06-06,112.25,114.625,111.25,112.375,5369400,89.99354
2000-06-05,108.4375,114.1875,108.4375,112.8125,7281400,90.343904
2000-06-02,109.00,109.75,107.625,108.8125,5473300,87.140575
2000-06-01,107.5625,108.9375,105.50,106.00,5712500,84.888233
2000-05-31,110.50,110.75,107.1875,107.3125,3732500,85.939326
2000-05-30,107.75,111.00,107.6875,110.9375,3617500,88.842343
2000-05-26,105.50,107.1875,104.5625,106.9375,4296900,85.639014
2000-05-25,110.50,112.25,106.375,106.50,5967600,85.28865
2000-05-24,106.50,110.00,104.1875,109.625,8184200,87.791251
2000-05-23,109.00,110.00,107.125,107.375,5978900,85.989378
2000-05-22,106.00,109.25,103.4375,109.25,6769400,87.490939
2000-05-19,106.0625,107.50,105.00,106.4375,6419200,85.238598
2000-05-18,106.125,107.3125,104.6875,106.0625,4577200,84.938285
2000-05-17,107.50,108.875,106.125,107.875,5524500,86.389794
2000-05-16,105.125,109.25,105.00,109.00,7265800,87.290731
2000-05-15,104.00,104.875,102.00,104.1875,5907800,83.436725
2000-05-12,103.75,105.75,103.25,104.4375,5599700,83.636933
2000-05-11,104.00,107.50,103.1875,104.4375,8106200,83.636933
2000-05-10,105.50,105.6875,102.0625,103.00,10012700,82.485736
2000-05-09,110.50,110.625,108.25,109.00,4864900,87.290731
2000-05-08,108.0625,110.375,107.625,109.75,4826900,87.891355
2000-05-05,106.625,109.625,106.50,107.875,4695100,86.285688
2000-05-04,109.125,109.1875,107.1875,107.625,3631300,86.085722
2000-05-03,110.50,111.125,106.5625,108.125,5543800,86.485655
2000-05-02,111.00,113.625,110.6875,111.375,4085000,89.085224
2000-05-01,112.50,113.1875,110.4375,112.00,4196100,89.585141
2000-04-28,112.00,112.6875,110.125,111.50,4888600,89.185208
2000-04-27,109.50,113.125,108.6875,110.625,6317500,88.485324
2000-04-26,112.50,113.9375,109.00,110.50,6182800,88.38534
2000-04-25,106.50,113.00,106.4375,112.50,9576400,89.985075
2000-04-24,102.00,107.1875,101.25,106.50,8523100,85.185871
2000-04-20,105.00,105.25,102.0625,104.00,10633300,83.186203
2000-04-19,109.75,109.75,102.8125,105.00,14674500,83.98607
2000-04-18,112.25,115.125,110.0625,111.50,8205500,89.185208
2000-04-17,103.875,112.25,103.3125,111.875,9969500,89.485158
2000-04-14,109.8125,112.75,102.875,105.00,11782000,83.98607
2000-04-13,112.50,114.3125,110.00,110.625,8236400,88.485324
2000-04-12,119.625,119.625,111.6875,113.75,8885200,90.984909
2000-04-11,121.625,121.625,117.8125,119.375,7738700,95.484163
2000-04-10,124.75,125.375,121.5625,122.125,5507300,97.683798
2000-04-07,123.50,125.6875,121.50,123.125,5380300,98.483665
2000-04-06,123.50,128.00,122.625,122.75,8887400,98.183715
2000-04-05,120.50,125.75,119.75,125.00,8693500,99.983416
2000-04-04,121.50,126.9375,115.0625,121.1875,16667200,96.933922
2000-04-03,120.00,122.375,119.4375,122.00,7715600,97.583815
2000-03-31,122.625,123.75,117.0625,118.375,8015200,94.684295
2000-03-30,118.875,123.00,118.6875,122.75,9158000,98.183715
2000-03-29,122.3125,122.4375,118.50,119.00,7312300,95.184213
2000-03-28,125.75,127.00,122.0625,122.50,8149600,97.983748
2000-03-27,125.00,128.25,124.625,126.875,11862900,101.483168
2000-03-24,115.375,122.25,115.0625,120.625,12125600,96.483997
2000-03-23,115.875,115.875,111.625,115.25,6492400,92.18471
2000-03-22,114.50,115.375,113.875,114.25,6137800,91.384843
2000-03-21,112.8125,114.6875,111.9375,113.50,6771600,90.784942
2000-03-20,110.00,113.375,109.9375,112.75,6563500,90.185042
2000-03-17,108.25,111.6875,107.6875,110.00,8857300,87.985407
2000-03-16,109.00,109.8125,107.875,109.00,6622500,87.185539
2000-03-15,107.50,108.25,106.125,107.00,5665900,85.585805
2000-03-14,107.75,110.00,107.375,108.625,7973700,86.885589
2000-03-13,104.00,109.00,102.50,107.6875,7871000,86.135713
2000-03-10,107.625,109.00,105.00,105.25,7093200,84.186037
2000-03-09,106.50,108.00,104.125,108.00,6334100,86.385672
2000-03-08,103.00,106.875,102.75,106.25,8376400,84.985904
2000-03-07,106.00,107.00,101.6875,103.00,10035100,82.386335
2000-03-06,109.9375,111.00,101.00,103.0625,10747400,82.436327
2000-03-03,107.25,110.00,106.0625,108.00,10162800,86.385672
2000-03-02,100.50,105.4375,99.50,103.125,11192900,82.486319
2000-03-01,102.00,105.50,100.0625,100.25,10807800,80.1867
2000-02-29,105.5625,105.5625,100.9375,102.75,10484900,82.186368
2000-02-28,104.625,106.50,103.9375,104.50,8479900,83.586136
2000-02-25,109.875,109.875,104.9375,108.00,10312200,86.385672
2000-02-24,108.8125,111.00,108.1875,110.50,9112000,88.38534
2000-02-23,110.50,110.50,108.50,108.75,7435300,86.985572
2000-02-22,112.00,113.4375,108.75,111.00,7654800,88.785274
2000-02-18,115.25,115.9375,111.50,112.50,7673400,89.985075
2000-02-17,116.50,118.875,115.75,116.75,5237500,93.384511
2000-02-16,116.50,117.3125,115.25,115.75,3966900,92.584644
2000-02-15,115.875,117.4375,113.875,117.125,5177500,93.684461
2000-02-14,116.00,116.375,114.50,116.0625,4544000,92.834602
2000-02-11,119.0625,119.4375,114.5625,115.375,5749400,92.284693
2000-02-10,117.6875,119.125,116.875,119.125,4446600,95.284196
2000-02-09,119.00,119.75,117.00,117.375,5374700,93.884428
2000-02-08,116.9375,119.00,116.1875,118.8125,5464300,95.034237
2000-02-07,116.00,116.875,113.125,114.125,5779500,91.188871
2000-02-04,118.1875,118.4375,114.8125,115.625,5405300,92.38741
2000-02-03,115.00,117.50,114.0625,117.125,6213800,93.58595
2000-02-02,112.00,115.8125,110.375,113.50,7707700,90.689479
2000-02-01,112.375,113.4375,109.125,110.00,7304700,87.892888
2000-01-31,111.375,112.8125,109.625,112.25,6202700,89.690697
2000-01-28,112.75,114.1875,110.0625,111.5625,6669400,89.141366
2000-01-27,118.00,118.4375,111.625,113.50,8324600,90.689479
2000-01-26,119.0625,119.9375,116.00,116.75,4895100,93.286315
2000-01-25,116.75,119.50,116.00,119.125,6936900,95.184002
2000-01-24,121.875,122.875,116.5625,121.50,6499200,97.081689
2000-01-21,121.875,123.00,119.9375,121.50,7868700,97.081689
2000-01-20,123.00,124.75,119.00,119.00,17783400,95.084124
2000-01-19,115.5625,122.00,112.6875,119.50,8634500,95.483637
2000-01-18,119.6875,119.75,115.00,115.75,7643900,92.487289
2000-01-14,120.9375,123.3125,117.50,119.625,10956600,95.583515
2000-01-13,119.9375,121.00,115.75,118.25,8489700,94.484854
2000-01-12,119.625,122.00,118.25,119.50,6803800,95.483637
2000-01-11,117.875,121.125,116.625,119.00,7873300,95.084124
2000-01-10,117.25,119.375,115.375,118.00,8540500,94.285098
2000-01-07,117.25,117.9375,110.625,113.50,11856700,90.689479
2000-01-06,118.00,118.9375,113.50,114.00,7971900,91.088993
2000-01-05,112.9375,119.75,112.125,116.00,12733200,92.687045
2000-01-04,114.00,114.50,110.875,112.0625,8227800,89.540879
2000-01-03,112.4375,116.00,111.875,116.00,10347700,92.687045
1999-12-31,109.1875,109.50,106.625,107.875,2870300,86.194957
1999-12-30,109.6875,110.50,108.5625,108.75,3435100,86.894105
1999-12-29,110.4375,110.50,108.75,109.00,2683300,87.093861
1999-12-28,109.5625,110.75,109.0625,109.8125,4083100,87.74307
1999-12-27,109.6875,110.00,108.125,109.75,3740700,87.693131
1999-12-23,109.125,110.4375,108.1875,108.625,4528700,86.794226
1999-12-22,109.875,110.3125,108.00,108.00,4005600,86.294835
1999-12-21,108.50,110.125,108.0625,110.125,4773500,87.992766
1999-12-20,109.0625,110.4375,107.75,109.203117,4836300,87.256157
1999-12-17,110.6875,111.0625,108.625,110.00,7676800,87.892888
1999-12-16,108.00,109.6875,105.75,109.1875,7122300,87.243679
1999-12-15,107.75,107.9375,104.50,107.00,9437900,85.495809
1999-12-14,110.1875,110.1875,106.875,109.25,7437900,87.293618
1999-12-13,108.125,112.75,106.5625,109.703117,7135200,87.655671
1999-12-10,111.625,111.9375,107.5625,109.00,12588800,87.093861
1999-12-09,120.50,122.125,112.25,113.375,16643000,90.589601
1999-12-08,116.25,121.00,115.50,118.28125,8139800,94.509824
1999-12-07,117.00,119.1875,115.4375,116.625,11326100,93.186437
1999-12-06,113.00,116.50,112.50,116.00,9928300,92.687045
1999-12-03,109.8125,112.875,107.9375,111.875,14680300,89.391062
1999-12-02,103.4375,106.3125,103.375,105.265617,6216900,84.109992
1999-12-01,102.5625,104.4375,102.25,103.421883,5336400,82.636799
1999-11-30,103.6875,104.50,102.125,103.0625,5758700,82.349643
1999-11-29,104.9375,104.9375,103.375,104.1875,5677700,83.248548
1999-11-26,105.9375,106.00,104.125,105.00,3108400,83.897756
1999-11-24,105.00,105.00,101.8125,104.50,9710400,83.498243
1999-11-23,108.8125,109.875,106.00,106.0625,10665200,84.746722
1999-11-22,105.50,108.4375,104.4375,107.875,13681600,86.194957
1999-11-19,99.00,105.125,98.375,103.9375,19678400,83.048791
1999-11-18,94.00,98.25,93.5625,98.00,18720500,78.304573
1999-11-17,94.875,94.875,92.625,93.75,8355100,74.908711
1999-11-16,94.625,95.00,93.00,94.625,8537400,75.607859
1999-11-15,96.00,96.375,93.875,94.0625,6259400,75.158407
1999-11-12,96.00,96.25,93.00,95.875,9668400,76.606642
1999-11-11,97.50,97.50,94.875,95.00,7147500,75.907494
1999-11-10,94.625,97.0625,94.125,97.00,8680300,77.505546
1999-11-09,95.0625,95.50,92.125,93.625,9551200,74.808833
1999-11-08,90.50,93.9375,90.50,93.9375,8522300,75.058528
1999-11-05,92.75,92.9375,90.1875,90.25,13737600,72.016238
1999-11-04,94.4375,94.4375,90.00,91.5625,16697600,73.063566
1999-11-03,95.875,95.9375,93.50,94.375,10369100,75.307839
1999-11-02,96.75,96.8125,93.6875,94.8125,11105400,75.656948
1999-11-01,98.50,98.8125,96.375,96.75,9551800,77.203003
1999-10-29,97.00,99.00,96.25,98.25,11078500,78.399949
1999-10-28,94.50,95.3125,94.25,94.9375,9446700,75.756694
1999-10-27,95.50,95.5625,92.8125,93.00,9871400,74.210639
1999-10-26,94.875,96.00,94.625,95.50,11367400,76.205548
1999-10-25,94.25,95.125,92.125,93.875,13765400,74.908857
1999-10-22,93.75,94.625,92.50,93.9375,26668700,74.95873
1999-10-21,93.00,93.00,89.00,91.00,69444700,72.614711
1999-10-20,108.625,113.0625,107.00,107.00,11376700,85.382133
1999-10-19,107.00,108.50,105.4375,107.125,9184700,85.481878
1999-10-18,108.00,109.00,104.6875,107.00,9678300,85.382133
1999-10-15,106.4375,108.875,103.875,107.875,13920700,86.080351
1999-10-14,106.50,107.25,104.6875,107.00,14178500,85.382133
1999-10-13,110.8125,110.875,105.00,105.0625,15015000,83.836078
1999-10-12,114.00,114.875,110.00,110.00,8274900,87.776024
1999-10-11,113.50,116.6875,113.125,114.25,7827100,91.167371
1999-10-08,115.00,115.0625,111.0625,113.50,17867900,90.568898
1999-10-07,119.125,119.1875,115.0625,116.375,14240000,92.863044
1999-10-06,122.25,122.75,119.0625,119.1875,8054900,95.107317
1999-10-05,122.00,123.25,119.0625,122.00,6435700,97.351591
1999-10-04,118.00,120.00,116.75,119.875,7042000,95.655917
1999-10-01,121.00,121.0625,115.50,117.75,10558900,93.960244
1999-09-30,121.00,122.25,119.625,121.00,6642500,96.553627
1999-09-29,122.0625,122.8125,120.00,120.0625,8775600,95.805536
1999-09-28,123.00,124.75,121.6875,123.50,7103400,98.548536
1999-09-27,126.625,126.8125,121.375,123.00,7075100,98.149554
1999-09-24,120.50,125.00,120.4375,125.00,7450800,99.745482
1999-09-23,127.50,127.8125,121.4375,122.00,7590000,97.351591
1999-09-22,127.1875,127.25,124.375,125.1875,8091900,99.8951
1999-09-21,128.75,129.625,126.25,127.125,6983600,101.441155
1999-09-20,126.50,130.875,126.00,130.125,7543000,103.835047
1999-09-17,131.375,131.4375,123.75,125.375,14857800,100.044719
1999-09-16,132.00,132.375,129.5625,130.00,6092600,103.735301
1999-09-15,134.00,135.00,131.9375,131.9375,5655400,105.281356
1999-09-14,132.00,133.5625,131.9375,133.3125,4590700,106.378557
1999-09-13,134.625,135.5625,132.00,132.375,4442300,105.630466
1999-09-10,137.50,137.6875,134.375,135.00,5089300,107.725121
1999-09-09,132.50,136.50,131.625,134.75,8423100,107.52563
1999-09-08,131.50,133.9375,130.6875,130.75,7206100,104.333774
1999-09-07,128.875,132.6875,128.375,132.00,7552900,105.331229
1999-09-03,128.375,129.75,128.00,128.859375,5282900,102.825124
1999-09-02,126.50,126.75,124.25,125.875,5583100,100.443701
1999-09-01,125.625,128.50,125.50,127.25,6264400,101.540901
1999-08-31,124.375,126.00,122.875,124.5625,6214400,99.396373
1999-08-30,124.25,125.625,122.6875,123.1875,4773000,98.299173
1999-08-27,125.00,125.1875,122.75,124.00,4354600,98.947518
1999-08-26,122.625,125.875,122.0625,122.9375,6245300,98.099682
1999-08-25,122.00,124.0625,120.875,122.375,6463000,97.650827
1999-08-24,123.375,123.625,121.00,122.00,8442100,97.351591
1999-08-23,122.75,124.875,122.3125,124.4375,6043500,99.296628
1999-08-20,124.375,124.375,121.0625,121.75,5962000,97.1521
1999-08-19,123.875,124.875,121.25,122.9375,7583300,98.099682
1999-08-18,128.375,129.625,123.50,123.875,6607000,98.847773
1999-08-17,128.50,128.5625,126.5625,128.50,5136400,102.538356
1999-08-16,125.00,127.875,124.50,127.375,4889000,101.640646
1999-08-13,122.75,124.50,122.00,123.375,4400400,98.448791
1999-08-12,123.75,123.8125,121.00,121.125,5027800,96.653372
1999-08-11,120.125,123.75,119.8125,123.3125,5543000,98.398918
1999-08-10,121.50,122.50,118.9375,119.3125,5846200,95.207063
1999-08-09,123.625,124.4375,121.125,122.1875,4048100,97.501209
1999-08-06,122.00,127.00,121.00,123.50,6142600,98.548536
1999-08-05,120.00,124.00,117.5625,123.1875,7364500,98.203419
1999-08-04,120.00,121.875,118.0625,118.50,5754800,94.466607
1999-08-03,122.75,123.125,118.1875,119.375,6855900,95.164145
1999-08-02,124.00,126.00,121.8125,122.25,4565100,97.456056
1999-07-30,125.9375,126.6875,124.375,125.6875,4324900,100.196385
1999-07-29,126.25,126.625,124.625,125.375,5707500,99.947264
1999-07-28,126.375,128.6875,125.8125,128.375,5287600,102.338824
1999-07-27,125.00,126.50,123.5625,126.25,6513500,100.644802
1999-07-26,123.625,125.125,122.75,123.00,5519900,98.053946
1999-07-23,124.00,125.4375,122.625,124.8125,6964200,99.498847
1999-07-22,127.625,128.50,123.50,123.875,8869100,98.751484
1999-07-21,127.50,129.75,126.875,129.00,8792300,102.837065
1999-07-20,132.00,132.125,126.0625,128.25,14307400,102.239175
1999-07-19,136.50,138.875,133.6875,134.625,7626500,107.32124
1999-07-16,136.375,137.50,135.375,136.25,5123100,108.616668
1999-07-15,138.00,138.125,134.50,136.3125,5583600,108.666492
1999-07-14,138.3125,138.50,136.1875,137.25,4724000,109.413854
1999-07-13,135.75,139.1875,135.75,137.875,5645700,109.912096
1999-07-12,137.4375,138.6875,135.375,137.8125,5046900,109.862272
1999-07-09,134.00,137.4375,133.875,137.375,4795900,109.513503
1999-07-08,132.50,135.50,132.125,134.00,6092900,106.822998
1999-07-07,131.00,133.50,130.625,132.8125,6648900,105.876339
1999-07-06,132.50,133.875,130.8125,131.00,5709300,104.431439
1999-07-02,130.875,132.25,129.50,132.25,3543600,105.427922
1999-07-01,130.00,131.3125,128.00,131.00,5911600,104.431439
1999-06-30,124.8125,132.00,124.375,129.25,8257300,103.036362
1999-06-29,123.00,125.3125,122.75,124.625,5223800,99.349374
1999-06-28,124.00,124.6875,122.1875,122.5625,6233300,97.705177
1999-06-25,123.3125,125.75,123.125,123.125,4563600,98.153594
1999-06-24,123.125,124.4375,121.5625,122.5625,5231200,97.705177
1999-06-23,122.25,124.1875,121.75,122.9375,4418800,98.004122
1999-06-22,123.875,127.75,123.00,123.375,6791300,98.352891
1999-06-21,122.875,125.75,122.625,124.75,6466300,99.449023
1999-06-18,120.1875,121.4375,119.75,120.75,9159600,96.260276
1999-06-17,119.25,122.00,119.00,120.1875,4675900,95.811859
1999-06-16,119.875,121.50,118.875,120.6875,6963100,96.210452
1999-06-15,117.50,118.3125,114.75,115.875,4884900,92.373992
1999-06-14,115.875,116.00,114.00,115.50,4896700,92.075047
1999-06-11,115.0625,116.50,112.5625,114.3125,4295200,91.128388
1999-06-10,115.875,116.75,113.3125,115.25,4851500,91.87575
1999-06-09,116.625,120.875,116.5625,117.00,5569600,93.270827
1999-06-08,119.875,119.875,116.0625,116.625,7395400,92.971882
1999-06-07,118.125,121.6875,117.50,120.50,6663900,96.06098
1999-06-04,113.625,116.00,112.4375,116.00,5258800,92.47364
1999-06-03,114.5625,115.3125,111.5625,112.9375,5112600,90.032256
1999-06-02,111.75,114.625,109.4375,113.75,7005000,90.67997
1999-06-01,113.625,113.875,111.1875,112.00,7158500,89.284894
1999-05-28,116.00,116.75,114.1875,116.00,6379500,92.47364
1999-05-27,116.6875,116.875,112.625,116.00,10552500,92.47364
1999-05-26,223.00,236.625,221.4375,236.25,16628000,94.167662
1999-05-25,222.50,226.00,221.00,221.1875,9405000,88.16385
1999-05-24,230.3125,230.6875,221.75,223.75,8598200,89.185246
1999-05-21,232.75,233.375,229.1875,230.375,6899800,91.825926
1999-05-20,235.625,236.375,232.50,232.875,6441800,92.822409
1999-05-19,238.25,238.75,233.0625,235.875,7791600,94.018189
1999-05-18,238.25,240.625,237.00,238.50,8633800,95.064497
1999-05-17,236.00,239.625,232.00,237.50,11560400,94.665903
1999-05-14,241.50,243.50,236.00,239.25,18073800,95.363441
1999-05-13,234.00,246.00,234.00,246.00,24331400,98.053946
1999-05-12,221.125,228.4375,215.50,225.50,12066800,89.882784
1999-05-11,220.50,221.875,217.50,221.00,8372800,88.089114
1999-05-10,217.25,221.875,217.0625,218.625,9548400,87.142455
1999-05-07,211.25,217.50,211.0625,217.25,9986800,86.594389
1999-05-06,211.875,214.00,208.00,209.25,8339600,83.405643
1999-05-05,212.125,212.50,207.3125,212.125,8472400,84.455931
1999-05-04,212.25,215.875,211.375,212.00,11132400,84.406163
1999-05-03,208.00,212.25,206.3125,212.25,9032200,84.505699
1999-04-30,208.50,211.00,203.4375,209.1875,9031000,83.286388
1999-04-29,205.00,209.00,203.4375,204.8125,11279200,81.544515
1999-04-28,209.25,210.50,203.50,205.00,11341800,81.619167
1999-04-27,212.00,215.25,208.50,212.00,20929200,84.406163
1999-04-26,204.75,210.75,202.3125,209.875,18666000,83.560111
1999-04-23,193.375,206.5625,192.9375,199.75,20751000,79.52892
1999-04-22,197.25,198.75,192.6875,194.50,39169800,77.438673
1999-04-21,169.75,171.875,165.125,171.875,13161600,68.430704
1999-04-20,167.00,169.75,163.00,169.75,14716000,67.584652
1999-04-19,170.875,172.3125,164.0625,166.75,15383600,66.390225
1999-04-16,177.50,177.50,170.125,170.375,11928800,67.833491
1999-04-15,179.50,179.50,173.50,177.75,8330400,70.76979
1999-04-14,182.75,183.875,177.625,179.375,7261000,71.416771
1999-04-13,184.00,184.00,179.9375,180.00,6846400,71.66561
1999-04-12,183.50,183.625,181.0625,183.4375,8979800,73.034224
1999-04-09,185.625,188.0625,184.00,186.3125,6111800,74.178883
1999-04-08,186.00,188.0625,182.3125,187.00,8531000,74.452606
1999-04-07,184.00,187.625,179.0625,186.50,11662000,74.253535
1999-04-06,183.125,186.75,182.1875,183.00,8742800,72.860037
1999-04-05,179.00,183.9375,178.5625,183.9375,9238400,73.233295
1999-04-01,177.3125,177.6875,174.6875,177.00,5310800,70.471183
1999-03-31,180.00,181.50,176.50,177.25,5835200,70.570719
1999-03-30,177.00,181.25,176.875,178.5625,7466800,71.093281
1999-03-29,175.00,178.75,174.375,177.875,8098200,70.819558
1999-03-26,171.0625,175.875,170.5625,172.375,8266400,68.629775
1999-03-25,172.00,173.25,169.50,171.3125,9828800,68.206749
1999-03-24,168.00,170.50,166.50,169.50,11821000,67.485116
1999-03-23,167.00,167.625,164.00,165.375,10015000,65.842779
1999-03-22,168.6875,170.50,166.625,167.00,11896600,66.48976
1999-03-19,176.625,178.00,168.00,168.5625,19496800,67.111858
1999-03-18,177.50,177.75,172.9375,177.625,14505000,70.720022
1999-03-17,179.50,180.00,178.00,178.0625,6915400,70.894209
1999-03-16,182.00,183.50,180.1875,181.00,6606000,72.063752
1999-03-15,179.1875,182.3125,177.125,182.00,7902800,72.461895
1999-03-12,182.6875,183.4375,178.00,178.00,9683200,70.869326
1999-03-11,182.375,185.9375,181.50,182.875,8591200,72.810269
1999-03-10,181.625,182.875,180.25,181.50,7009800,72.262823
1999-03-09,179.875,184.875,178.5625,182.1875,10019000,72.536546
1999-03-08,178.625,180.00,177.0625,178.875,7559800,71.2177
1999-03-05,173.875,178.9375,173.75,178.375,11606200,71.018629
1999-03-04,173.50,177.00,170.125,171.00,21501000,68.08233
1999-03-03,168.50,168.9375,165.0625,166.75,7743000,66.390225
1999-03-02,170.50,170.9375,166.875,167.75,8743600,66.788367
1999-03-01,169.50,169.50,165.125,168.375,9590800,67.037206
1999-02-26,171.00,171.875,166.50,169.75,14798000,67.584652
1999-02-25,172.00,173.9375,169.3125,173.625,10469600,69.127453
1999-02-24,177.25,179.6875,173.125,173.75,8637400,69.177221
1999-02-23,178.00,180.00,175.75,176.9375,9109200,70.446299
1999-02-22,172.25,177.9375,171.0625,177.9375,9200200,70.844442
1999-02-19,174.375,174.75,171.00,171.625,7393200,68.331168
1999-02-18,172.00,174.50,170.1875,174.25,8687800,69.376292
1999-02-17,170.50,174.3125,168.8125,170.50,8977000,67.883258
1999-02-16,175.00,178.25,171.9375,172.50,9019800,68.679543
1999-02-12,176.25,176.25,171.1875,172.75,11666200,68.779079
1999-02-11,170.25,178.8125,168.125,178.50,12564800,71.068397
1999-02-10,162.50,168.875,162.50,168.875,10853400,67.236277
1999-02-09,167.00,169.50,161.75,162.75,10811200,64.797656
1999-02-08,167.00,168.875,163.125,167.00,11986600,66.48976
1999-02-05,170.4375,171.00,164.5625,166.00,16957600,66.004028
1999-02-04,175.1875,176.50,169.25,169.5625,11615200,67.42053
1999-02-03,175.875,177.00,173.0625,175.25,11196600,69.681964
1999-02-02,179.5625,180.6875,175.00,176.75,11727200,70.278386
1999-02-01,184.50,184.50,179.50,179.75,7407200,71.471229
1999-01-29,178.6875,183.9375,178.50,183.25,10115800,72.862881
1999-01-28,179.50,181.3125,177.5625,178.6875,11941200,71.048764
1999-01-27,186.8125,186.8125,177.8125,178.3125,17833200,70.899658
1999-01-26,183.75,186.50,181.875,185.625,19097000,73.807215
1999-01-25,182.25,182.625,173.50,182.00,23375400,72.365862
1999-01-22,184.00,185.50,177.625,179.75,38085000,71.471229
1999-01-21,197.625,198.25,192.0625,197.00,20404600,78.330082
1999-01-20,195.00,199.25,192.625,194.50,12634600,77.336045
1999-01-19,187.75,192.50,185.50,192.25,8398600,76.441412
1999-01-15,182.25,185.50,181.25,184.9375,6789600,73.533855
1999-01-14,183.625,184.9375,178.875,180.625,9000000,71.819142
1999-01-13,183.00,187.4375,179.50,185.50,9905400,73.757514
1999-01-12,190.00,190.00,184.00,185.0625,6763600,73.583557
1999-01-11,189.00,189.4375,187.00,189.25,7261600,75.248568
1999-01-08,191.00,192.00,185.625,187.5625,9176800,74.577594
1999-01-07,187.9375,192.375,187.00,190.1875,8306800,75.621332
1999-01-06,190.3125,192.75,188.50,188.75,9539600,75.049761
1999-01-05,183.00,189.875,182.8125,189.625,9907600,75.397674
1999-01-04,185.00,186.50,181.50,183.00,8149600,72.763477
1998-12-31,186.75,187.1875,183.50,184.375,3864800,73.310197
1998-12-30,186.875,188.625,186.3125,186.75,4813200,74.254532
1998-12-29,188.625,188.9375,187.00,187.125,3762200,74.403637
1998-12-28,186.50,189.9375,186.00,189.25,5269200,75.248568
1998-12-24,184.75,187.9375,184.0625,187.9375,3049800,74.726699
1998-12-23,182.6875,185.375,181.125,185.00,7070000,73.558706
1998-12-22,177.50,183.00,175.25,182.25,8704600,72.465266
1998-12-21,171.5625,178.9375,171.5625,176.375,7478600,70.12928
1998-12-18,166.625,172.1875,166.625,171.5625,9816800,68.21576
1998-12-17,165.4375,169.625,165.0625,166.0625,8763200,66.028879
1998-12-16,166.875,166.875,164.3125,164.375,5652800,65.357904
1998-12-15,163.50,165.8125,162.50,165.00,7771600,65.606414
1998-12-14,166.50,167.00,162.75,162.875,7547400,64.761483
1998-12-11,164.00,168.4375,163.25,168.00,6984200,66.799258
1998-12-10,169.3125,170.00,163.75,165.00,7374600,65.606414
1998-12-09,168.0625,169.9375,167.375,169.4375,4680600,67.370829
1998-12-08,168.1875,169.875,165.0625,168.1875,7429200,66.87381
1998-12-07,164.4375,168.1875,164.25,167.1875,5303800,66.476196
1998-12-04,164.625,165.375,162.25,164.25,6800200,65.308203
1998-12-03,168.25,169.375,163.00,163.50,6459400,65.009992
1998-12-02,168.9375,169.25,164.75,167.4375,6153600,66.575599
1998-12-01,163.50,170.00,163.50,169.875,7276600,67.544785
1998-11-30,169.75,170.5625,164.875,165.125,5533400,65.656115
1998-11-27,166.625,170.1875,166.625,170.00,2674000,67.594487
1998-11-25,165.125,166.9375,164.375,166.75,3937400,66.302239
1998-11-24,165.50,167.1875,165.00,165.25,6641800,65.705817
1998-11-23,161.00,167.00,160.5625,166.5625,7754000,66.227686
1998-11-20,158.875,160.125,158.50,160.125,6387800,63.668042
1998-11-19,159.50,159.875,158.125,158.5625,6328800,63.046769
1998-11-18,158.0625,159.625,157.625,159.00,5845600,63.220726
1998-11-17,159.375,161.375,158.00,158.00,8733400,62.823111
1998-11-16,158.625,159.6875,158.0625,159.375,6842000,63.369831
1998-11-13,157.00,157.50,155.75,157.4375,5995200,62.599453
1998-11-12,156.6875,159.875,156.625,157.875,8667800,62.773409
1998-11-11,157.00,158.875,156.50,157.125,10218200,62.475198
1998-11-10,150.875,156.75,150.6875,156.00,8743000,62.027882
1998-11-09,150.75,152.1875,149.9375,151.375,7577400,60.188914
1998-11-06,148.875,150.9375,147.50,149.9375,7138000,59.617343
1998-11-05,147.6875,149.5625,146.8125,149.00,6586000,59.157105
1998-11-04,148.875,149.75,145.75,147.875,8192600,58.710449
1998-11-03,148.50,149.9375,147.1875,147.375,6913000,58.511935
1998-11-02,148.4375,149.6875,147.3125,148.375,6965400,58.908963
1998-10-30,149.50,149.8125,147.50,148.50,7846200,58.958591
1998-10-29,148.00,149.50,147.00,148.75,10156000,59.057848
1998-10-28,144.625,146.875,143.8125,146.1875,7269800,58.040465
1998-10-27,145.00,146.8125,143.0625,144.375,11417200,57.320853
1998-10-26,141.3125,144.4375,140.0625,143.0625,7354600,56.799754
1998-10-23,141.50,143.4375,141.1875,141.5625,6291000,56.204213
1998-10-22,140.00,143.50,139.625,141.8125,9495800,56.30347
1998-10-21,140.125,143.6875,139.00,142.6875,17015800,56.650869
1998-10-20,140.625,142.4375,136.50,137.875,11327000,54.740174
1998-10-19,135.00,139.8125,135.00,139.375,8809400,55.335715
1998-10-16,137.00,137.50,134.8125,135.9375,10338200,53.970933
1998-10-15,130.00,138.75,129.75,136.50,13065400,54.194261
1998-10-14,127.75,132.00,127.1875,130.50,9591800,51.812096
1998-10-13,130.50,130.50,126.5625,128.1875,9393600,50.893969
1998-10-12,130.125,132.875,129.5625,130.875,10805000,51.960981
1998-10-09,124.4375,127.9375,122.50,127.3125,11683200,50.54657
1998-10-08,120.75,123.50,116.8125,123.50,18312600,49.032903
1998-10-07,119.50,122.875,118.125,120.75,13164800,47.941077
1998-10-06,124.00,124.00,118.75,119.25,14367400,47.345536
1998-10-05,123.75,123.75,117.3125,120.25,13442000,47.742563
1998-10-02,124.125,125.25,118.9375,124.8125,14605200,49.554001
1998-10-01,125.0625,126.4375,123.375,125.375,12537400,49.777329
1998-09-30,130.75,131.50,127.625,128.50,8299400,51.01804
1998-09-29,133.75,134.125,130.00,131.4375,7089800,52.184309
1998-09-28,134.50,136.1875,132.1875,133.625,7640800,53.052807
1998-09-25,130.00,133.6875,129.8125,133.50,7306200,53.003178
1998-09-24,131.5625,134.9375,130.25,130.5625,8400400,51.83691
1998-09-23,128.75,133.00,128.50,132.0625,8660800,52.432451
1998-09-22,129.375,130.625,127.6875,127.75,8591200,50.72027
1998-09-21,120.125,128.625,120.00,128.1875,8713200,50.893969
1998-09-18,126.75,127.25,124.25,124.6875,9212400,49.504373
1998-09-17,127.50,128.25,126.1875,126.75,8840400,50.323242
1998-09-16,130.00,130.9375,128.1875,130.50,6638800,51.812096
1998-09-15,129.00,130.6875,128.50,130.00,6493600,51.613582
1998-09-14,128.00,129.9375,127.625,129.125,9114200,51.266183
1998-09-11,121.375,126.5625,120.625,126.5625,9930200,50.2488
1998-09-10,122.125,122.50,118.1875,122.50,11159600,48.635875
1998-09-09,125.75,127.4375,123.375,123.50,9989400,49.032903
1998-09-08,124.9375,125.9375,122.1875,125.9375,9285000,50.000657
1998-09-04,122.50,122.875,115.3125,119.375,8245800,47.395164
1998-09-03,118.75,122.6875,118.0625,121.75,9646200,48.338104
1998-09-02,121.00,123.75,119.875,120.50,11255600,47.84182
1998-09-01,113.00,118.9375,110.75,117.9375,16799400,46.824437
1998-08-31,123.00,123.375,112.625,112.625,14972600,44.715228
1998-08-28,125.25,125.8125,120.8125,122.5625,11605200,48.660689
1998-08-27,128.75,128.75,124.8125,125.25,14693800,49.727701
1998-08-26,127.25,131.75,127.00,130.875,8823400,51.960981
1998-08-25,129.125,130.875,127.625,128.4375,5264400,50.993226
1998-08-24,128.00,128.6875,127.3125,128.5625,5770800,51.042855
1998-08-21,127.50,128.00,124.50,127.875,8440800,50.769898
1998-08-20,129.50,130.0625,127.50,128.0625,6080600,50.844341
1998-08-19,129.50,131.00,129.0625,129.9375,7142200,51.588768
1998-08-18,127.00,129.50,127.00,128.875,7583800,51.166926
1998-08-17,125.125,126.00,124.25,125.125,6355000,49.678072
1998-08-14,126.625,127.375,124.00,125.375,6295800,49.777329
1998-08-13,127.5625,128.375,126.00,126.1875,6053600,50.099914
1998-08-12,128.75,129.5625,127.5625,128.00,7364600,50.819527
1998-08-11,126.125,128.50,125.3125,128.50,10229400,51.01804
1998-08-10,128.875,130.125,128.75,129.875,6055400,51.563953
1998-08-07,131.75,134.25,129.125,129.125,11530600,51.266183
1998-08-06,127.8125,130.9375,127.375,129.75,8202600,51.514325
1998-08-05,127.00,129.25,124.00,128.75,13107200,51.029951
1998-08-04,134.00,134.25,126.8125,126.8125,13377800,50.262024
1998-08-03,134.00,134.875,132.3125,132.75,8355800,52.615347
1998-07-31,133.25,138.125,132.25,132.50,13188000,52.51626
1998-07-30,128.625,133.75,128.4375,133.375,10953400,52.863065
1998-07-29,127.9375,128.4375,127.0625,127.875,8039600,50.683145
1998-07-28,126.25,126.9375,124.1875,125.4375,8490600,49.717044
1998-07-27,123.75,125.75,122.25,125.50,7345400,49.741816
1998-07-24,125.875,125.9375,122.50,124.25,5749200,49.24638
1998-07-23,127.1875,129.00,123.6875,123.875,8306200,49.097749
1998-07-22,126.00,128.4375,124.50,127.4375,12101800,50.509743
1998-07-21,128.25,131.00,127.75,128.125,24617200,50.782233
1998-07-20,121.00,123.00,120.3125,122.00,8978400,48.354594
1998-07-17,118.5625,120.375,118.50,120.1875,6336800,47.636211
1998-07-16,117.125,118.9375,116.00,118.375,4360200,46.917829
1998-07-15,119.25,120.00,117.00,117.00,5115600,46.372848
1998-07-14,119.75,120.625,119.00,119.625,4537200,47.413265
1998-07-13,118.50,120.00,118.25,119.375,4679600,47.314178
1998-07-10,118.25,119.25,117.375,118.50,6140200,46.967372
1998-07-09,114.75,118.50,114.625,117.0625,6379000,46.39762
1998-07-08,113.75,115.5625,113.625,115.00,4516400,45.58015
1998-07-07,113.625,114.50,112.75,113.875,4549800,45.134257
1998-07-06,115.00,115.0625,113.3125,113.6875,6398400,45.059942
1998-07-02,116.5625,116.625,114.50,115.1875,6439600,45.654466
1998-07-01,116.00,116.9375,115.50,116.75,6332800,46.273761
1998-06-30,114.125,116.3125,113.50,114.8125,8712000,45.505835
1998-06-29,114.125,114.8125,113.5625,114.125,4369200,45.233345
1998-06-26,112.375,113.4375,112.3125,113.00,3272800,44.787452
1998-06-25,112.50,114.6875,112.00,112.4375,6375600,44.564506
1998-06-24,111.875,112.125,110.0625,112.00,6060000,44.391103
1998-06-23,110.00,112.3125,109.9375,111.75,8078400,44.292016
1998-06-22,106.25,109.50,106.1875,108.125,8553800,42.85525
1998-06-19,108.75,109.25,106.00,106.125,9768000,42.062552
1998-06-18,109.00,109.125,107.625,108.8125,8481400,43.12774
1998-06-17,111.00,112.1875,110.0625,111.00,11245200,43.994754
1998-06-16,111.875,111.875,107.125,110.00,17628200,43.598405
1998-06-15,114.625,115.4375,112.125,112.25,8407400,44.49019
1998-06-12,115.875,116.8125,114.00,116.25,8041400,46.075587
1998-06-11,117.50,118.0625,115.75,116.00,5357200,45.976499
1998-06-10,118.75,119.625,116.875,117.25,6562200,46.471936
1998-06-09,119.00,119.5625,117.8125,119.25,3742200,47.264634
1998-06-08,118.75,120.00,118.375,118.8125,3750000,47.091231
1998-06-05,116.75,119.00,116.5625,118.875,8245400,47.116003
1998-06-04,114.25,116.1875,114.25,116.0625,6066600,46.001271
1998-06-03,116.00,116.625,113.875,113.875,5881800,45.134257
1998-06-02,117.1875,117.6875,114.8125,115.5625,7782600,45.803097
1998-06-01,117.375,118.3125,114.625,117.1875,7307400,46.447164
1998-05-29,120.5625,120.9375,117.375,117.50,5710800,46.571023
1998-05-28,120.25,121.625,119.8125,120.0625,5944400,47.586668
1998-05-27,119.3125,121.50,118.5625,120.25,10038400,47.660983
1998-05-26,122.375,123.00,120.8125,121.00,6951400,47.958245
1998-05-22,123.625,123.625,121.125,121.9375,3997000,48.329822
1998-05-21,123.50,124.1875,121.9375,123.625,5835400,48.998661
1998-05-20,125.25,125.8125,122.5625,123.50,6028200,48.949118
1998-05-19,125.625,127.00,124.75,125.00,7796000,49.543642
1998-05-18,124.75,125.75,123.4375,124.625,7051000,49.395011
1998-05-15,125.625,127.75,124.125,124.9375,11197800,49.51887
1998-05-14,123.375,129.3125,122.875,125.8125,21057200,49.865675
1998-05-13,120.25,122.25,120.125,121.875,7926600,48.30505
1998-05-12,118.25,120.00,117.3125,119.625,7547600,47.413265
1998-05-11,120.1875,122.75,118.3125,119.3125,9542800,47.289406
1998-05-08,116.9375,120.00,116.875,120.00,7766800,47.561896
1998-05-07,117.50,117.75,116.125,117.125,5308800,46.422392
1998-05-06,118.00,118.9375,117.25,117.25,6365000,46.471936
1998-05-05,116.6875,118.25,116.6875,117.8125,5393200,46.607684
1998-05-04,117.125,118.875,116.625,116.625,5313000,46.137899
1998-05-01,115.9375,117.375,115.50,116.875,4953000,46.236801
1998-04-30,116.0625,117.4375,115.50,115.875,7115000,45.841192
1998-04-29,115.6875,116.875,114.625,115.5625,6807800,45.717564
1998-04-28,116.125,118.50,115.3125,115.6875,10374200,45.767015
1998-04-27,116.25,116.625,114.375,115.3125,8595000,45.618662
1998-04-24,116.75,117.9375,116.25,117.375,7912400,46.434605
1998-04-23,114.50,117.625,114.125,117.50,9557600,46.484056
1998-04-22,118.00,120.00,114.625,114.75,13093600,45.396132
1998-04-21,114.00,118.50,113.625,118.00,24603200,46.681861
1998-04-20,107.9375,111.25,107.1875,111.1875,9848600,43.986775
1998-04-17,107.4375,107.9375,106.50,107.75,6308000,42.626869
1998-04-16,109.375,110.00,107.625,107.8125,6761200,42.651594
1998-04-15,107.00,109.8125,106.50,109.75,9104200,43.418087
1998-04-14,105.00,106.25,104.625,106.25,4771000,42.033455
1998-04-13,106.5625,107.8125,104.1875,104.1875,8170000,41.217512
1998-04-09,105.625,106.50,105.3125,106.375,6060000,42.082906
1998-04-08,104.75,105.625,103.75,104.50,5387200,41.34114
1998-04-07,105.75,105.8125,103.5625,104.6875,5446400,41.415316
1998-04-06,106.25,106.50,105.00,106.00,7358600,41.934553
1998-04-03,105.625,106.375,103.9375,104.6875,6212400,41.415316
1998-04-02,104.3125,106.6875,104.00,105.8125,7202600,41.860376
1998-04-01,103.875,104.875,103.3125,104.4375,5279600,41.316414
1998-03-31,104.00,104.9375,103.375,103.875,5077000,41.093884
1998-03-30,104.125,104.875,102.50,103.25,3827400,40.846628
1998-03-27,105.25,105.50,103.875,104.375,5661400,41.291688
1998-03-26,105.875,106.625,105.00,105.0625,5713400,41.56367
1998-03-25,105.00,106.6875,104.875,106.00,13490400,41.934553
1998-03-24,102.25,103.6875,102.125,103.50,4807400,40.945531
1998-03-23,101.5625,103.375,101.375,101.375,6193600,40.104862
1998-03-20,103.00,103.25,101.4375,102.0625,8215600,40.376843
1998-03-19,101.6875,103.00,101.4375,102.875,5170000,40.698275
1998-03-18,100.625,102.3125,100.5625,101.5625,7189400,40.179038
1998-03-17,101.3125,101.8125,99.5625,100.875,7170200,39.907057
1998-03-16,99.6875,101.375,99.25,101.25,6842400,40.05541
1998-03-13,100.875,101.125,99.00,99.625,5850600,39.412546
1998-03-12,99.1875,100.625,98.1875,100.25,5903400,39.659801
1998-03-11,97.875,99.875,97.4375,99.125,6806800,39.214741
1998-03-10,97.375,98.1875,96.6875,97.50,8334200,38.571877
1998-03-09,97.125,98.25,95.875,96.125,12928400,38.027914
1998-03-06,99.125,99.8125,98.125,98.125,10410200,38.819132
1998-03-05,100.1875,100.375,98.3125,98.9375,10724000,39.140565
1998-03-04,102.00,103.3125,99.00,99.00,6014000,39.16529
1998-03-03,100.00,102.50,99.8125,102.125,7940400,40.401568
1998-03-02,104.1875,104.5625,100.00,101.9375,6980400,40.327392
1998-02-27,104.8125,105.625,103.875,104.4375,5890400,41.316414
1998-02-26,104.75,105.875,104.3125,105.50,6429600,41.736749
1998-02-25,102.5625,105.25,102.50,105.25,7696200,41.637846
1998-02-24,102.625,102.875,101.75,102.50,5144800,40.549922
1998-02-23,103.4375,103.9375,102.8125,102.875,5252000,40.698275
1998-02-20,103.00,103.4375,101.5625,102.625,7501600,40.599373
1998-02-19,103.00,104.625,102.75,102.75,8553400,40.648824
1998-02-18,102.00,103.625,101.3125,102.75,6504600,40.648824
1998-02-17,103.0625,103.6875,101.50,102.00,7663600,40.352117
1998-02-13,102.6875,103.625,102.375,102.375,4488200,40.50047
1998-02-12,101.875,103.25,101.5625,102.875,7253600,40.698275
1998-02-11,101.625,103.25,101.50,102.6875,8415000,40.624098
1998-02-10,98.0625,102.4375,97.50,100.875,16328600,39.907057
1998-02-09,98.125,99.625,98.00,98.00,6896800,38.769681
1998-02-06,99.125,99.625,97.75,98.00,8165000,38.769681
1998-02-05,99.125,99.5625,98.375,99.5625,7553400,39.3087
1998-02-04,99.125,99.8125,98.0625,98.3125,8568600,38.815182
1998-02-03,100.125,100.25,98.6875,99.375,7171200,39.234672
1998-02-02,100.00,101.25,100.00,100.5625,6875400,39.703514
1998-01-30,98.3125,99.5625,98.00,98.75,5800200,38.987913
1998-01-29,97.00,99.3125,97.00,98.1875,8827200,38.76583
1998-01-28,97.125,98.00,96.50,97.00,10384800,38.296988
1998-01-27,96.75,97.875,95.625,96.50,14039400,38.099581
1998-01-26,99.25,99.9375,98.00,98.125,5615800,38.741154
1998-01-23,99.8125,100.00,98.9375,99.1875,7823000,39.160645
1998-01-22,99.8125,100.625,98.50,99.375,13167000,39.234672
1998-01-21,100.25,102.00,99.625,100.125,27815600,39.530783
1998-01-20,105.1875,108.375,104.6875,108.375,9941200,42.788001
1998-01-16,104.875,105.1875,104.50,105.00,8378200,41.455503
1998-01-15,103.1875,104.9375,102.375,103.4375,12643400,40.838605
1998-01-14,103.50,104.00,101.25,102.625,8550800,40.517819
1998-01-13,100.5625,102.4375,100.3125,102.125,6829000,40.320412
1998-01-12,98.25,101.125,97.50,100.125,12821400,39.530783
1998-01-09,104.3125,104.875,99.375,100.0625,14365600,39.506107
1998-01-08,103.50,105.50,102.9375,104.1875,8118800,41.134716
1998-01-07,105.00,105.00,102.625,104.25,8616400,41.159392
1998-01-06,105.375,107.1875,105.0625,105.25,7111200,41.554206
1998-01-05,105.5625,106.8125,105.00,106.4375,10034000,42.023048
1998-01-02,104.50,105.75,104.0625,105.625,5270000,41.702262
1997-12-31,104.00,105.1875,103.1875,104.625,5473000,41.307447
1997-12-30,103.6875,105.50,102.9375,103.125,7116000,40.715226
1997-12-29,102.875,103.6875,102.75,102.75,4614600,40.567171
1997-12-26,99.375,101.75,99.25,101.6875,2138200,40.14768
1997-12-24,100.125,100.8125,99.00,99.125,4120000,39.135969
1997-12-23,102.4375,104.125,98.625,98.625,5899200,38.938562
1997-12-22,104.75,104.75,100.875,102.5625,7745800,40.493143
1997-12-19,99.25,102.9375,97.00,102.125,13633400,40.320412
1997-12-18,102.1875,102.9375,99.00,100.00,10335600,39.481431
1997-12-17,105.00,105.50,101.875,102.00,8819600,40.27106
1997-12-16,101.125,105.25,101.125,103.75,9175600,40.961985
1997-12-15,101.50,101.9375,97.00,100.875,11693800,39.826894
1997-12-12,103.00,103.4375,96.375,100.375,16173400,39.629487
1997-12-11,103.00,103.9375,101.375,101.625,14799600,40.123005
1997-12-10,109.4375,109.625,105.4375,106.50,11480400,42.047724
1997-12-09,111.50,112.25,110.00,110.375,7252000,43.57763
1997-12-08,112.875,113.50,111.75,112.875,6174400,44.564666
1997-12-05,109.50,112.875,109.00,112.25,6931000,44.317907
1997-12-04,110.625,111.3125,108.875,109.25,7182200,43.133464
1997-12-03,110.50,111.625,109.00,110.375,9819600,43.57763
1997-12-02,112.125,112.1875,110.5625,110.75,7056000,43.725685
1997-12-01,110.00,113.3125,109.875,112.5625,11629400,44.441286
1997-11-28,109.125,109.9375,109.125,109.50,2965400,43.232167
1997-11-26,107.50,109.875,107.375,109.75,9843800,43.330871
1997-11-25,104.125,107.50,103.875,107.375,10226600,42.393187
1997-11-24,104.9375,105.75,103.00,103.125,6802400,40.715226
1997-11-21,105.25,106.375,105.00,105.5625,9496400,41.677586
1997-11-20,104.0625,105.00,103.25,104.75,6708200,41.356799
1997-11-19,102.00,103.9375,101.75,103.0625,7349000,40.69055
1997-11-18,103.6875,104.375,102.00,102.125,6368800,40.320412
1997-11-17,103.00,104.875,102.875,103.50,8990000,40.863281
1997-11-14,99.9375,102.0625,99.125,101.50,9638800,40.073653
1997-11-13,97.50,99.375,95.25,99.125,10340200,39.135969
1997-11-12,98.375,99.50,96.50,96.625,8222200,38.148933
1997-11-11,98.125,100.00,97.9375,99.00,5628000,39.086617
1997-11-10,100.75,100.8125,97.625,97.6875,7520200,38.568423
1997-11-07,99.00,100.4375,98.25,99.50,9054200,39.284024
1997-11-06,102.625,103.1875,101.0625,101.0625,6152200,39.900921
1997-11-05,102.50,103.9375,101.5625,102.75,6508000,40.488206
1997-11-04,101.125,102.75,100.9375,101.9375,6986400,40.168044
1997-11-03,99.125,102.1875,99.125,101.625,8669200,40.044904
1997-10-31,98.375,99.1875,96.5625,98.50,7909200,38.813511
1997-10-30,96.50,99.375,95.5625,95.8125,12780800,37.754513
1997-10-29,100.00,102.25,97.875,98.25,17167600,38.715
1997-10-28,89.00,99.9375,88.625,99.375,25117200,39.158301
1997-10-27,97.25,98.625,89.875,90.00,14280400,35.464122
1997-10-24,102.25,102.8125,96.875,98.00,18452200,38.616488
1997-10-23,102.00,103.875,100.0625,100.375,13857800,39.552347
1997-10-22,105.25,105.9375,104.25,105.125,8678200,41.424065
1997-10-21,101.625,105.375,101.00,105.1875,17485200,41.448693
1997-10-20,95.8125,97.75,94.50,97.50,11458600,38.419465
1997-10-17,98.125,98.875,95.25,95.4375,14452400,37.606746
1997-10-16,102.375,102.6875,99.125,99.875,6745200,39.355324
1997-10-15,102.125,102.875,101.375,101.6875,5498400,40.069532
1997-10-14,104.0625,104.125,102.0625,103.3125,5266600,40.709857
1997-10-13,105.50,105.50,104.0625,104.50,1944200,41.177786
1997-10-10,104.375,105.375,104.125,104.9375,3287000,41.350181
1997-10-09,104.3125,105.8125,104.1875,104.625,4524000,41.227042
1997-10-08,106.8125,106.875,104.50,105.25,8195000,41.47332
1997-10-07,106.50,107.125,105.9375,106.8125,8043000,42.089017
1997-10-06,105.0625,105.25,104.375,104.8125,4900800,41.300925
1997-10-03,106.875,107.25,103.50,104.3125,8193600,41.103903
1997-10-02,103.8125,104.5625,103.00,104.5625,4485400,41.202414
1997-10-01,106.125,106.4375,103.1875,103.50,7569200,40.78374
1997-09-30,104.75,107.4375,103.625,106.00,12472400,41.768855
1997-09-29,102.375,105.125,102.00,105.00,5949200,41.374809
1997-09-26,102.8125,103.1875,101.9375,102.625,4256800,40.43895
1997-09-25,101.6875,103.00,101.1875,101.625,4924000,40.044904
1997-09-24,103.875,104.4375,101.4375,101.5625,6121400,40.020277
1997-09-23,104.0625,105.00,102.75,103.25,8288400,40.685229
1997-09-22,102.00,105.125,102.00,103.875,13878400,40.931507
1997-09-19,98.9375,99.625,98.3125,99.25,6892400,39.109046
1997-09-18,100.125,100.25,98.75,98.75,7457000,38.912023
1997-09-17,100.25,101.25,99.00,99.625,6978800,39.256813
1997-09-16,97.25,100.50,96.375,99.625,9599000,39.256813
1997-09-15,98.125,99.1875,96.125,96.25,5345600,37.926908
1997-09-12,97.9375,98.00,96.9375,97.75,6588400,38.517977
1997-09-11,97.00,98.375,96.50,98.00,11754600,38.616488
1997-09-10,100.00,100.0625,96.125,97.00,17162800,38.222443
1997-09-09,103.00,104.00,100.00,100.00,11532200,39.40458
1997-09-08,103.9375,104.3125,102.625,102.875,5166400,40.537462
1997-09-05,104.9375,105.25,103.5625,103.625,5366400,40.832996
1997-09-04,103.5625,104.5625,103.00,103.75,5027400,40.882252
1997-09-03,103.8125,105.125,103.50,103.5625,7020600,40.808368
1997-09-02,101.375,104.3125,101.25,104.0625,9086600,41.005391
1997-08-29,100.5625,102.875,100.468758,101.375,7512000,39.946393
1997-08-28,102.75,103.875,101.00,101.125,5700000,39.847882
1997-08-27,103.1875,104.8125,102.50,103.875,5547000,40.931507
1997-08-26,103.375,104.375,103.0625,103.3125,5977000,40.709857
1997-08-25,106.375,107.00,104.50,105.00,4979600,41.374809
1997-08-22,102.50,106.625,102.4375,106.375,8856600,41.916622
1997-08-21,107.50,107.9375,105.25,105.75,6517600,41.670343
1997-08-20,107.625,108.4375,106.125,108.00,9093800,42.556946
1997-08-19,104.75,108.00,104.25,107.9375,9582800,42.532319
1997-08-18,101.00,104.125,99.6875,104.00,9949400,40.980763
1997-08-15,103.3125,104.50,99.875,99.9375,9205200,39.379952
1997-08-14,104.5625,105.125,102.625,103.625,6767000,40.832996
1997-08-13,105.8125,106.00,102.75,104.375,10260000,41.12853
1997-08-12,103.375,105.625,103.00,103.4375,7009600,40.759112
1997-08-11,104.75,105.3125,103.00,103.00,6773000,40.586717
1997-08-08,106.3125,107.125,104.00,105.25,7673400,41.47332
1997-08-07,108.50,109.25,106.875,107.375,6473800,42.310668
1997-08-06,106.4375,109.4375,105.8125,107.875,8324200,42.428883
1997-08-05,106.50,107.9375,106.50,106.50,5373000,41.888075
1997-08-04,104.5625,106.50,104.3125,106.25,6082800,41.789746
1997-08-01,105.50,105.9375,103.3125,104.75,8003600,41.199773
1997-07-31,106.125,107.00,105.00,105.75,6884200,41.593088
1997-07-30,102.875,106.00,102.875,106.00,8703000,41.691417
1997-07-29,104.50,104.625,102.75,102.875,8638600,40.462307
1997-07-28,106.50,106.875,104.8125,105.00,6502400,41.298102
1997-07-25,107.9375,108.4375,105.625,107.00,7330000,42.084732
1997-07-24,105.625,108.4375,104.50,107.8125,10204400,42.404301
1997-07-23,104.375,107.00,103.1875,105.125,10994000,41.347266
1997-07-22,100.50,103.50,99.375,103.00,18413800,40.511471
1997-07-21,105.25,106.3125,102.1875,103.75,16409200,40.806458
1997-07-18,100.00,105.25,100.00,104.50,23174200,41.101444
1997-07-17,97.8125,101.75,97.125,99.625,15775200,39.184032
1997-07-16,95.75,98.00,95.375,97.625,10772000,38.397402
1997-07-15,94.875,96.25,93.375,96.00,7480600,37.758265
1997-07-14,95.625,96.4375,94.00,95.25,6448800,37.463278
1997-07-11,95.8125,97.375,95.625,95.75,6886200,37.659936
1997-07-10,94.6875,96.1875,94.0625,95.75,6395000,37.659936
1997-07-09,96.00,96.6875,95.3125,96.1875,8863800,37.832011
1997-07-08,94.50,95.75,94.50,95.75,5139800,37.659936
1997-07-07,95.00,95.50,94.00,94.50,6450600,37.168292
1997-07-03,94.875,95.125,94.3125,94.8125,6352200,37.291203
1997-07-02,91.625,93.625,91.625,93.4375,5357800,36.750394
1997-07-01,90.25,92.25,90.125,91.8125,5251600,36.111257
1997-06-30,92.25,92.50,90.125,90.25,6787800,35.496702
1997-06-27,91.25,92.00,91.1875,91.25,4741200,35.890017
1997-06-26,91.8125,92.9375,90.25,90.625,8155600,35.644195
1997-06-25,91.875,93.75,91.375,91.875,9595000,36.135839
1997-06-24,89.75,92.25,89.50,91.8125,10665800,36.111257
1997-06-23,89.875,91.375,87.625,87.75,9279000,34.513414
1997-06-20,89.875,91.9375,89.75,89.875,13644200,35.349209
1997-06-19,89.125,90.75,89.125,89.625,6061000,35.25088
1997-06-18,89.375,89.50,88.25,89.00,5808800,35.005058
1997-06-17,89.75,90.75,89.00,89.875,7949800,35.349209
1997-06-16,88.75,90.00,88.625,89.25,5338000,35.103387
1997-06-13,88.25,89.75,88.125,89.00,8521800,35.005058
1997-06-12,86.25,88.375,85.50,88.125,7590600,34.660907
1997-06-11,86.25,87.375,86.125,87.125,6257200,34.267592
1997-06-10,87.125,87.875,85.50,86.25,7624400,33.923441
1997-06-09,86.00,87.625,85.625,86.875,7235000,34.169263
1997-06-06,83.50,86.00,82.625,85.625,9164800,33.677619
1997-06-05,84.00,84.875,82.125,82.875,7334000,32.596002
1997-06-04,85.00,85.625,81.75,83.375,9134400,32.792659
1997-06-03,86.375,86.625,84.125,84.375,9827800,33.185975
1997-06-02,87.75,87.875,86.625,87.125,6608600,34.267592
1997-05-30,85.00,88.25,84.50,86.50,13492800,34.02177
1997-05-29,90.00,90.00,87.50,87.75,11548400,34.513414
1997-05-28,90.50,91.875,88.50,90.125,17898800,35.447537
1997-05-27,174.00,179.25,174.00,179.25,12950800,35.25088
1997-05-23,173.375,174.875,173.125,173.375,6916000,34.095516
1997-05-22,175.125,176.00,172.50,172.50,7229600,33.923441
1997-05-21,174.75,177.375,174.375,175.125,12681200,34.439667
1997-05-20,168.50,175.50,168.375,173.75,12530400,34.169263
1997-05-19,169.875,170.375,166.875,168.75,9694800,33.185975
1997-05-16,173.00,173.75,169.625,170.00,14097200,33.431797
1997-05-15,174.125,175.625,173.125,173.875,10944400,34.193845
1997-05-14,174.25,175.00,171.875,173.875,13792400,34.193845
1997-05-13,174.75,177.125,173.375,173.625,22649200,34.144681
1997-05-12,168.25,173.50,168.125,173.50,14980400,34.120098
1997-05-09,168.75,169.25,166.625,167.50,11747600,32.940153
1997-05-08,164.00,169.25,163.50,167.375,19169200,32.91557
1997-05-07,164.375,166.875,162.125,162.125,11362000,31.883118
1997-05-06,165.875,167.375,164.625,165.50,13189200,32.546837
1997-05-05,162.875,166.25,162.625,166.125,12416400,32.669748
1997-05-02,161.00,162.875,159.875,162.125,12131600,31.883118
1997-05-01,160.50,161.625,159.375,161.375,11973200,31.735625
1997-04-30,157.875,161.125,157.25,160.50,18313600,31.563549
1997-04-29,152.375,159.00,152.00,158.375,18500000,31.145652
1997-04-28,149.625,151.75,149.125,150.375,9984000,29.572391
1997-04-25,152.25,152.875,150.625,150.75,12020000,29.646137
1997-04-24,150.50,157.00,150.50,153.625,42636400,30.211528
1997-04-23,140.00,143.75,139.00,142.375,15668400,27.99913
1997-04-22,137.25,140.125,134.75,140.00,12088800,27.532068
1997-04-21,139.625,141.25,136.625,137.375,9426800,27.015842
1997-04-18,138.00,140.125,137.75,139.75,9372800,27.482903
1997-04-17,137.375,139.75,136.75,137.75,10620400,27.089588
1997-04-16,137.375,138.375,135.75,137.50,7381200,27.040424
1997-04-15,138.625,139.00,134.375,137.875,15727600,27.11417
1997-04-14,134.50,136.875,133.25,136.50,10537600,26.843766
1997-04-11,132.25,134.75,131.375,133.375,16554400,26.229211
1997-04-10,133.75,134.875,132.875,133.00,9932400,26.155465
1997-04-09,138.00,138.00,133.00,133.125,13783600,26.180047
1997-04-08,132.25,136.875,132.25,136.625,10832000,26.868348
1997-04-07,130.75,133.50,130.50,132.50,10670400,26.057136
1997-04-04,127.25,131.125,127.125,129.25,25006400,25.417998
1997-04-03,132.00,132.25,128.875,131.125,21538000,25.786731
1997-04-02,136.875,137.375,133.25,133.75,14152000,26.302958
1997-04-01,137.00,137.75,135.625,136.75,11717600,26.892931
1997-03-31,137.25,139.50,134.375,137.25,15508000,26.991259
1997-03-27,140.50,141.625,136.125,137.00,12832000,26.942095
1997-03-26,136.50,141.125,135.50,140.25,14059600,27.581232
1997-03-25,136.875,138.375,134.75,135.875,13837200,26.720855
1997-03-24,132.625,136.875,130.00,136.75,18016800,26.892931
1997-03-21,136.875,137.125,132.125,132.50,26149200,26.057136
1997-03-20,138.00,139.75,136.50,136.875,14904800,26.917513
1997-03-19,138.625,138.75,135.875,137.875,16477600,27.11417
1997-03-18,139.875,140.75,137.875,139.375,14544400,27.409157
1997-03-17,142.75,143.125,137.375,139.50,20377600,27.433739
1997-03-14,143.625,144.375,142.125,143.625,8024800,28.244952
1997-03-13,144.75,146.25,142.25,142.875,12151200,28.097459
1997-03-12,146.00,147.25,144.125,144.875,11308400,28.490774
1997-03-11,146.375,149.75,146.00,146.00,13422400,28.712014
1997-03-10,144.75,147.00,144.375,146.125,8171200,28.736596
1997-03-07,147.25,147.625,144.125,144.75,10627200,28.466192
1997-03-06,145.625,149.00,144.625,146.625,14781600,28.834925
1997-03-05,145.875,146.50,144.375,145.50,8004800,28.613685
1997-03-04,145.625,146.75,142.50,144.875,12252800,28.490774
1997-03-03,143.75,146.75,143.625,145.125,13215600,28.539938
1997-02-28,143.125,145.75,140.625,143.75,12262400,28.269534
1997-02-27,146.875,146.875,143.00,143.00,7088800,28.122041
1997-02-26,147.00,147.50,144.00,146.875,14681600,28.884089
1997-02-25,144.375,148.00,144.125,146.50,16793600,28.810342
1997-02-24,137.625,144.00,137.50,143.875,17130800,28.294116
1997-02-21,140.75,140.875,137.125,137.625,25234000,27.065006
1997-02-20,143.125,143.50,140.25,141.25,14332000,27.77789
1997-02-19,145.25,145.875,143.00,143.625,13449200,28.244952
1997-02-18,145.50,145.50,143.125,145.25,10740800,28.56452
1997-02-14,146.375,147.75,144.00,145.00,13698800,28.515356
1997-02-13,145.125,148.125,145.125,146.375,15851600,28.78576
1997-02-12,144.00,146.625,143.00,145.00,18515200,28.515356
1997-02-11,143.375,145.25,141.125,145.25,21540400,28.56452
1997-02-10,148.75,148.75,142.00,142.75,21562800,28.072876
1997-02-07,148.50,150.00,145.875,148.75,19807200,29.252822
1997-02-06,149.00,149.75,145.50,146.00,20778400,28.712014
1997-02-05,153.625,153.625,145.50,148.75,22077600,29.183992
1997-02-04,154.75,154.75,150.75,153.625,13544800,30.140442
1997-02-03,157.375,157.375,154.50,154.875,10599200,30.385685
1997-01-31,157.625,157.875,156.125,156.875,11565600,30.778075
1997-01-30,157.75,158.25,155.75,157.25,18296000,30.851648
1997-01-29,153.50,156.75,152.375,156.375,18664400,30.679978
1997-01-28,149.875,154.25,148.625,150.75,32306000,29.576381
1997-01-27,151.375,151.75,145.00,145.75,23704400,28.595407
1997-01-24,151.875,154.00,149.00,150.50,32776800,29.527333
1997-01-23,158.875,160.25,150.625,151.75,33802400,29.772576
1997-01-22,159.00,160.00,155.00,158.00,49184800,30.998795
1997-01-21,166.375,170.125,166.375,168.00,14993200,32.960744
1997-01-20,164.875,167.625,164.50,167.00,10706000,32.764549
1997-01-17,165.125,165.75,163.875,165.25,8868800,32.421208
1997-01-16,164.75,166.75,163.25,165.50,13896000,32.470256
1997-01-15,166.375,168.375,163.375,164.625,17712800,32.298586
1997-01-14,165.00,167.625,164.50,167.01564,11786400,32.767617
1997-01-13,163.00,166.25,162.75,163.875,15650800,32.15144
1997-01-10,160.50,164.00,160.125,163.00,17500800,31.979769
1997-01-09,159.75,162.00,158.375,161.875,12626800,31.75905
1997-01-08,164.125,164.25,159.125,159.875,11697600,31.36666
1997-01-07,160.875,163.75,159.375,163.375,10541200,32.053342
1997-01-06,159.375,163.375,158.50,161.25,19244400,31.636428
1997-01-03,155.00,159.125,154.875,159.125,12930400,31.219514
1997-01-02,153.75,154.375,150.25,153.25,16790000,30.066869
1996-12-31,153.75,155.375,150.875,151.50,7049600,29.723528
1996-12-30,155.25,155.50,153.625,153.625,4168000,30.140442
1996-12-27,155.625,155.625,153.50,155.125,5049200,30.434734
1996-12-26,157.375,158.375,155.125,155.75,4527200,30.557356
1996-12-24,154.125,156.00,154.125,155.75,2660000,30.557356
1996-12-23,154.00,155.375,152.75,154.25,8732800,30.263064
1996-12-20,158.125,158.375,154.125,154.625,16724800,30.336637
1996-12-19,159.75,159.75,157.25,158.125,13614000,31.023319
1996-12-18,152.50,159.00,152.375,158.625,14443200,31.121416
1996-12-17,148.375,153.625,147.375,151.875,16082400,29.797101
1996-12-16,153.00,153.25,147.25,148.625,14377600,29.159467
1996-12-13,152.25,154.875,152.00,152.875,15562400,29.993296
1996-12-12,158.125,158.50,151.50,151.625,14420400,29.748052
1996-12-11,155.25,158.625,153.75,156.125,23424400,30.630929
1996-12-10,161.50,161.875,157.75,157.75,12374000,30.949746
1996-12-09,156.625,160.125,156.25,160.00,11079600,31.391184
1996-12-06,154.00,158.00,153.375,155.625,24141600,30.532832
1996-12-05,161.375,162.625,158.375,158.50,12145200,31.096892
1996-12-04,162.875,164.00,159.125,162.00,17749200,31.783574
1996-12-03,163.625,166.00,162.625,162.625,18711200,31.906196
1996-12-02,159.625,163.50,159.625,163.00,13264000,31.979769
1996-11-29,158.125,159.625,158.125,159.375,3725200,31.268563
1996-11-27,158.25,160.25,157.75,158.125,11198800,31.023319
1996-11-26,157.50,160.75,157.00,158.00,22061600,30.998795
1996-11-25,158.125,158.50,156.125,157.625,11332000,30.925221
1996-11-22,154.125,158.875,154.125,158.50,16330000,31.096892
1996-11-21,153.125,154.875,152.50,154.125,18604400,30.238539
1996-11-20,153.375,159.00,152.375,152.625,32946800,29.944247
1996-11-19,146.875,154.875,146.50,154.125,24118400,30.238539
1996-11-18,144.75,150.00,143.00,146.75,23108400,28.791602
1996-11-15,137.625,145.50,137.375,145.00,31215200,28.448261
1996-11-14,134.625,137.625,134.625,136.875,11098000,26.854177
1996-11-13,133.50,135.875,133.25,134.75,9569200,26.437263
1996-11-12,135.00,135.75,133.00,133.25,10896400,26.142971
1996-11-11,134.375,134.875,134.00,134.50,5716800,26.388214
1996-11-08,133.375,134.50,132.875,134.375,6277600,26.36369
1996-11-07,133.125,135.125,132.75,133.75,13926400,26.241068
1996-11-06,130.625,133.875,130.25,133.375,11545600,26.167495
1996-11-05,129.75,131.50,129.25,130.25,11716400,25.485718
1996-11-04,127.375,129.375,127.375,128.75,6109200,25.192216
1996-11-01,128.875,129.625,127.125,127.50,8269200,24.947632
1996-10-31,126.50,129.125,125.875,129.00,8525200,25.241133
1996-10-30,125.75,127.50,125.75,126.375,8330000,24.727505
1996-10-29,127.50,127.75,125.125,125.625,10130000,24.580755
1996-10-28,126.625,128.125,126.50,127.375,7390000,24.923173
1996-10-25,126.375,128.00,126.375,126.50,6501600,24.751964
1996-10-24,129.50,129.75,127.375,127.375,7174000,24.923173
1996-10-23,126.50,129.875,126.125,129.25,12034000,25.29005
1996-10-22,129.625,130.75,126.25,127.00,11997200,24.849798
1996-10-21,128.00,135.375,126.75,130.125,33337200,25.461259
1996-10-18,125.50,129.50,124.00,129.375,13894800,25.314509
1996-10-17,128.75,129.125,125.25,125.625,8541600,24.580755
1996-10-16,129.50,129.50,127.375,127.625,7502800,24.97209
1996-10-15,130.75,131.25,128.625,129.50,11455600,25.338967
1996-10-14,129.875,130.00,129.125,130.00,5603600,25.436801
1996-10-11,128.50,130.125,128.25,129.875,11433200,25.412342
1996-10-10,125.50,128.00,125.50,127.75,8994000,24.996549
1996-10-09,129.00,129.375,126.125,126.25,9609600,24.703047
1996-10-08,128.00,129.50,127.625,128.375,12589600,25.118841
1996-10-07,126.875,128.00,126.875,127.875,7341600,25.021007
1996-10-04,125.875,127.125,125.625,126.625,9209200,24.776422
1996-10-03,125.75,126.25,124.625,125.00,7380400,24.458462
1996-10-02,124.25,125.875,124.00,125.875,8052800,24.629672
1996-10-01,124.00,125.25,123.125,123.75,9786000,24.213878
1996-09-30,124.875,127.125,124.125,124.50,7457600,24.360629
1996-09-27,124.75,125.50,124.00,124.75,5248800,24.409545
1996-09-26,126.25,127.875,124.125,124.375,12704000,24.33617
1996-09-25,124.50,126.875,124.50,126.50,10773600,24.751964
1996-09-24,124.25,126.875,124.00,124.125,14984000,24.287253
1996-09-23,122.25,124.75,122.125,124.25,6765600,24.311712
1996-09-20,123.625,124.875,122.875,123.00,12242000,24.067127
1996-09-19,124.25,125.125,123.00,123.50,8213200,24.164961
1996-09-18,124.375,125.25,123.00,124.50,14094000,24.360629
1996-09-17,123.00,123.625,121.50,123.625,13198400,24.189419
1996-09-16,122.125,123.375,121.75,122.75,10653200,24.01821
1996-09-13,118.125,122.875,118.125,122.125,22036400,23.895918
1996-09-12,118.00,118.25,117.125,117.25,8674800,22.942038
1996-09-11,116.75,118.25,116.75,118.00,8755200,23.088788
1996-09-10,117.625,119.375,116.50,118.125,16051200,23.113247
1996-09-09,116.00,117.75,115.875,117.625,10269600,23.015413
1996-09-06,113.50,115.875,113.50,115.50,9638000,22.599619
1996-09-05,114.00,114.50,113.00,113.125,7194400,22.134908
1996-09-04,115.00,115.625,114.50,114.625,5480800,22.42841
1996-09-03,113.25,115.375,112.562477,115.25,8830400,22.550702
1996-08-30,114.625,115.00,113.625,114.375,6151600,22.379493
1996-08-29,115.125,115.50,114.625,115.125,9182400,22.526244
1996-08-28,114.00,115.75,113.875,115.00,14829600,22.501785
1996-08-27,112.625,112.75,111.25,111.75,4819600,21.865865
1996-08-26,113.00,113.125,112.25,112.50,3654800,22.012616
1996-08-23,112.125,113.625,112.00,113.00,6173600,22.11045
1996-08-22,112.75,113.875,112.375,112.625,8249200,22.037075
1996-08-21,110.50,112.75,110.125,112.25,7064400,21.963699
1996-08-20,110.125,110.75,110.00,110.50,4538800,21.621281
1996-08-19,109.875,110.375,109.50,110.00,7054000,21.523447
1996-08-16,111.00,111.25,109.875,110.00,6046800,21.523447
1996-08-15,111.625,111.625,110.75,110.875,4626800,21.694656
1996-08-14,109.375,111.50,109.375,111.25,10326000,21.768032
1996-08-13,111.625,112.50,109.125,109.375,11935200,21.401155
1996-08-12,112.00,113.25,111.625,112.125,7727600,21.939241
1996-08-09,113.00,113.75,112.125,112.375,6987600,21.988158
1996-08-08,111.625,113.875,111.50,113.50,11762400,22.208284
1996-08-07,110.00,112.875,109.75,112.625,12268000,22.037075
1996-08-06,109.25,110.125,108.25,109.625,14385600,21.381589
1996-08-05,108.00,109.375,108.00,109.25,8604400,21.308447
1996-08-02,108.375,109.375,107.75,108.875,9063200,21.235306
1996-08-01,108.00,109.00,107.25,107.25,12482400,20.918361
1996-07-31,107.125,108.875,107.00,107.50,14021200,20.967122
1996-07-30,105.25,108.00,103.75,107.375,15971200,20.942742
1996-07-29,103.50,105.50,103.375,104.75,13352800,20.430754
1996-07-26,103.125,104.125,101.625,103.875,15961600,20.260091
1996-07-25,96.00,103.75,95.00,103.625,36059600,20.211331
1996-07-24,89.625,92.625,89.125,91.75,14734400,17.895195
1996-07-23,92.50,93.25,90.00,90.25,12460000,17.602631
1996-07-22,93.375,93.375,91.875,92.50,7123200,18.041477
1996-07-19,94.50,95.25,93.50,93.75,8460400,18.285281
1996-07-18,94.25,95.625,93.125,94.25,10685600,18.382803
1996-07-17,97.875,97.875,94.00,94.125,15158000,18.358422
1996-07-16,92.25,95.75,89.75,95.75,24828400,18.675367
1996-07-15,94.50,94.875,89.75,90.875,16318400,17.724532
1996-07-12,95.625,96.00,94.625,95.312477,12897200,18.590031
1996-07-11,97.625,97.625,94.125,96.00,23328800,18.724128
1996-07-10,98.75,99.50,97.75,98.875,11404800,19.284876
1996-07-09,98.75,100.25,98.75,99.00,7920800,19.309257
1996-07-08,98.125,99.25,98.125,98.375,7375600,19.187355
1996-07-05,97.875,99.25,97.75,97.875,6669600,19.089833
1996-07-03,99.75,100.125,98.125,98.50,9724000,19.211735
1996-07-02,101.00,101.25,99.875,100.00,8096400,19.5043
1996-07-01,99.25,102.25,99.125,101.50,9710000,19.796864
1996-06-28,99.125,99.875,98.875,99.00,9376400,19.309257
1996-06-27,98.375,99.625,97.625,98.875,13294800,19.284876
1996-06-26,99.75,100.125,98.50,98.625,10174800,19.236116
1996-06-25,99.375,99.75,98.875,99.75,8885200,19.455539
1996-06-24,99.625,100.125,98.50,99.625,9883200,19.431159
1996-06-21,100.75,101.75,98.25,98.625,16896400,19.236116
1996-06-20,102.25,102.25,99.375,100.75,16558400,19.650582
1996-06-19,101.75,102.625,101.50,102.125,5718000,19.918766
1996-06-18,102.00,102.50,101.25,101.25,7657600,19.748104
1996-06-17,101.875,102.75,100.875,102.50,7633600,19.991907
1996-06-14,103.375,104.25,101.625,101.625,10849200,19.821245
1996-06-13,103.00,104.125,101.75,103.25,8532000,20.13819
1996-06-12,103.625,103.875,102.75,103.00,8544400,20.089429
1996-06-11,103.25,104.375,102.375,103.125,10794800,20.113809
1996-06-10,102.00,103.25,101.375,102.625,12062000,20.016288
1996-06-07,96.50,102.00,96.125,101.75,29511200,19.845625
1996-06-06,104.875,104.875,101.00,101.25,23910800,19.748104
1996-06-05,106.00,106.375,104.75,104.875,7151600,20.455134
1996-06-04,105.375,106.625,105.375,105.875,7952000,20.650177
1996-06-03,106.375,106.50,105.00,105.375,6958000,20.552656
1996-05-31,107.625,108.25,106.625,106.75,9004800,20.82084
1996-05-30,106.875,107.625,106.125,107.25,10471200,20.918361
1996-05-29,107.75,108.375,105.625,106.875,13044000,20.84522
1996-05-28,109.25,109.375,107.875,108.25,6894000,21.113404
1996-05-24,109.50,109.875,108.00,108.75,5612000,21.210926
1996-05-23,109.875,110.50,109.25,109.25,10414800,21.308447
1996-05-22,110.75,111.00,109.75,110.375,8957200,21.527871
1996-05-21,111.875,112.125,110.75,111.00,8607600,21.649773
1996-05-20,112.00,112.50,111.00,112.125,9642800,21.869196
1996-05-17,109.00,111.625,109.00,110.875,15415200,21.625392
1996-05-16,108.00,109.25,107.625,108.625,10866800,21.186546
1996-05-15,109.00,109.875,108.50,109.00,10958000,21.259687
1996-05-14,108.25,108.875,107.50,108.625,12483200,21.186546
1996-05-13,106.375,108.50,105.875,107.625,9171600,20.991503
1996-05-10,107.375,108.375,106.125,106.375,8357600,20.747699
1996-05-09,105.75,107.75,105.75,107.00,9534400,20.869601
1996-05-08,105.00,106.00,103.625,105.875,14396000,20.650177
1996-05-07,107.00,107.25,105.625,105.875,9534800,20.581912
1996-05-06,108.50,108.50,106.375,107.00,11648400,20.80061
1996-05-03,108.25,109.00,107.75,108.125,8015200,21.019308
1996-05-02,108.00,109.375,107.375,107.875,14062000,20.970708
1996-05-01,107.75,108.50,107.625,107.875,8389600,20.970708
1996-04-30,110.00,110.25,107.50,107.75,10656000,20.946409
1996-04-29,107.75,108.75,107.375,108.625,10749600,21.116507
1996-04-26,108.50,108.875,107.625,107.75,9127200,20.946409
1996-04-25,107.00,108.50,106.625,108.25,17942000,21.043608
1996-04-24,107.625,107.625,105.625,106.75,12109200,20.75201
1996-04-23,107.50,107.75,106.75,107.00,9878000,20.80061
1996-04-22,106.875,107.625,105.625,107.25,13255200,20.84921
1996-04-19,105.75,107.125,104.625,105.375,19583200,20.484713
1996-04-18,105.625,107.25,103.625,105.50,41512000,20.509013
1996-04-17,116.75,120.125,103.375,105.25,65196400,20.460413
1996-04-16,115.125,116.375,114.625,115.50,9754000,22.452995
1996-04-15,112.625,114.375,111.50,114.125,9177200,22.185697
1996-04-12,115.25,115.625,110.125,111.50,31044000,21.675402
1996-04-11,116.375,118.375,114.75,117.50,15079200,22.841791
1996-04-10,117.75,120.875,115.125,116.00,12752400,22.550194
1996-04-09,119.75,120.125,117.50,117.875,7857600,22.914691
1996-04-08,115.625,119.375,114.50,119.375,15990800,23.206288
1996-04-04,119.875,119.875,117.25,117.75,10010000,22.890391
1996-04-03,117.50,120.50,116.125,119.75,16599600,23.279187
1996-04-02,111.00,118.125,110.50,117.625,21628800,22.866091
1996-04-01,112.125,112.75,110.00,110.375,9518000,21.456704
1996-03-29,110.375,113.75,110.375,111.25,11726400,21.626802
1996-03-28,111.875,112.375,109.50,109.75,12186400,21.335205
1996-03-27,111.125,113.75,110.25,111.25,14479200,21.626802
1996-03-26,108.375,112.00,107.625,110.75,18235600,21.529603
1996-03-25,114.875,115.125,108.375,108.75,18889600,21.140807
1996-03-22,115.00,115.75,114.25,114.25,8949600,22.209997
1996-03-21,117.50,117.875,114.125,114.875,15115200,22.331496
1996-03-20,120.875,120.875,114.25,117.00,30271600,22.744592
1996-03-19,124.75,125.50,121.50,121.75,11192000,23.667984
1996-03-18,120.625,125.125,120.50,124.625,15021600,24.226879
1996-03-15,116.875,120.00,115.75,119.875,14086000,23.303487
1996-03-14,116.50,118.75,116.125,116.875,11489200,22.720292
1996-03-13,114.50,116.625,114.50,115.875,11243200,22.525894
1996-03-12,115.625,116.00,113.625,114.25,16806400,22.209997
1996-03-11,113.875,117.875,113.875,117.25,15744000,22.793192
1996-03-08,115.50,116.875,112.25,114.25,21520400,22.209997
1996-03-07,117.00,117.50,115.375,117.125,9881600,22.768892
1996-03-06,119.75,119.875,116.375,117.00,10936800,22.744592
1996-03-05,117.125,119.50,116.125,119.00,14176800,23.133389
1996-03-04,118.75,121.25,115.25,116.125,17288400,22.574494
1996-03-01,121.625,121.75,117.00,118.125,32179600,22.96329
1996-02-29,125.00,127.375,122.00,122.625,29171600,23.838082
1996-02-28,127.625,128.875,127.00,127.375,17548000,24.761474
1996-02-27,125.125,128.875,124.50,128.75,18451600,25.028771
1996-02-26,123.875,125.50,123.875,124.875,11530000,24.275478
1996-02-23,125.00,126.125,124.00,125.625,16504800,24.421277
1996-02-22,121.75,125.625,121.25,124.125,21423200,24.12968
1996-02-21,119.00,120.625,118.625,120.25,16389200,23.376386
1996-02-20,116.75,120.875,116.75,119.125,21288800,23.157688
1996-02-16,118.00,118.875,117.50,118.00,19943600,22.93899
1996-02-15,114.375,118.50,114.25,117.625,23341200,22.866091
1996-02-14,113.875,115.00,113.75,114.25,12949600,22.209997
1996-02-13,114.00,114.875,113.50,113.625,13870800,22.088498
1996-02-12,114.125,115.875,113.875,115.25,14666400,22.404395
1996-02-09,113.375,114.375,113.00,113.50,13486000,22.064198
1996-02-08,112.375,114.50,111.875,113.50,12778400,22.064198
1996-02-07,114.00,114.625,111.50,112.625,16100800,21.8941
1996-02-06,112.875,115.125,112.625,114.75,20158400,22.258596
1996-02-05,109.375,112.375,109.25,112.25,13139600,21.773659
1996-02-02,109.00,109.875,108.75,109.625,12443600,21.264475
1996-02-01,108.75,110.375,108.125,109.00,16311200,21.143241
1996-01-31,108.00,109.875,107.50,108.50,20059200,21.046254
1996-01-30,106.50,109.00,106.375,108.625,18374400,21.070501
1996-01-29,104.75,106.625,104.25,106.50,9474400,20.658304
1996-01-26,103.875,106.25,103.50,104.75,10588400,20.318849
1996-01-25,107.625,108.00,104.125,104.125,18887200,20.197614
1996-01-24,103.125,109.00,103.125,107.00,31955600,20.755292
1996-01-23,100.75,104.50,100.75,103.00,19836800,19.979393
1996-01-22,101.50,103.875,101.375,102.25,21172000,19.833912
1996-01-19,96.625,104.125,96.50,102.00,52584000,19.785418
1996-01-18,90.00,96.25,89.625,96.25,39428000,18.670064
1996-01-17,86.75,89.25,85.75,87.625,19284800,16.997032
1996-01-16,84.125,87.75,83.50,87.00,18452000,16.875798
1996-01-15,86.50,86.50,83.125,83.125,14971200,16.124146
1996-01-12,87.25,87.25,86.125,86.375,10657600,16.754564
1996-01-11,88.125,88.50,86.00,87.25,18498400,16.924292
1996-01-10,86.625,89.25,86.625,87.25,22751600,16.924292
1996-01-09,89.125,89.125,86.125,86.75,14894000,16.827304
1996-01-08,88.625,89.25,88.625,89.125,3531600,17.287994
1996-01-05,86.00,88.75,86.00,88.625,15505600,17.191007
1996-01-04,89.125,89.125,85.625,86.875,32332800,16.851551
1996-01-03,91.00,91.25,89.00,89.25,12528000,17.312241
1996-01-02,91.375,92.125,90.625,90.875,10033600,17.62745
1995-12-29,90.375,91.75,89.50,91.375,13854000,17.724437
1995-12-28,91.125,91.375,90.00,90.125,7109600,17.481969
1995-12-27,91.75,92.00,90.75,92.00,6288000,17.845671
1995-12-26,92.00,92.125,91.625,91.75,3781600,17.797178
1995-12-22,90.875,91.875,90.875,91.25,7509600,17.70019
1995-12-21,89.875,91.125,89.75,90.875,10696000,17.62745
1995-12-20,92.00,92.00,89.125,89.375,14423200,17.336488
1995-12-19,89.125,91.875,89.125,91.875,14977600,17.821425
1995-12-18,90.00,90.125,87.75,89.00,25420800,17.263747
1995-12-15,92.00,92.00,89.875,90.25,27393600,17.506216
1995-12-14,94.75,95.125,92.375,93.75,13562000,18.185127
1995-12-13,95.125,95.375,94.375,94.50,11023600,18.330608
1995-12-12,96.375,96.75,95.25,95.375,8667200,18.500336
1995-12-11,97.125,97.25,95.875,96.25,8436800,18.670064
1995-12-08,95.00,96.875,94.625,96.875,10232800,18.791298
1995-12-07,95.25,95.50,94.00,94.75,10983600,18.379102
1995-12-06,96.25,96.50,94.25,95.75,12077600,18.573076
1995-12-05,96.875,97.125,95.625,95.75,11005600,18.573076
1995-12-04,95.00,97.25,94.625,96.125,10820400,18.645817
1995-12-01,97.00,97.00,94.75,94.75,10063600,18.379102
1995-11-30,97.25,98.125,96.625,96.625,10257600,18.742804
1995-11-29,97.25,97.50,96.75,97.125,11290000,18.839792
1995-11-28,95.75,97.50,95.625,97.00,11564800,18.815545
1995-11-27,96.50,97.375,95.625,95.875,8807200,18.597323
1995-11-24,95.25,96.625,95.25,95.875,2974400,18.597323
1995-11-22,94.75,96.375,94.375,95.25,8794000,18.476089
1995-11-21,93.125,94.875,93.00,94.50,12520800,18.330608
1995-11-20,95.00,95.375,93.00,93.00,10502800,18.039646
1995-11-17,95.375,95.875,94.75,95.125,11060400,18.451842
1995-11-16,95.625,96.75,95.125,95.625,11882000,18.54883
1995-11-15,95.625,96.25,94.75,95.50,8982400,18.524583
1995-11-14,96.875,97.375,95.25,95.375,9229600,18.500336
1995-11-13,97.50,98.00,97.00,97.375,9497200,18.888285
1995-11-10,97.50,98.25,96.625,97.375,9348400,18.888285
1995-11-09,99.00,99.75,98.00,98.375,12774000,19.08226
1995-11-08,99.125,100.125,97.25,97.75,10757600,18.961026
1995-11-07,99.50,100.625,98.125,98.75,15510800,19.106508
1995-11-06,101.25,102.375,100.00,100.50,12470000,19.445104
1995-11-03,100.00,101.50,99.875,101.50,12984800,19.638588
1995-11-02,97.00,99.875,96.75,99.625,13174400,19.275806
1995-11-01,97.25,97.625,96.375,96.875,8235200,18.743726
1995-10-31,98.375,99.125,96.875,97.25,11811200,18.816282
1995-10-30,97.50,98.75,97.125,98.25,12715200,19.009766
1995-10-27,95.875,96.625,95.75,96.50,9894800,18.671169
1995-10-26,96.25,96.625,94.625,95.875,13407200,18.550242
1995-10-25,98.50,98.50,96.00,96.125,10952000,18.598613
1995-10-24,98.875,99.25,97.25,98.00,12445600,18.961395
1995-10-23,95.625,99.00,95.625,99.00,16597600,19.154878
1995-10-20,98.25,98.50,95.25,95.375,17814400,18.4535
1995-10-19,96.875,98.375,96.00,98.25,18746800,19.009766
1995-10-18,97.875,98.25,95.75,96.375,29217600,18.646984
1995-10-17,92.50,97.00,91.25,96.875,45773600,18.743726
1995-10-16,92.50,94.125,92.50,94.00,10594400,18.18746
1995-10-13,94.00,94.25,92.50,92.50,9409600,17.897235
1995-10-12,93.25,93.50,92.125,93.00,9390800,17.993977
1995-10-11,91.50,92.875,91.25,92.50,13436000,17.897235
1995-10-10,90.00,91.125,89.125,90.75,25871200,17.558639
1995-10-09,93.875,94.125,92.00,92.00,12086000,17.800493
1995-10-06,95.25,95.375,94.125,94.125,10392000,18.211646
1995-10-05,93.875,95.00,93.50,94.50,9877200,18.284202
1995-10-04,94.25,94.625,93.375,93.75,8028000,18.139089
1995-10-03,93.50,95.25,93.375,94.875,13162400,18.356759
1995-10-02,95.00,95.625,93.375,93.50,9487600,18.090719
1995-09-29,94.25,95.25,93.625,94.50,10389200,18.284202
1995-09-28,94.875,95.375,93.875,93.875,11420400,18.163275
1995-09-27,92.625,94.50,91.875,94.375,18762800,18.260017
1995-09-26,93.25,93.875,92.50,92.875,11099200,17.969791
1995-09-25,94.00,94.75,92.625,92.75,11886000,17.945606
1995-09-22,93.875,94.375,93.375,93.875,9377200,18.163275
1995-09-21,95.75,96.50,93.875,94.375,11468000,18.260017
1995-09-20,97.625,98.125,95.625,95.75,11826800,18.526057
1995-09-19,94.625,96.875,94.25,96.75,16878800,18.71954
1995-09-18,92.50,94.25,92.375,94.125,17814800,18.211646
1995-09-15,92.75,92.75,91.625,92.25,27121600,17.848864
1995-09-14,95.25,95.625,92.50,93.375,31461600,18.066533
1995-09-13,97.50,98.75,92.375,94.625,55690400,18.308388
1995-09-12,96.125,98.50,95.125,97.50,29151200,18.864653
1995-09-11,98.25,98.375,95.875,96.375,26478000,18.646984
1995-09-08,100.00,100.00,98.125,98.875,21422000,19.130693
1995-09-07,100.50,101.25,99.00,99.375,16205200,19.227435
1995-09-06,102.00,102.625,100.625,100.75,16766000,19.493475
1995-09-05,103.00,103.00,100.125,101.125,26673200,19.566031
1995-09-01,102.75,104.50,102.375,102.75,7275600,19.880442
1995-08-31,102.50,103.75,102.00,103.375,9265600,20.001369
1995-08-30,103.125,103.50,101.125,101.625,12998400,19.662773
1995-08-29,102.125,102.625,98.625,102.375,24584000,19.807886
1995-08-28,103.75,103.875,101.375,101.625,16455600,19.662773
1995-08-25,103.75,105.375,103.75,103.875,11129200,20.098111
1995-08-24,106.625,106.625,104.50,104.875,15188000,20.291595
1995-08-23,108.125,108.50,106.50,106.625,12956000,20.630191
1995-08-22,107.00,108.25,105.625,107.625,22057200,20.823675
1995-08-21,111.375,111.375,106.50,106.75,18802800,20.654377
1995-08-18,113.875,114.00,111.125,111.375,14792400,21.549238
1995-08-17,112.375,114.625,112.25,113.625,12118800,21.984576
1995-08-16,112.125,112.75,110.75,112.375,11787200,21.742722
1995-08-15,111.00,112.125,110.25,112.00,10804000,21.670166
1995-08-14,109.25,110.875,109.25,110.75,6993200,21.428311
1995-08-11,109.50,109.625,108.375,109.25,9310800,21.138086
1995-08-10,109.875,110.375,108.875,109.125,7885600,21.1139
1995-08-09,110.00,110.375,109.625,109.875,7867200,21.259013
1995-08-08,108.875,110.00,108.875,109.625,7181200,21.210642
1995-08-07,109.125,109.375,108.625,108.875,5723200,21.017158
1995-08-04,109.125,109.75,108.50,108.625,5028800,20.968899
1995-08-03,106.50,109.50,105.625,109.00,13142400,21.041288
1995-08-02,110.625,111.75,107.00,107.50,12248400,20.751729
1995-08-01,109.125,110.125,107.25,109.625,12105600,21.161938
1995-07-31,110.625,111.25,108.50,108.875,10540800,21.017158
1995-07-28,110.875,111.25,109.875,110.625,9744400,21.354977
1995-07-27,109.50,110.875,109.50,110.75,12372000,21.379107
1995-07-26,109.125,109.625,108.25,109.00,14330800,21.041288
1995-07-25,107.50,110.25,107.50,108.375,21288000,20.920639
1995-07-24,104.125,107.875,103.50,107.50,20671600,20.751729
1995-07-21,104.00,104.875,103.125,103.625,17482400,20.003702
1995-07-20,102.00,104.375,101.375,104.125,20262800,20.100222
1995-07-19,105.25,105.50,97.75,101.25,34290800,19.545233
1995-07-18,107.00,108.625,102.875,107.00,35804400,20.65521
1995-07-17,104.125,107.50,104.00,107.25,14929600,20.70347
1995-07-14,102.625,104.125,102.125,103.875,10580000,20.051962
1995-07-13,101.75,104.25,101.25,103.75,13944800,20.027832
1995-07-12,100.375,102.00,99.625,101.625,11393200,19.617623
1995-07-11,100.00,101.00,99.50,99.75,8429600,19.255674
1995-07-10,100.00,101.25,100.00,100.625,9175200,19.424584
1995-07-07,98.625,100.625,98.625,99.50,15628400,19.207415
1995-07-06,97.125,98.875,96.875,98.875,9395200,19.086765
1995-07-05,97.875,98.625,96.75,96.75,9674400,18.676556
1995-07-03,96.25,97.875,95.75,97.625,2733600,18.845466
1995-06-30,97.75,98.125,95.375,96.00,8639200,18.531777
1995-06-29,96.375,98.125,96.375,97.00,9946400,18.724816
1995-06-28,95.00,96.625,94.375,96.125,12482400,18.555907
1995-06-27,98.125,98.687523,94.50,95.375,13119600,18.411127
1995-06-26,98.50,99.25,98.00,98.25,8720000,18.966115
1995-06-23,97.50,99.375,97.25,98.625,9846400,19.038505
1995-06-22,97.375,99.125,97.375,97.50,17376800,18.821336
1995-06-21,98.00,98.625,97.125,97.125,14322000,18.748946
1995-06-20,93.875,98.00,93.875,97.75,14275600,18.869596
1995-06-19,93.375,94.625,93.25,93.75,9506800,18.097438
1995-06-16,93.125,93.625,92.625,92.625,10787200,17.880269
1995-06-15,93.625,94.00,93.00,93.00,8771600,17.952659
1995-06-14,91.875,93.375,91.875,93.00,10250000,17.952659
1995-06-13,91.375,92.25,90.875,91.75,11620800,17.71136
1995-06-12,90.50,90.75,89.75,90.25,11982800,17.421801
1995-06-09,89.625,90.25,88.625,89.125,13233600,17.204631
1995-06-08,90.125,90.75,88.375,89.375,13576000,17.252891
1995-06-07,90.75,91.375,89.00,89.875,15786400,17.349411
1995-06-06,92.375,92.75,91.375,91.375,12009600,17.63897
1995-06-05,91.75,93.50,90.00,91.25,23404000,17.61484
1995-06-02,93.625,95.375,93.375,93.875,7966800,18.121568
1995-06-01,93.50,95.00,93.375,94.25,10111600,18.193958
1995-05-31,92.375,93.625,91.875,93.00,11002000,17.952659
1995-05-30,95.625,95.75,91.50,92.625,12600000,17.880269
1995-05-26,96.625,97.50,94.50,95.00,8883200,18.338738
1995-05-25,96.25,97.875,95.875,96.75,11550800,18.676556
1995-05-24,97.50,97.875,94.50,96.125,12646800,18.555907
1995-05-23,95.50,97.625,95.50,97.25,14118400,18.773076
1995-05-22,93.50,95.375,93.50,95.25,8920400,18.386997
1995-05-19,92.25,93.75,92.25,93.375,16259200,18.025049
1995-05-18,94.625,96.125,93.125,93.125,13725600,17.976789
1995-05-17,95.00,95.625,94.75,94.875,9618000,18.314608
1995-05-16,94.25,95.875,94.25,94.625,10934800,18.266348
1995-05-15,94.50,95.375,94.125,95.00,7635200,18.338738
1995-05-12,93.75,95.625,93.75,94.375,10657600,18.218088
1995-05-11,93.50,95.125,93.25,94.25,10339200,18.193958
1995-05-10,93.875,95.00,93.875,93.875,11563600,18.121568
1995-05-09,94.125,94.375,93.375,93.625,11119600,18.073308
1995-05-08,92.75,95.25,92.625,93.75,10813600,18.097438
1995-05-05,94.25,94.625,92.875,93.125,12219200,17.976789
1995-05-04,94.75,96.125,93.25,93.75,17428000,18.097438
1995-05-03,93.00,94.625,93.00,94.25,10689600,18.145697
1995-05-02,91.625,93.375,91.625,92.875,13611200,17.880972
1995-05-01,93.875,94.25,91.75,92.125,13615200,17.736577
1995-04-28,96.00,96.25,94.25,94.625,20002400,18.217895
1995-04-27,94.875,96.875,94.625,96.875,13900400,18.651082
1995-04-26,93.125,95.75,92.875,95.25,14798000,18.338225
1995-04-25,93.125,93.875,92.875,93.625,13385200,18.025368
1995-04-24,91.50,93.875,91.00,93.50,17275600,18.001302
1995-04-21,89.375,92.00,89.125,91.625,23545600,17.640313
1995-04-20,89.625,90.375,88.625,89.00,23990800,17.134929
1995-04-19,87.875,88.25,86.00,87.125,10305600,16.773941
1995-04-18,88.125,88.50,87.125,88.25,7875200,16.990534
1995-04-17,87.00,88.50,86.875,87.875,8758400,16.918336
1995-04-13,86.875,87.375,86.125,86.375,5525600,16.629545
1995-04-12,86.50,87.625,86.125,87.125,7612800,16.773941
1995-04-11,85.875,86.875,85.625,86.75,10324000,16.701743
1995-04-10,84.00,86.00,84.00,86.00,8462400,16.557347
1995-04-07,83.75,85.125,83.50,84.00,9713200,16.172293
1995-04-06,84.375,84.625,83.625,83.875,5946000,16.148227
1995-04-05,82.875,84.125,82.875,84.00,8033200,16.172293
1995-04-04,83.125,83.625,82.50,83.00,6738400,15.979765
1995-04-03,82.25,83.50,82.25,82.875,7576400,15.9557
1995-03-31,82.125,83.50,81.375,82.125,10472000,15.811304
1995-03-30,83.125,83.375,81.75,82.375,11828400,15.859436
1995-03-29,84.25,84.75,82.50,83.00,11885600,15.979765
1995-03-28,84.875,84.875,84.25,84.50,5412000,16.268556
1995-03-27,83.875,85.125,83.875,85.00,8114000,16.36482
1995-03-24,83.625,84.375,83.50,83.625,10318000,16.100095
1995-03-23,81.50,83.375,81.50,83.375,11056400,16.051963
1995-03-22,82.125,82.625,81.25,81.625,9788800,15.71504
1995-03-21,83.50,84.00,82.125,82.25,7956000,15.83537
1995-03-20,82.75,84.00,82.50,83.50,7368800,16.076029
1995-03-17,83.50,83.625,82.625,82.625,11869600,15.907568
1995-03-16,81.75,83.625,81.625,83.50,11382800,16.076029
1995-03-15,81.25,82.25,81.25,81.75,7084800,15.739106
1995-03-14,82.25,82.75,81.50,81.50,9067600,15.690974
1995-03-13,81.50,83.00,81.50,82.00,13964800,15.787238
1995-03-10,80.875,81.625,80.375,81.125,9492400,15.618777
1995-03-09,80.375,81.375,80.375,80.625,12513600,15.522513
1995-03-08,79.75,80.00,78.50,79.75,12133200,15.354052
1995-03-07,80.375,80.875,79.375,79.75,13802400,15.354052
1995-03-06,79.50,81.25,79.50,80.25,20173200,15.450315
1995-03-03,77.125,80.00,77.00,79.875,22256000,15.378118
1995-03-02,75.375,77.375,75.375,77.25,9643200,14.872733
1995-03-01,75.125,76.375,75.125,75.375,8202000,14.511745
1995-02-28,74.00,75.25,74.00,75.25,7198000,14.487679
1995-02-27,74.625,75.375,73.75,74.00,8212800,14.24702
1995-02-24,74.25,75.375,74.25,74.875,6254400,14.415481
1995-02-23,74.75,75.75,74.125,74.25,8826400,14.295152
1995-02-22,74.25,74.50,74.125,74.25,6864000,14.295152
1995-02-21,75.00,75.125,74.125,74.25,6228000,14.295152
1995-02-17,75.75,75.75,74.75,75.00,11672000,14.439547
1995-02-16,75.875,76.25,75.50,75.50,6809600,14.535811
1995-02-15,75.625,75.875,75.125,75.625,6506800,14.559877
1995-02-14,75.00,75.625,74.625,75.625,6785600,14.559877
1995-02-13,75.125,75.375,74.75,74.875,4887200,14.415481
1995-02-10,75.125,75.75,75.00,75.00,6156000,14.439547
1995-02-09,74.25,75.25,74.25,75.00,7896000,14.439547
1995-02-08,74.125,74.875,74.125,74.25,5985600,14.295152
1995-02-07,74.25,74.375,73.875,74.25,5802800,14.295152
1995-02-06,74.375,74.875,74.125,74.375,5408400,14.319218
1995-02-03,74.875,75.25,74.50,74.625,10251200,14.319218
1995-02-02,73.625,74.375,73.50,74.375,5834400,14.271247
1995-02-01,72.375,73.875,72.25,73.625,13168000,14.127335
1995-01-31,72.00,72.875,70.25,72.125,10969600,13.839512
1995-01-30,72.75,73.00,71.50,71.75,5674000,13.767556
1995-01-27,72.75,73.125,70.625,72.50,10868400,13.911468
1995-01-26,72.375,73.375,72.25,72.375,8627200,13.887482
1995-01-25,72.00,73.125,72.00,72.375,15232000,13.887482
1995-01-24,74.125,74.875,73.50,74.00,12706400,14.199291
1995-01-23,74.50,74.50,72.375,74.25,19654800,14.247262
1995-01-20,76.375,76.50,75.00,75.375,13333600,14.463129
1995-01-19,77.125,77.625,76.375,76.50,6855600,14.678997
1995-01-18,77.625,77.875,76.625,77.25,7370400,14.822909
1995-01-17,77.25,78.00,77.125,77.50,6385200,14.870879
1995-01-16,76.375,78.00,76.375,77.50,10864000,14.870879
1995-01-13,76.75,76.875,75.75,76.375,8121200,14.655012
1995-01-12,75.875,76.375,75.50,76.00,9103600,14.583056
1995-01-11,77.00,77.125,75.25,76.00,9801200,14.583056
1995-01-10,76.00,77.25,75.625,76.625,13683200,14.702982
1995-01-09,75.00,75.875,74.875,75.50,6852000,14.487115
1995-01-06,74.25,75.75,74.125,75.125,12162000,14.415159
1995-01-05,74.375,75.25,73.75,74.00,9083600,14.199291
1995-01-04,73.875,74.625,73.25,74.375,7978800,14.271247
1995-01-03,73.50,73.875,73.375,73.75,4671600,14.151321
1994-12-30,74.25,74.50,73.125,73.50,5780800,14.10335
1994-12-29,73.00,74.375,73.00,74.375,7704800,14.271247
1994-12-28,74.375,74.375,72.50,73.00,5422800,14.007409
1994-12-27,74.125,74.50,73.75,74.25,4933200,14.247262
1994-12-23,73.625,74.25,73.25,73.50,3753600,14.10335
1994-12-22,73.625,74.625,73.50,73.50,10648400,14.10335
1994-12-21,71.125,73.625,71.00,73.625,12847600,14.127335
1994-12-20,71.375,71.625,70.75,70.75,6907200,13.575674
1994-12-19,70.50,71.625,70.50,71.625,9688400,13.743571
1994-12-16,70.875,70.875,69.875,70.125,11776000,13.455747
1994-12-15,70.375,71.00,70.125,70.50,7541200,13.527703
1994-12-14,69.50,70.625,69.375,70.25,8176800,13.479732
1994-12-13,70.75,71.00,69.625,69.75,5476400,13.383791
1994-12-12,71.125,71.375,69.625,70.625,8822400,13.551688
1994-12-09,69.625,71.50,69.50,71.50,9892000,13.719585
1994-12-08,71.125,71.50,69.75,70.125,6871600,13.455747
1994-12-07,70.75,71.375,70.625,71.25,5262400,13.671615
1994-12-06,71.25,72.00,71.25,71.625,7715200,13.743571
1994-12-05,71.625,72.375,71.375,71.375,8198400,13.6956
1994-12-02,69.25,71.375,68.875,71.375,7975200,13.6956
1994-12-01,70.625,70.75,69.25,69.50,6638000,13.335821
1994-11-30,71.125,71.25,70.625,70.75,7846400,13.575674
1994-11-29,70.625,71.00,70.25,70.625,5386000,13.551688
1994-11-28,70.875,71.625,70.25,70.625,7978800,13.551688
1994-11-25,70.00,70.875,70.00,70.75,4382800,13.575674
1994-11-23,69.25,70.00,68.00,70.00,18755600,13.431762
1994-11-22,72.75,72.875,69.375,69.75,9564400,13.383791
1994-11-21,73.25,74.125,72.625,72.875,6680400,13.983424
1994-11-18,73.00,73.375,72.75,73.25,12490400,14.055379
1994-11-17,73.25,73.75,72.75,73.125,7262000,14.031394
1994-11-16,73.00,73.125,72.625,72.75,5089200,13.959438
1994-11-15,72.875,73.875,72.50,73.125,6997200,14.031394
1994-11-14,72.75,73.00,72.25,72.875,6049600,13.983424
1994-11-11,72.00,73.00,71.75,72.375,7391600,13.887482
1994-11-10,73.50,73.625,71.625,72.00,10746000,13.815526
1994-11-09,73.75,74.375,73.25,74.00,10468400,14.199291
1994-11-08,71.625,73.50,71.375,73.00,7476000,14.007409
1994-11-07,71.375,72.25,70.75,71.875,9115600,13.791541
1994-11-04,73.375,73.50,71.125,71.125,12971600,13.647629
1994-11-03,74.50,74.625,73.125,73.50,6645200,14.05538
1994-11-02,74.00,75.25,73.75,74.25,10678400,14.198802
1994-11-01,74.375,75.25,73.50,73.875,10000000,14.127091
1994-10-31,75.625,75.625,74.50,74.50,7705600,14.246609
1994-10-28,74.125,76.375,74.125,76.125,10853200,14.557358
1994-10-27,74.50,74.625,73.75,74.125,4998400,14.174898
1994-10-26,74.00,74.50,73.625,74.375,9759200,14.222706
1994-10-25,72.625,74.375,72.625,73.875,11318400,14.127091
1994-10-24,74.625,74.625,72.875,73.00,10460800,13.959765
1994-10-21,74.625,75.375,74.125,74.625,13490000,14.270513
1994-10-20,75.50,76.125,73.875,75.00,20867600,14.342224
1994-10-19,74.00,75.75,73.75,75.375,15736800,14.413935
1994-10-18,73.50,74.50,73.375,74.50,9853600,14.246609
1994-10-17,72.875,73.75,72.75,73.25,6145600,14.007572
1994-10-14,72.50,73.125,71.875,73.125,8163200,13.983669
1994-10-13,73.625,74.125,72.25,72.25,9366400,13.816343
1994-10-12,71.00,73.50,71.00,73.125,12910400,13.983669
1994-10-11,71.75,72.375,71.50,71.625,11230400,13.696824
1994-10-10,71.25,71.875,70.75,71.50,7219600,13.67292
1994-10-07,68.875,71.75,68.75,71.125,17982400,13.601209
1994-10-06,69.00,69.50,68.625,68.75,7236800,13.147039
1994-10-05,68.125,69.125,67.375,69.125,10766000,13.21875
1994-10-04,69.125,69.50,68.25,68.375,6882000,13.075328
1994-10-03,69.375,69.50,68.625,68.875,4666000,13.170943
1994-09-30,69.25,70.125,68.875,69.625,8159200,13.314365
1994-09-29,68.375,69.875,67.75,69.50,9224800,13.290461
1994-09-28,69.125,69.875,68.50,68.50,5200000,13.099231
1994-09-27,68.875,69.375,68.625,69.00,4462800,13.194846
1994-09-26,69.00,69.125,67.75,69.00,7059200,13.194846
1994-09-23,69.375,69.50,68.875,69.125,7043200,13.21875
1994-09-22,69.75,70.25,69.375,69.625,8482000,13.314365
1994-09-21,71.00,71.375,69.375,69.50,14548400,13.290461
1994-09-20,69.875,70.50,69.625,70.25,10980800,13.433883
1994-09-19,70.625,71.25,70.25,70.375,7394000,13.457787
1994-09-16,69.75,71.375,69.50,71.00,20598400,13.577306
1994-09-15,69.50,70.25,69.50,69.75,8228400,13.338269
1994-09-14,69.125,70.125,69.00,69.75,10146000,13.338269
1994-09-13,68.75,69.625,68.625,69.25,11616800,13.242654
1994-09-12,67.50,68.125,67.50,67.875,4823600,12.979713
1994-09-09,66.875,68.00,66.75,67.25,9236800,12.860194
1994-09-08,67.25,68.125,67.25,67.875,5457200,12.979713
1994-09-07,67.50,68.25,67.375,67.50,8123200,12.908002
1994-09-06,67.125,67.625,66.625,67.50,4985200,12.908002
1994-09-02,68.00,68.00,66.75,67.25,5858800,12.860194
1994-09-01,66.875,68.25,66.875,67.875,11114000,12.979713
1994-08-31,69.25,69.50,68.50,68.50,9886800,13.099231
1994-08-30,69.375,69.75,68.875,69.375,7486000,13.266557
1994-08-29,69.75,70.00,69.25,69.375,9257600,13.266557
1994-08-26,69.375,70.125,69.125,70.00,16576400,13.386076
1994-08-25,67.00,69.75,66.875,69.375,21095600,13.266557
1994-08-24,67.375,67.375,66.625,67.375,11196800,12.884098
1994-08-23,67.875,68.25,67.625,67.625,11645200,12.931906
1994-08-22,67.50,68.375,67.25,67.75,11882400,12.955809
1994-08-19,66.375,68.625,66.00,68.125,18653600,13.02752
1994-08-18,65.375,66.875,65.375,66.25,16787200,12.668965
1994-08-17,64.875,65.625,64.375,64.875,11780800,12.406024
1994-08-16,64.50,64.75,63.75,64.625,8140400,12.358217
1994-08-15,63.75,64.50,63.75,64.375,4311200,12.310409
1994-08-12,64.75,65.125,63.75,63.75,8006400,12.190891
1994-08-11,64.00,64.625,63.75,64.625,9782800,12.358217
1994-08-10,64.50,65.00,64.125,64.125,10834400,12.262602
1994-08-09,63.375,64.50,63.25,64.50,12052000,12.334313
1994-08-08,62.75,63.375,62.625,63.25,6706400,12.095276
1994-08-05,62.75,63.125,61.875,62.375,6399600,11.92795
1994-08-04,63.00,63.50,62.75,63.125,8185600,12.071372
1994-08-03,62.375,63.125,62.25,63.00,5416800,11.999661
1994-08-02,63.00,63.375,62.25,62.25,8335200,11.856808
1994-08-01,61.875,63.125,61.50,62.875,7085600,11.975852
1994-07-29,62.625,62.75,61.75,61.875,6775600,11.785382
1994-07-28,62.375,63.00,62.25,62.25,5047200,11.856808
1994-07-27,62.25,62.50,61.875,62.50,5765200,11.904426
1994-07-26,62.50,63.125,62.125,62.375,11587600,11.880617
1994-07-25,61.375,62.375,61.328121,62.25,9368800,11.856808
1994-07-22,62.25,62.50,61.125,61.375,14856800,11.690146
1994-07-21,59.00,62.625,58.00,62.375,35226000,11.880617
1994-07-20,55.75,56.25,54.50,55.875,12757200,10.642557
1994-07-19,56.75,56.875,55.625,55.625,7268800,10.594939
1994-07-18,57.25,57.625,56.625,56.875,6622400,10.833028
1994-07-15,57.75,57.875,56.75,56.875,9913200,10.833028
1994-07-14,57.50,58.50,57.25,58.25,12010800,11.094925
1994-07-13,56.00,56.75,55.875,56.75,9924800,10.809219
1994-07-12,55.75,56.125,54.875,55.875,11974800,10.642557
1994-07-11,56.875,57.125,55.375,55.625,10795600,10.594939
1994-07-08,56.50,57.875,56.50,56.625,9261600,10.78541
1994-07-07,57.375,57.375,56.625,56.75,6871600,10.809219
1994-07-06,56.50,57.00,56.375,57.00,7756400,10.856836
1994-07-05,57.00,57.875,56.25,56.25,11160000,10.713983
1994-07-01,59.00,59.125,56.75,57.00,15272400,10.856836
1994-06-30,60.375,60.50,58.625,58.75,10934000,11.19016
1994-06-29,60.875,61.50,60.125,60.375,9084400,11.499675
1994-06-28,61.50,61.875,60.00,61.125,6945600,11.642529
1994-06-27,59.00,61.625,58.125,61.50,15504000,11.713955
1994-06-24,60.75,61.00,59.50,59.875,9061200,11.40444
1994-06-23,61.875,62.25,60.875,60.875,4617200,11.594911
1994-06-22,61.375,62.125,61.125,62.00,5308000,11.809191
1994-06-21,61.75,62.125,60.375,61.00,9909200,11.61872
1994-06-20,61.875,62.25,61.625,61.625,6236800,11.737764
1994-06-17,62.625,63.125,62.25,62.375,12136400,11.880617
1994-06-16,63.25,63.50,62.875,62.875,5730400,11.975852
1994-06-15,64.50,64.75,63.50,63.75,7157200,12.142514
1994-06-14,63.875,65.00,63.875,65.00,11114400,12.380603
1994-06-13,62.375,64.125,62.25,63.75,8658000,12.142514
1994-06-10,62.25,62.875,62.25,62.625,5299600,11.928235
1994-06-09,61.50,62.125,61.50,62.00,4350800,11.809191
1994-06-08,62.875,63.00,61.50,61.625,6606000,11.737764
1994-06-07,62.75,63.25,62.625,62.625,5596400,11.928235
1994-06-06,61.25,63.50,61.125,62.625,9376800,11.928235
1994-06-03,61.75,61.875,60.75,61.00,9525600,11.61872
1994-06-02,63.375,63.50,61.875,62.00,9921600,11.809191
1994-06-01,63.00,63.625,62.50,63.50,6758400,12.094897
1994-05-31,63.50,63.75,62.75,63.00,6016400,11.999661
1994-05-27,63.875,64.125,63.625,63.625,5446400,12.118706
1994-05-26,63.25,64.125,62.50,64.00,9180000,12.190132
1994-05-25,63.00,64.125,62.50,63.625,14713600,12.118706
1994-05-24,62.00,63.375,61.875,63.125,11203200,12.02347
1994-05-23,62.125,62.50,61.375,61.75,8296400,11.761573
1994-05-20,61.375,62.375,61.00,62.125,14960400,11.832999
1994-05-19,60.875,62.125,60.50,61.375,15087600,11.690146
1994-05-18,61.625,61.875,60.50,60.75,19178400,11.571102
1994-05-17,58.625,61.50,58.625,61.25,21587600,11.666337
1994-05-16,57.625,58.625,57.375,58.50,6392400,11.142543
1994-05-13,57.50,57.875,57.25,57.50,4402000,10.952072
1994-05-12,57.625,57.75,57.00,57.25,3690400,10.904454
1994-05-11,58.00,58.25,57.00,57.25,6186800,10.904454
1994-05-10,57.625,58.25,57.375,58.00,7942400,11.047307
1994-05-09,56.50,57.875,56.50,57.00,7520000,10.856836
1994-05-06,56.50,57.125,56.25,56.50,7917200,10.761601
1994-05-05,57.375,57.50,56.875,57.125,4164400,10.880645
1994-05-04,58.25,58.25,57.50,57.75,6001200,10.952071
1994-05-03,58.125,58.625,57.875,58.375,5506400,11.0706
1994-05-02,57.50,58.375,56.875,58.00,6434000,10.999483
1994-04-29,57.375,57.875,56.875,57.50,7634400,10.90466
1994-04-28,57.875,58.25,56.75,57.125,9190000,10.833543
1994-04-26,58.875,59.25,58.50,58.50,8868800,11.094306
1994-04-25,58.50,59.25,58.25,59.25,12249200,11.236541
1994-04-22,58.375,59.50,58.00,58.75,22642000,11.141718
1994-04-21,55.00,58.625,54.00,58.375,35032400,11.0706
1994-04-20,53.25,53.50,51.75,52.25,8830800,9.909017
1994-04-19,53.50,53.75,51.375,53.375,8376000,10.122369
1994-04-18,52.875,54.125,52.75,53.375,12480000,10.122369
1994-04-15,53.875,54.50,52.625,53.00,10556000,10.051252
1994-04-14,52.50,53.875,52.50,53.875,10512000,10.217192
1994-04-13,52.875,53.375,51.875,52.375,13984400,9.932723
1994-04-12,53.75,53.875,52.50,52.875,7552800,10.027546
1994-04-11,52.625,53.375,52.25,53.00,5209200,10.051252
1994-04-08,52.875,53.125,52.375,52.50,5236400,9.956429
1994-04-07,53.25,53.25,52.25,53.125,7099600,10.074958
1994-04-06,53.50,53.546879,52.75,53.125,7720000,10.074958
1994-04-05,53.50,54.125,53.00,53.375,9356400,10.122369
1994-04-04,53.00,53.50,52.25,53.00,11060000,10.051252
1994-03-31,54.00,54.625,52.00,54.625,13841600,10.359427
1994-03-30,52.50,55.00,52.50,53.50,16530000,10.146075
1994-03-29,53.625,54.375,52.50,52.625,12658800,9.980134
1994-03-28,54.375,54.625,52.50,53.625,13426000,10.169781
1994-03-25,56.50,56.50,53.625,54.00,11934000,10.240898
1994-03-24,56.875,57.125,56.00,56.375,8163600,10.691308
1994-03-23,57.00,57.875,56.625,57.25,10651600,10.857248
1994-03-22,58.00,58.625,57.75,58.25,7397200,11.046895
1994-03-21,56.875,58.875,56.75,58.625,10804000,11.118012
1994-03-18,57.875,58.25,56.75,57.125,13024800,10.833543
1994-03-17,58.25,58.25,57.50,57.875,7576400,10.975777
1994-03-16,57.625,58.25,57.125,58.25,7533600,11.046895
1994-03-15,57.75,58.375,57.375,57.375,9810000,10.880954
1994-03-14,56.125,57.875,55.875,57.50,11664000,10.90466
1994-03-11,56.125,56.25,55.25,55.875,6753200,10.596485
1994-03-10,55.50,56.25,55.125,56.00,12110000,10.620191
1994-03-09,55.00,55.75,54.75,55.375,14960400,10.501662
1994-03-08,52.125,54.875,51.375,54.75,18578000,10.383133
1994-03-07,53.00,53.00,52.125,52.25,7134800,9.909017
1994-03-04,53.25,53.25,52.375,52.625,6886800,9.980134
1994-03-03,52.875,53.375,52.625,52.625,6466000,9.980134
1994-03-02,52.75,53.50,52.125,53.00,10888400,10.051252
1994-03-01,52.875,53.875,52.50,53.625,8139600,10.169781
1994-02-28,53.125,53.25,52.625,52.875,3842800,10.027546
1994-02-25,53.375,53.375,52.625,52.875,4246800,10.027546
1994-02-24,53.25,53.375,52.625,52.875,6611600,10.027546
1994-02-23,53.75,54.25,53.25,53.50,4780800,10.146075
1994-02-22,52.625,53.875,52.625,53.625,5107600,10.169781
1994-02-18,52.625,52.875,52.125,52.625,10714800,9.980134
1994-02-17,54.875,55.00,52.50,52.75,9160800,10.00384
1994-02-16,55.25,55.25,54.50,54.625,5982800,10.359427
1994-02-15,54.375,54.625,54.00,54.50,6909600,10.335721
1994-02-14,53.375,54.625,53.375,54.00,7494800,10.240898
1994-02-11,52.50,53.375,52.00,53.25,7942000,10.098663
1994-02-10,53.375,53.625,52.75,52.875,6262400,10.027546
1994-02-09,53.875,54.25,53.125,53.125,7916400,10.074958
1994-02-08,54.75,54.75,53.375,53.625,8035200,10.169781
1994-02-07,52.375,54.625,52.25,54.25,16475200,10.28831
1994-02-04,55.50,55.625,52.00,52.00,14239600,9.861605
1994-02-03,56.25,56.875,55.75,55.75,7055200,10.525368
1994-02-02,56.50,56.50,55.50,56.375,8612800,10.643365
1994-02-01,56.875,57.375,56.50,56.50,7433600,10.666965
1994-01-31,57.875,57.875,56.50,56.50,8369600,10.666965
1994-01-28,58.125,58.125,57.50,57.75,6175600,10.902959
1994-01-27,56.625,57.50,56.50,57.125,8860800,10.784962
1994-01-26,58.75,58.75,56.00,56.375,16358400,10.643365
1994-01-25,58.875,59.375,55.375,58.25,40618000,10.997357
1994-01-24,55.75,58.75,55.75,58.625,16877200,11.068156
1994-01-21,55.125,55.625,54.75,55.25,12706400,10.43097
1994-01-20,55.875,55.875,55.125,55.25,9114000,10.43097
1994-01-19,56.75,57.00,55.75,56.00,7838000,10.572567
1994-01-18,57.375,57.375,56.375,57.125,9023600,10.784962
1994-01-17,58.50,58.50,57.125,57.50,6112400,10.85576
1994-01-14,58.75,59.50,58.375,58.625,6344000,11.068156
1994-01-13,58.25,59.00,58.25,58.75,7216800,11.091755
1994-01-12,58.75,58.875,58.125,58.125,6012400,10.973758
1994-01-11,59.125,59.375,58.50,58.625,6762400,11.068156
1994-01-10,58.875,59.50,58.50,59.25,6940000,11.186153
1994-01-07,58.50,59.375,58.00,58.875,5834400,11.115355
1994-01-06,60.00,60.00,58.50,58.50,9519200,11.044556
1994-01-05,59.00,59.875,58.50,59.50,10280000,11.233352
1994-01-04,58.125,59.125,58.00,59.00,7387200,11.138954
1994-01-03,56.875,57.75,56.875,57.625,5723200,10.87936
1993-12-31,56.625,57.375,56.375,56.50,7675600,10.666965
1993-12-30,58.00,58.375,56.875,57.00,6651200,10.761363
1993-12-29,58.50,58.75,58.125,58.125,4323600,10.973758
1993-12-28,58.875,59.375,58.25,58.375,5109600,11.020957
1993-12-27,58.625,59.25,58.00,59.125,5646800,11.162554
1993-12-23,59.25,59.375,58.50,58.625,5293200,11.068156
1993-12-22,58.75,59.25,58.50,59.25,6121200,11.186153
1993-12-21,58.25,59.125,58.125,58.625,9089200,11.068156
1993-12-20,59.25,59.375,58.25,58.375,11342000,11.020957
1993-12-17,57.75,59.875,57.75,59.75,23063200,11.280551
1993-12-16,57.25,57.625,57.125,57.50,11811200,10.85576
1993-12-15,56.125,57.625,55.625,56.875,9145200,10.737763
1993-12-14,57.25,57.375,56.00,56.125,9742000,10.596166
1993-12-13,55.875,57.75,55.375,57.375,19524400,10.832161
1993-12-10,54.00,55.50,53.875,55.25,15429600,10.43097
1993-12-09,53.875,54.125,53.25,53.625,5664000,10.124177
1993-12-08,53.875,54.125,53.375,53.875,4004000,10.171376
1993-12-07,54.125,54.25,53.25,53.75,6203600,10.147776
1993-12-06,53.00,54.375,52.75,53.75,7026800,10.147776
1993-12-03,54.00,54.00,53.125,53.50,7038800,10.100577
1993-12-02,53.25,54.125,53.25,53.75,7463200,10.147776
1993-12-01,54.75,54.75,53.125,53.125,9541200,10.029779
1993-11-30,54.50,55.125,53.75,53.875,7907200,10.171376
1993-11-29,56.00,56.125,54.375,54.375,9951600,10.265774
1993-11-26,55.50,56.00,55.125,55.75,4844000,10.525368
1993-11-24,54.00,55.25,53.75,55.125,16736000,10.40737
1993-11-23,52.375,53.25,51.875,53.125,8268800,10.029779
1993-11-22,51.875,52.50,51.625,52.00,10381200,9.817383
1993-11-19,52.25,52.625,51.50,51.875,9326800,9.793784
1993-11-18,52.25,53.125,52.125,52.75,9740400,9.95898
1993-11-17,53.50,54.25,51.875,51.875,17522800,9.793784
1993-11-16,51.125,53.00,50.75,52.75,13556800,9.95898
1993-11-15,51.625,51.625,50.875,51.00,5813600,9.628588
1993-11-12,52.25,52.50,51.50,51.625,12788800,9.746585
1993-11-11,50.25,52.375,50.125,52.00,14733600,9.817383
1993-11-10,49.50,50.125,49.00,49.875,8226800,9.416192
1993-11-09,50.50,50.625,49.00,49.125,10071200,9.274595
1993-11-08,50.25,50.75,50.00,50.25,7523600,9.486991
1993-11-05,49.75,50.125,49.375,49.875,13198400,9.416192
1993-11-04,50.25,50.50,49.375,49.75,12093200,9.392593
1993-11-03,51.00,51.125,50.125,50.75,20897600,9.534189
1993-11-02,49.00,51.125,48.50,50.875,40832400,9.557672
1993-11-01,46.00,48.00,45.75,47.75,15852400,8.970592
1993-10-29,46.00,46.625,45.875,46.00,7646400,8.641827
1993-10-28,45.75,46.375,45.625,45.75,10650000,8.59486
1993-10-27,46.375,46.625,45.75,46.00,17541200,8.641827
1993-10-26,45.75,46.25,44.375,46.25,17407600,8.688793
1993-10-25,43.875,45.00,43.75,44.875,8868800,8.430477
1993-10-22,45.375,45.75,44.375,44.50,10876800,8.360028
1993-10-21,43.625,45.25,43.50,45.00,9912400,8.453961
1993-10-20,43.375,43.625,42.875,43.625,5213200,8.195645
1993-10-19,44.00,44.625,42.875,43.375,7807600,8.148679
1993-10-18,44.50,45.125,43.875,44.00,8272800,8.266095
1993-10-15,43.00,44.875,42.875,44.50,12885600,8.360028
1993-10-14,43.125,43.25,42.50,42.625,6714000,8.007779
1993-10-13,43.50,43.875,43.125,43.125,4418400,8.101712
1993-10-12,44.125,44.375,43.75,43.75,5351600,8.219128
1993-10-11,44.25,44.375,43.875,44.125,2139600,8.289578
1993-10-08,44.375,44.375,43.375,44.25,6428400,8.313061
1993-10-07,44.00,44.125,43.625,44.00,4183600,8.266095
1993-10-06,43.50,44.375,43.25,44.00,6570000,8.266095
1993-10-05,44.375,44.50,43.25,43.75,6256800,8.219128
1993-10-04,44.25,44.75,43.75,44.25,9658000,8.313061
1993-10-01,42.125,43.875,42.125,43.875,13348400,8.242612
1993-09-30,41.625,42.125,41.375,42.00,5857600,7.890363
1993-09-29,41.75,42.125,41.25,41.625,8784800,7.819914
1993-09-28,41.75,42.625,41.625,41.75,9495600,7.843397
1993-09-27,41.75,41.875,41.50,41.75,6416800,7.843397
1993-09-24,41.875,42.00,41.50,41.75,5220800,7.843397
1993-09-23,42.00,42.375,41.75,41.875,7690000,7.86688
1993-09-22,42.25,42.50,41.625,41.875,6836400,7.86688
1993-09-21,42.50,42.625,41.875,42.125,7419200,7.913847
1993-09-20,43.25,43.375,42.25,42.25,5320000,7.93733
1993-09-17,43.25,43.375,42.75,43.375,12769200,8.148679
1993-09-16,43.50,44.00,43.375,43.50,3154000,8.172162
1993-09-15,43.50,43.875,43.25,43.625,7725200,8.195645
1993-09-14,43.875,43.875,43.375,43.50,4358400,8.172162
1993-09-13,43.875,44.375,43.50,43.875,5436400,8.242612
1993-09-10,44.625,44.625,43.50,43.75,8658800,8.219128
1993-09-09,44.25,44.625,44.125,44.375,7043200,8.336545
1993-09-08,45.25,45.375,43.75,44.375,9416000,8.336545
1993-09-07,46.125,46.25,45.25,45.50,5301600,8.547894
1993-09-03,46.25,46.375,45.625,45.75,4112000,8.59486
1993-09-02,46.00,46.375,45.75,46.00,4744400,8.641827
1993-09-01,45.75,46.375,45.625,45.875,7955600,8.618343
1993-08-31,44.75,45.875,44.75,45.75,9854400,8.59486
1993-08-30,44.125,44.75,44.125,44.625,6230400,8.383511
1993-08-27,43.875,44.125,43.625,44.125,3897600,8.289578
1993-08-26,44.125,44.75,43.625,44.00,7414400,8.266095
1993-08-25,44.00,44.125,43.50,44.00,5284800,8.266095
1993-08-24,44.50,44.625,43.625,43.875,6091200,8.242612
1993-08-23,43.125,44.75,43.00,44.375,10530000,8.336545
1993-08-20,43.00,43.25,42.625,43.125,6784400,8.101712
1993-08-19,43.125,43.25,42.75,43.00,6257200,8.078229
1993-08-18,43.375,43.50,42.375,42.75,7818000,8.031263
1993-08-17,41.00,43.00,41.00,43.00,8076000,8.078229
1993-08-16,41.625,41.75,40.625,41.00,7701600,7.702498
1993-08-13,42.00,42.00,41.50,41.625,4456400,7.819914
1993-08-12,42.50,42.50,41.25,41.75,8331600,7.843397
1993-08-11,43.50,43.50,42.00,42.25,7021200,7.93733
1993-08-10,43.125,43.375,42.875,43.25,4474800,8.125196
1993-08-09,43.375,43.75,42.875,43.125,5374800,8.101712
1993-08-06,43.625,43.75,43.125,43.375,4482400,8.148679
1993-08-05,44.125,44.75,43.50,43.75,4940000,8.219128
1993-08-04,43.375,44.375,43.25,44.375,5329200,8.289578
1993-08-03,44.00,44.125,43.125,43.375,5010800,8.102771
1993-08-02,44.375,44.75,43.875,43.875,5352400,8.196174
1993-07-30,43.625,44.50,43.625,44.50,7520400,8.312929
1993-07-29,44.00,44.50,43.375,43.875,10139600,8.196174
1993-07-28,46.00,46.375,43.875,44.00,16866800,8.219525
1993-07-27,44.875,45.875,44.50,45.625,25041200,8.523087
1993-07-26,41.875,43.00,41.125,42.375,15691200,7.915963
1993-07-23,43.625,43.625,42.00,42.25,9976800,7.892612
1993-07-22,43.75,44.75,43.00,43.375,10291200,8.102771
1993-07-21,43.125,43.875,43.00,43.625,7702800,8.149473
1993-07-20,43.625,43.75,41.625,42.875,18353200,8.009367
1993-07-19,45.625,46.00,43.375,43.625,17930000,8.149473
1993-07-16,47.50,47.50,45.50,45.625,10565600,8.523087
1993-07-15,47.375,47.875,47.125,47.50,4530400,8.873351
1993-07-14,47.50,47.875,47.125,47.375,3708800,8.85
1993-07-13,48.125,48.50,47.25,47.625,4321600,8.896702
1993-07-12,46.875,48.25,46.75,48.125,5034400,8.990106
1993-07-09,46.75,47.00,46.375,46.625,4714400,8.709895
1993-07-08,46.875,47.625,46.375,46.625,7257600,8.709895
1993-07-07,46.875,47.00,46.375,46.625,5914400,8.709895
1993-07-06,48.00,48.125,46.875,46.875,7310000,8.756597
1993-07-02,48.50,48.625,47.75,48.25,9738000,9.013457
1993-07-01,49.625,49.75,49.125,49.25,3581200,9.200264
1993-06-30,49.50,49.875,49.125,49.375,3945200,9.223615
1993-06-29,50.375,50.50,48.75,49.375,5751200,9.223615
1993-06-28,49.875,50.75,49.75,50.375,5594000,9.410422
1993-06-25,49.00,49.75,49.00,49.75,5505200,9.293668
1993-06-24,48.625,49.125,48.625,48.75,4414400,9.10686
1993-06-23,49.25,49.375,48.50,48.625,6006000,9.08351
1993-06-22,49.125,49.625,49.125,49.25,4279200,9.200264
1993-06-21,50.125,50.125,49.00,49.25,4964800,9.200264
1993-06-18,49.625,49.625,48.875,49.375,8301200,9.223615
1993-06-17,50.125,50.25,49.375,49.625,5211600,9.270317
1993-06-16,49.50,50.375,48.875,50.375,10532800,9.410422
1993-06-15,51.875,51.875,49.75,49.875,12107200,9.317019
1993-06-14,52.25,52.50,51.875,52.00,4698800,9.713984
1993-06-11,52.875,53.00,52.375,52.50,5361200,9.807388
1993-06-10,52.75,52.75,51.50,52.50,6020800,9.807388
1993-06-09,53.00,53.375,52.625,52.875,4872800,9.877441
1993-06-08,52.25,52.50,51.625,52.25,5859600,9.760686
1993-06-07,54.00,54.00,52.25,52.25,6763200,9.760686
1993-06-04,54.00,54.375,53.625,54.00,7514800,10.087599
1993-06-03,54.00,54.375,53.50,53.875,10491600,10.064248
1993-06-02,51.75,54.00,51.75,53.875,9932000,10.064248
1993-06-01,53.25,53.375,51.875,52.00,7794800,9.713984
1993-05-28,53.125,53.125,52.00,52.75,9063200,9.85409
1993-05-27,53.25,54.00,52.875,53.25,16064800,9.947494
1993-05-26,50.50,52.75,50.50,52.75,16225600,9.85409
1993-05-25,49.875,50.875,49.875,50.375,11763200,9.410422
1993-05-24,48.625,49.875,48.50,49.75,7100000,9.293668
1993-05-21,48.75,49.25,48.25,48.375,6181200,9.036808
1993-05-20,49.375,49.50,48.75,49.25,5651200,9.200264
1993-05-19,49.125,50.125,48.375,49.625,12068000,9.270317
1993-05-18,47.75,49.00,47.75,49.00,10647600,9.153562
1993-05-17,47.875,48.25,47.50,47.625,3378400,8.896702
1993-05-14,47.50,48.125,47.375,47.875,4853600,8.943404
1993-05-13,47.50,47.75,47.125,47.50,5244800,8.873351
1993-05-12,48.25,48.625,47.875,48.00,5244000,8.966755
1993-05-11,48.875,48.875,48.375,48.875,4504400,9.130211
1993-05-10,48.875,49.125,48.375,48.875,6844400,9.130211
1993-05-07,48.125,48.625,47.75,48.625,5647600,9.08351
1993-05-06,48.50,48.625,48.00,48.25,4608000,9.013457
1993-05-05,49.00,49.50,48.875,49.375,5412000,9.122739
1993-05-04,49.625,49.875,49.25,49.25,5492800,9.099644
1993-05-03,49.125,49.375,48.50,49.25,5288400,9.099644
1993-04-30,48.875,49.375,48.625,48.625,5326400,8.984166
1993-04-29,49.875,50.125,48.375,48.875,6292400,9.030357
1993-04-28,48.75,50.75,48.625,49.875,12906400,9.215121
1993-04-27,48.375,48.75,47.875,48.375,5892000,8.937975
1993-04-26,48.125,49.25,47.875,48.375,8000800,8.937975
1993-04-23,48.125,48.375,47.375,47.75,8626400,8.822497
1993-04-22,48.875,49.00,48.125,48.50,8602400,8.961071
1993-04-21,50.00,50.25,49.125,49.125,8731200,9.076548
1993-04-20,49.875,50.625,48.75,50.625,11799200,9.353695
1993-04-19,50.25,50.625,48.875,49.25,6998000,9.099644
1993-04-16,49.00,49.125,48.50,49.00,8439600,9.053453
1993-04-15,49.00,49.25,48.50,48.75,6251600,9.007262
1993-04-14,49.125,49.625,48.50,49.00,11047600,9.053453
1993-04-13,51.00,51.125,49.25,49.375,9255600,9.122739
1993-04-12,50.75,51.875,50.625,51.00,5597200,9.422981
1993-04-08,52.25,52.375,50.25,50.25,4822400,9.284408
1993-04-07,51.25,52.25,50.875,52.25,4946800,9.653937
1993-04-06,52.625,52.625,51.75,52.00,5642000,9.607746
1993-04-05,52.625,53.00,51.625,52.625,6808400,9.723223
1993-04-02,52.00,53.125,51.75,52.625,11237200,9.723223
1993-04-01,51.50,52.125,51.375,51.875,7670400,9.58465
1993-03-31,50.25,51.50,50.125,50.875,10373200,9.399886
1993-03-30,52.00,52.00,49.875,50.00,10202000,9.238217
1993-03-29,52.00,52.75,51.625,51.75,8231200,9.561555
1993-03-26,50.625,51.625,50.625,51.375,9603600,9.492268
1993-03-25,50.75,50.875,50.125,50.50,11220400,9.330599
1993-03-24,53.375,53.75,50.875,51.125,14302400,9.446077
1993-03-23,53.375,54.25,52.875,54.25,6629200,10.023465
1993-03-22,53.50,53.75,52.75,53.625,6731200,9.907988
1993-03-19,54.50,54.50,53.625,53.75,8929200,9.931083
1993-03-18,54.625,54.75,54.25,54.625,5583600,10.092752
1993-03-17,55.00,55.625,54.125,54.50,5487200,10.069657
1993-03-16,55.125,55.375,54.875,55.125,4576800,10.185134
1993-03-15,56.125,56.25,55.00,55.00,4830000,10.162039
1993-03-12,54.00,55.75,53.625,55.625,9710800,10.277516
1993-03-11,55.875,55.875,54.75,54.875,9042400,10.138943
1993-03-10,56.875,57.125,55.00,55.875,14489600,10.323708
1993-03-09,56.125,56.75,56.00,56.625,9726000,10.462281
1993-03-08,55.50,56.25,55.25,56.125,13425600,10.369899
1993-03-05,55.375,55.875,54.75,55.25,10661200,10.20823
1993-03-04,55.25,55.25,54.50,54.875,6880800,10.138943
1993-03-03,54.375,55.50,53.625,55.25,10871600,10.20823
1993-03-02,54.625,54.625,53.75,54.25,7140800,10.023465
1993-03-01,54.75,55.375,54.50,54.75,10496800,10.115848
1993-02-26,54.00,54.875,53.375,54.375,12123200,10.046561
1993-02-25,51.75,53.875,51.625,53.75,10568400,9.931083
1993-02-24,51.125,52.00,51.00,51.875,7446000,9.58465
1993-02-23,51.50,51.75,50.75,51.125,6755600,9.446077
1993-02-22,50.50,51.375,50.50,51.25,7544800,9.469172
1993-02-19,50.625,50.75,50.00,50.50,7657600,9.330599
1993-02-18,51.00,51.25,49.75,50.50,8332400,9.330599
1993-02-17,50.25,50.75,49.75,50.50,8032000,9.330599
1993-02-16,50.50,50.875,48.75,50.00,11937600,9.238217
1993-02-12,51.125,51.625,50.50,50.75,6433200,9.37679
1993-02-11,51.875,51.875,50.50,51.125,12374400,9.446077
1993-02-10,53.625,53.875,51.625,52.25,14409600,9.653937
1993-02-09,53.00,54.50,52.875,53.375,14322800,9.861797
1993-02-08,52.25,53.125,52.125,52.875,10330000,9.769415
1993-02-05,51.75,52.625,51.625,52.00,12586000,9.607746
1993-02-04,51.00,51.875,50.75,51.375,9488400,9.492268
1993-02-03,52.50,52.75,50.875,51.125,12790400,9.346304
1993-02-02,52.25,53.00,52.00,52.125,10541600,9.529117
1993-02-01,52.00,52.625,52.00,52.625,12158000,9.620523
1993-01-29,51.00,51.625,50.875,51.50,11926000,9.414859
1993-01-28,50.00,50.875,49.75,50.25,12382800,9.186343
1993-01-27,49.125,50.00,48.25,49.625,13230800,9.072085
1993-01-26,52.875,53.25,48.75,49.00,31217600,8.957827
1993-01-25,48.75,49.25,47.50,48.875,12218000,8.934975
1993-01-22,46.50,48.75,46.50,48.625,13682000,8.889272
1993-01-21,47.00,47.00,45.875,46.375,14555600,8.477943
1993-01-20,48.25,48.25,46.625,46.875,13433200,8.56935
1993-01-19,50.25,50.875,47.25,48.375,20156800,8.843569
1993-01-18,48.875,50.125,48.625,49.50,11902000,9.049233
1993-01-15,48.25,49.00,47.75,48.25,13492800,8.820717
1993-01-14,48.375,49.50,47.75,48.75,17147200,8.912124
1993-01-13,49.00,49.00,47.50,47.75,12833200,8.729311
1993-01-12,48.00,49.875,47.75,48.75,19464400,8.912124
1993-01-11,46.75,48.375,46.75,47.75,15498800,8.729311
1993-01-08,46.75,46.875,45.875,46.50,15790800,8.500795
1993-01-07,48.00,48.625,46.625,47.00,14734800,8.592201
1993-01-06,48.875,49.125,47.125,48.00,19358400,8.775014
1993-01-05,50.00,50.00,48.50,48.875,13935200,8.934975
1993-01-04,51.75,51.875,50.00,50.125,14225600,9.163491
1992-12-31,50.125,51.25,50.00,50.375,16729600,9.209195
1992-12-30,50.375,50.875,49.75,50.125,15928400,9.163491
1992-12-29,50.125,51.125,49.25,49.75,20006000,9.094937
1992-12-28,52.875,53.00,51.125,51.75,11082400,9.460562
1992-12-24,51.375,53.00,51.25,52.75,7149200,9.643375
1992-12-23,51.625,52.625,51.00,51.25,16744800,9.369156
1992-12-22,50.00,52.00,49.00,51.75,24462800,9.460562
1992-12-21,51.25,51.625,48.75,48.875,29538000,8.934975
1992-12-18,53.125,53.25,50.25,51.375,30629600,9.392007
1992-12-17,52.125,53.375,51.25,53.00,32101600,9.689078
1992-12-16,53.625,55.00,50.75,51.875,53685200,9.483414
1992-12-15,59.875,59.875,56.00,56.125,48774000,10.260368
1992-12-14,62.375,63.375,62.375,62.875,10167200,11.494354
1992-12-11,61.75,62.875,61.625,62.375,7787200,11.402948
1992-12-10,61.625,62.375,61.375,61.75,12756000,11.28869
1992-12-09,64.00,64.25,61.50,62.625,14416400,11.448651
1992-12-08,65.50,65.75,64.375,65.375,8853600,11.951386
1992-12-07,67.25,67.375,65.75,65.875,6673600,12.042793
1992-12-04,67.375,67.625,66.625,67.00,5785600,12.248457
1992-12-03,67.875,68.00,66.75,67.25,5785600,12.29416
1992-12-02,67.75,68.25,67.625,67.875,5331600,12.408418
1992-12-01,68.375,68.875,67.50,67.75,8359200,12.385567
1992-11-30,67.875,68.625,67.50,68.25,12956000,12.476973
1992-11-27,65.875,66.25,65.25,66.00,4918000,12.065644
1992-11-25,65.375,66.00,65.125,65.375,7154800,11.951386
1992-11-24,63.75,65.50,63.50,64.875,11388400,11.85998
1992-11-23,62.375,63.875,62.25,63.25,8880800,11.562909
1992-11-20,61.375,62.625,60.875,62.25,14860800,11.380096
1992-11-19,63.00,63.875,61.00,61.25,13230400,11.197284
1992-11-18,64.125,64.375,62.75,63.125,10828400,11.540058
1992-11-17,64.875,65.00,64.00,64.25,8082800,11.745722
1992-11-16,64.75,65.50,64.625,64.875,7060400,11.85998
1992-11-13,64.875,65.125,64.00,64.875,7405200,11.85998
1992-11-12,65.125,65.375,64.125,64.125,12532000,11.72287
1992-11-11,65.625,65.75,64.50,65.00,12580400,11.882832
1992-11-10,67.625,68.00,65.875,65.875,8748400,12.042793
1992-11-09,66.25,67.625,66.25,67.50,8865600,12.339864
1992-11-06,65.375,66.50,65.00,66.25,10569200,12.111348
1992-11-05,67.125,67.25,65.625,65.875,8544800,12.042793
1992-11-04,69.00,69.625,68.125,68.25,8319200,12.25577
1992-11-03,68.50,69.875,68.50,69.125,9500800,12.412895
1992-11-02,67.00,69.00,67.00,68.875,9288400,12.368002
1992-10-30,66.00,67.375,66.00,66.875,9178000,12.008859
1992-10-29,67.375,67.625,65.625,66.00,10283200,11.851733
1992-10-28,65.75,67.125,65.625,67.125,11386000,12.053752
1992-10-27,67.125,67.25,65.00,65.75,18146800,11.80684
1992-10-26,68.50,68.75,67.50,67.50,10102800,12.121091
1992-10-23,68.50,69.375,68.375,69.125,8948400,12.412895
1992-10-22,68.75,69.00,68.00,68.50,9732400,12.300663
1992-10-21,68.625,69.125,68.25,68.50,11067600,12.300663
1992-10-20,69.25,69.625,67.75,68.375,13419600,12.278216
1992-10-19,70.125,70.25,68.50,68.50,15607200,12.300663
1992-10-16,72.875,72.875,68.875,70.75,30614000,12.704699
1992-10-15,73.25,74.125,72.00,72.875,33316000,13.086289
1992-10-14,78.375,78.875,76.75,78.00,7798800,14.006594
1992-10-13,78.75,80.00,78.375,78.75,5924000,14.141273
1992-10-12,78.625,79.00,78.375,78.50,3519600,14.09638
1992-10-09,79.375,79.875,78.25,78.50,5417600,14.09638
1992-10-08,78.875,79.50,78.50,79.375,4831200,14.253505
1992-10-07,79.875,80.00,78.00,78.375,5016800,14.073933
1992-10-06,79.125,80.375,78.625,79.75,7226400,14.320845
1992-10-05,78.125,78.875,75.50,78.875,15406400,14.163719
1992-10-02,80.25,80.50,78.25,78.50,13153200,14.09638
1992-10-01,81.00,81.125,80.00,80.125,8548800,14.388184
1992-09-30,80.375,81.375,80.00,80.75,12027200,14.500416
1992-09-29,82.25,82.75,81.00,81.00,8558800,14.545309
1992-09-28,82.00,82.875,82.00,82.75,4589200,14.85956
1992-09-25,82.50,83.125,82.00,82.25,6580400,14.769774
1992-09-24,83.75,83.75,82.25,82.50,6388800,14.814667
1992-09-23,83.375,83.75,83.25,83.625,4450000,15.016685
1992-09-22,84.375,84.625,83.125,83.25,6032800,14.949346
1992-09-21,83.875,84.50,83.875,84.375,5025200,15.151364
1992-09-18,83.375,84.00,83.25,83.50,9266400,14.994238
1992-09-17,83.25,83.75,82.75,83.75,9558400,15.039131
1992-09-16,84.00,84.50,82.50,83.125,19267600,14.926899
1992-09-15,87.00,87.00,85.375,85.50,7314800,15.353382
1992-09-14,88.625,88.75,88.125,88.375,5339200,15.869651
1992-09-11,87.25,88.25,87.125,88.00,4110400,15.802311
1992-09-10,87.00,87.50,86.625,87.50,4386800,15.712525
1992-09-09,86.25,86.875,86.25,86.875,3424400,15.600293
1992-09-08,85.875,86.375,85.875,86.125,3048800,15.465614
1992-09-04,86.25,86.625,85.875,86.00,3150800,15.443168
1992-09-03,87.75,87.75,86.625,86.625,4713600,15.5554
1992-09-02,87.50,87.625,86.75,87.50,3192800,15.712525
1992-09-01,86.625,87.625,86.50,87.625,3857600,15.734972
1992-08-31,87.50,87.50,86.50,86.625,3956000,15.5554
1992-08-28,87.375,87.375,86.625,87.25,3150800,15.667632
1992-08-27,86.75,87.375,86.375,87.375,4705200,15.690079
1992-08-26,87.00,87.125,86.25,86.375,3236400,15.510507
1992-08-25,85.375,87.125,85.25,87.125,7609600,15.645186
1992-08-24,85.625,86.25,85.00,85.125,5701600,15.286042
1992-08-21,86.375,86.50,85.75,86.00,7381200,15.443168
1992-08-20,86.625,86.875,85.50,85.875,5785200,15.420721
1992-08-19,88.25,88.50,86.50,86.625,5366400,15.5554
1992-08-18,88.625,88.625,87.875,88.00,3312800,15.802311
1992-08-17,88.875,89.125,88.50,88.625,2919600,15.914544
1992-08-14,88.375,88.75,88.25,88.375,3994400,15.869651
1992-08-13,88.625,89.125,87.875,88.125,5375600,15.824758
1992-08-12,88.125,89.00,88.00,88.375,5770000,15.869651
1992-08-11,88.375,88.625,87.75,88.00,5900400,15.802311
1992-08-10,87.25,88.75,87.25,88.50,6414000,15.892097
1992-08-07,88.375,88.625,86.625,87.125,11211200,15.645186
1992-08-06,90.00,90.125,88.125,88.25,13726800,15.847204
1992-08-05,92.625,93.00,91.375,91.625,10568800,16.235978
1992-08-04,94.75,94.875,94.25,94.25,2539200,16.701129
1992-08-03,94.50,95.25,94.375,94.875,2655600,16.811879
1992-07-31,94.875,95.125,94.50,94.75,3285600,16.789729
1992-07-30,94.375,95.50,94.375,95.375,4461200,16.900479
1992-07-29,94.625,94.875,94.25,94.375,6348800,16.723279
1992-07-28,92.625,94.00,92.375,93.75,4620400,16.612528
1992-07-27,92.75,93.25,92.375,92.375,3493200,16.368878
1992-07-24,92.625,93.625,92.375,92.75,6149200,16.435328
1992-07-23,92.75,93.25,92.625,92.75,4278400,16.435328
1992-07-22,93.50,94.00,92.50,92.50,6144400,16.391028
1992-07-21,93.125,94.25,92.875,93.75,7960400,16.612528
1992-07-20,93.25,93.375,92.75,92.875,11625200,16.457478
1992-07-17,97.00,97.375,94.625,95.00,23750000,16.834029
1992-07-16,99.00,100.375,99.00,100.25,10243600,17.76433
1992-07-15,98.00,99.375,98.00,99.25,8332000,17.58713
1992-07-14,97.875,98.375,97.50,97.875,3684000,17.34348
1992-07-13,98.00,98.875,97.625,97.875,4772800,17.34348
1992-07-10,97.75,97.875,96.50,97.625,3664400,17.29918
1992-07-09,97.75,98.375,97.50,97.50,4561600,17.277029
1992-07-08,96.75,97.875,96.75,97.875,5013200,17.34348
1992-07-07,98.125,98.75,96.625,96.75,5414400,17.144129
1992-07-06,97.125,98.25,97.00,98.125,4594800,17.38778
1992-07-02,98.25,98.25,96.875,96.875,5085200,17.166279
1992-07-01,97.875,98.50,97.75,98.25,6107600,17.40993
1992-06-30,98.625,98.625,97.75,97.875,4276000,17.34348
1992-06-29,97.875,98.625,97.75,98.625,5179600,17.47638
1992-06-26,96.75,97.375,96.50,97.25,4185600,17.232729
1992-06-25,97.625,98.25,96.625,97.125,7344000,17.210579
1992-06-24,96.375,97.875,96.25,97.625,8484400,17.29918
1992-06-23,95.50,96.375,95.25,95.875,8334400,16.989079
1992-06-22,94.75,95.375,94.625,95.25,7436800,16.878329
1992-06-19,95.00,95.50,94.75,95.00,9402000,16.834029
1992-06-18,93.375,95.875,93.125,94.50,12766800,16.745429
1992-06-17,92.875,93.875,92.125,92.625,7372800,16.413178
1992-06-16,94.00,94.00,92.875,93.125,6823200,16.501778
1992-06-15,92.50,94.125,92.50,94.125,7490800,16.678978
1992-06-12,92.50,93.875,92.25,93.00,11170400,16.479628
1992-06-11,90.50,92.125,90.375,92.00,7861600,16.302428
1992-06-10,90.50,91.125,90.125,90.125,7176400,15.970177
1992-06-09,91.00,91.00,90.375,90.625,3520400,16.058777
1992-06-08,90.375,91.25,90.375,91.00,3882400,16.125228
1992-06-05,88.625,90.75,88.25,90.375,6172800,16.014477
1992-06-04,89.625,89.75,88.875,89.00,4184000,15.770827
1992-06-03,90.625,90.75,89.75,89.75,4516400,15.903727
1992-06-02,90.625,91.00,90.375,90.625,4106400,16.058777
1992-06-01,90.50,91.25,90.125,90.625,4687200,16.058777
1992-05-29,91.375,92.00,90.75,90.75,4138800,16.080927
1992-05-28,90.875,91.50,90.375,91.125,3252000,16.147378
1992-05-27,90.375,91.00,90.125,90.875,3630000,16.103077
1992-05-26,91.25,91.50,90.375,90.50,3876400,16.036627
1992-05-22,91.50,92.25,91.25,91.75,3357600,16.258128
1992-05-21,91.375,91.625,90.625,91.50,3735600,16.213828
1992-05-20,92.375,92.75,91.50,91.625,4626000,16.235978
1992-05-19,90.875,92.50,90.625,92.50,4916000,16.391028
1992-05-18,91.625,91.875,90.50,90.75,4679600,16.080927
1992-05-15,91.375,92.125,91.125,91.625,6408400,16.235978
1992-05-14,92.125,92.25,91.00,91.75,5878000,16.258128
1992-05-13,93.50,93.625,92.375,92.375,5552800,16.368878
1992-05-12,93.75,93.875,93.00,93.50,5132000,16.568228
1992-05-11,93.50,94.375,93.375,93.875,6591200,16.634678
1992-05-08,94.125,94.25,93.125,93.125,5698800,16.501778
1992-05-07,92.75,94.125,92.75,93.75,7582800,16.612528
1992-05-06,94.00,94.125,93.125,93.375,8116400,16.331666
1992-05-05,92.50,94.00,92.375,93.875,8179600,16.419118
1992-05-04,92.50,93.00,92.125,92.50,9364800,16.178624
1992-05-01,91.25,92.125,90.375,90.625,8297600,15.850679
1992-04-30,88.50,90.75,88.25,90.75,6727600,15.872542
1992-04-29,88.875,88.875,87.75,88.125,5074400,15.413419
1992-04-28,88.125,88.50,87.375,88.50,4435600,15.479008
1992-04-27,87.875,88.75,87.75,88.125,4003600,15.413419
1992-04-24,89.125,89.25,88.125,88.125,3972400,15.413419
1992-04-23,90.00,90.625,89.00,89.25,5901600,15.610186
1992-04-22,89.875,90.125,89.625,90.125,5299600,15.763227
1992-04-21,89.625,90.25,89.50,90.00,8468800,15.741364
1992-04-20,88.50,89.75,88.25,89.50,7171200,15.653912
1992-04-16,88.50,88.625,87.50,88.625,8252400,15.500871
1992-04-15,88.75,88.875,87.625,88.50,8862400,15.479008
1992-04-14,89.50,89.75,88.00,88.25,13266400,15.435282
1992-04-13,86.125,87.50,85.875,87.50,6849200,15.304104
1992-04-10,85.625,86.125,84.50,86.00,8211600,15.041748
1992-04-09,85.375,85.875,84.625,85.125,9102400,14.888707
1992-04-08,82.625,85.00,82.625,84.875,12080400,14.844981
1992-04-07,83.375,84.875,82.25,82.375,7705600,14.407721
1992-04-06,82.00,83.125,81.625,83.125,5685200,14.538899
1992-04-03,82.125,82.375,81.75,81.75,6910000,14.298406
1992-04-02,83.25,83.50,81.875,82.25,8291200,14.385858
1992-04-01,83.50,83.50,82.75,82.875,7874400,14.495173
1992-03-31,83.375,84.875,83.375,83.50,6479200,14.604488
1992-03-30,83.375,83.875,83.125,83.375,5402000,14.582625
1992-03-27,84.00,84.375,83.125,83.25,8572400,14.560762
1992-03-26,85.375,85.375,84.125,84.125,6360400,14.713803
1992-03-25,85.125,86.00,84.75,85.125,5261200,14.888707
1992-03-24,85.75,86.00,85.00,85.25,7334000,14.91057
1992-03-23,86.00,86.75,85.625,85.625,4996000,14.976159
1992-03-20,85.875,86.625,85.75,86.125,7849600,15.063611
1992-03-19,85.875,87.125,85.625,85.875,7691600,15.019885
1992-03-18,87.375,88.50,87.25,87.50,4292400,15.304104
1992-03-17,88.75,88.875,87.375,87.625,5886800,15.325967
1992-03-16,89.25,89.625,88.25,88.75,3903200,15.522734
1992-03-13,90.25,90.25,89.125,89.625,5373600,15.675775
1992-03-12,87.625,89.125,87.625,89.125,5398800,15.588323
1992-03-11,87.875,88.375,87.125,87.75,4870400,15.34783
1992-03-10,87.75,88.375,87.50,87.875,5055200,15.369693
1992-03-09,86.375,87.375,85.125,87.375,6315200,15.282241
1992-03-06,86.75,87.25,86.00,86.375,7251200,15.107337
1992-03-05,86.75,88.125,86.50,86.625,6630800,15.151063
1992-03-04,88.25,89.625,87.375,87.375,7210000,15.282241
1992-03-03,87.625,88.625,87.125,88.25,6309200,15.435282
1992-03-02,86.875,87.75,86.25,87.50,5765600,15.304104
1992-02-28,88.375,88.625,86.625,86.875,6988800,15.194789
1992-02-27,88.00,88.375,87.50,87.75,5926400,15.34783
1992-02-26,88.375,88.625,87.625,88.25,6221200,15.435282
1992-02-25,89.25,89.25,88.125,88.25,6319200,15.435282
1992-02-24,89.875,90.25,88.75,89.375,4226000,15.632049
1992-02-21,89.75,90.375,89.25,89.875,5784400,15.719501
1992-02-20,89.75,90.625,89.125,89.75,5452800,15.697638
1992-02-19,90.00,90.75,89.375,89.625,4593600,15.675775
1992-02-18,90.00,91.125,89.125,89.625,5258000,15.675775
1992-02-14,90.50,91.125,89.50,89.75,5180400,15.697638
1992-02-13,92.75,93.25,90.125,90.75,7816000,15.872542
1992-02-12,90.50,92.375,89.875,92.125,6326000,16.113035
1992-02-11,89.75,90.875,89.75,90.25,4522800,15.78509
1992-02-10,89.625,89.875,89.125,89.75,3783200,15.697638
1992-02-07,90.00,90.375,88.625,89.25,6896800,15.610186
1992-02-06,90.375,90.875,89.625,89.875,5606800,15.719501
1992-02-05,91.75,92.125,91.00,91.25,6530000,15.74836
1992-02-04,91.125,92.25,90.00,92.25,6010400,15.920945
1992-02-03,90.00,91.375,89.25,91.375,6077200,15.769934
1992-01-31,91.875,92.00,90.00,90.00,5962000,15.532629
1992-01-30,92.125,92.50,91.375,91.75,4190400,15.834653
1992-01-29,92.75,94.125,91.625,91.875,5754400,15.856226
1992-01-28,93.875,94.00,92.875,93.25,3914000,16.09353
1992-01-27,93.50,94.00,93.375,93.75,2872000,16.179822
1992-01-24,93.625,94.25,93.125,93.125,4221200,16.071957
1992-01-23,95.50,95.875,93.25,93.50,5356800,16.136676
1992-01-22,92.875,95.625,92.875,95.625,5093600,16.503419
1992-01-21,95.25,95.50,92.875,92.875,5705600,16.028811
1992-01-20,96.25,96.375,95.25,95.25,4839600,16.4387
1992-01-17,95.00,98.125,92.625,96.375,14328000,16.632857
1992-01-16,95.125,97.125,95.00,95.50,9012800,16.481846
1992-01-15,94.00,95.75,93.50,95.375,12415600,16.460273
1992-01-14,90.375,92.50,90.25,92.375,5353600,15.942518
1992-01-13,90.75,90.875,89.75,90.25,5333200,15.575776
1992-01-10,91.375,92.50,90.625,90.875,6446000,15.683641
1992-01-09,92.625,94.25,91.25,91.25,8160400,15.74836
1992-01-08,94.00,95.00,92.25,92.375,10063600,15.942518
1992-01-07,92.00,94.75,91.875,94.625,7892000,16.330834
1992-01-06,91.00,93.125,90.875,92.25,8794000,15.920945
1992-01-03,90.25,91.125,90.00,90.375,5802400,15.597349
1992-01-02,89.00,90.625,88.875,90.25,7123600,15.575776
1991-12-31,90.125,91.125,88.875,89.00,7626000,15.360045
1991-12-30,89.75,90.75,89.125,90.375,7784800,15.597349
1991-12-27,88.375,89.625,88.375,89.375,6164000,15.424764
1991-12-26,88.25,88.875,87.50,88.25,4915200,15.230606
1991-12-24,88.25,90.00,87.875,88.25,6876800,15.230606
1991-12-23,85.875,88.50,85.50,88.25,9367200,15.230606
1991-12-20,86.00,86.25,85.00,85.75,12893200,14.799144
1991-12-19,85.625,85.875,84.50,84.875,7609600,14.648133
1991-12-18,85.50,86.875,84.875,86.25,7624000,14.885437
1991-12-17,86.75,87.00,85.25,85.50,5928000,14.755998
1991-12-16,87.75,88.00,86.75,86.875,5168400,14.993302
1991-12-13,88.75,88.875,87.25,88.00,7117200,15.18746
1991-12-12,88.50,89.25,88.00,88.625,8372400,15.295325
1991-12-11,87.00,87.875,85.625,87.75,10360800,15.144314
1991-12-10,85.375,86.50,83.50,86.25,20028000,14.885437
1991-12-09,89.375,89.75,84.625,85.125,15580400,14.691279
1991-12-06,90.00,90.25,89.00,89.00,10786400,15.360045
1991-12-05,90.125,91.125,90.125,90.25,7571200,15.575776
1991-12-04,91.375,91.50,90.00,90.00,9360000,15.532629
1991-12-03,91.75,92.125,91.00,91.25,6254400,15.74836
1991-12-02,91.125,92.375,90.625,92.25,9391200,15.920945
1991-11-29,93.875,93.875,92.375,92.50,6569600,15.964091
1991-11-27,96.625,97.125,94.125,94.25,7215600,16.266115
1991-11-26,95.625,98.125,94.625,97.875,7790800,16.891735
1991-11-25,95.00,95.625,94.625,95.125,4254000,16.417126
1991-11-22,95.375,96.00,94.625,94.75,5471200,16.352407
1991-11-21,95.125,96.75,95.125,95.375,6108000,16.460273
1991-11-20,97.00,97.375,95.375,95.50,5392800,16.481846
1991-11-19,96.625,96.75,95.00,96.50,8497200,16.654431
1991-11-18,96.875,97.75,96.25,97.25,6846000,16.783869
1991-11-15,100.00,100.125,96.00,96.25,7829200,16.611284
1991-11-14,99.125,100.125,98.375,100.00,4410000,17.258477
1991-11-13,98.625,99.125,98.375,98.875,3690400,17.064319
1991-11-12,100.25,100.625,99.125,99.375,4600000,17.150612
1991-11-11,100.125,100.75,99.875,100.125,2657200,17.28005
1991-11-08,101.00,101.375,100.00,100.25,5540000,17.301623
1991-11-07,98.375,100.00,98.25,99.875,7596800,17.236904
1991-11-06,96.75,97.25,96.375,96.625,4031200,16.676004
1991-11-05,97.25,97.75,96.625,96.625,4686400,16.676004
1991-11-04,97.00,97.75,96.625,97.00,4563600,16.740723
1991-11-01,98.375,99.375,97.75,98.375,8552000,16.769199
1991-10-31,100.125,100.375,98.25,98.25,4530000,16.747891
1991-10-30,99.00,100.25,98.875,100.25,6108400,17.088815
1991-10-29,98.375,99.375,97.50,98.875,4721600,16.85443
1991-10-28,98.25,98.625,98.00,98.25,3588800,16.747891
1991-10-25,98.25,98.625,97.50,98.00,3980400,16.705276
1991-10-24,98.00,99.125,97.625,98.25,3886400,16.747891
1991-10-23,98.625,98.75,97.25,98.50,6324000,16.790507
1991-10-22,100.25,100.50,98.50,98.50,4621600,16.790507
1991-10-21,100.25,101.00,99.875,100.25,3765200,17.088815
1991-10-18,100.00,100.375,99.625,100.375,5262800,17.110123
1991-10-17,101.00,101.25,99.375,99.875,6527600,17.024892
1991-10-16,103.75,103.75,101.375,101.625,8103600,17.3232
1991-10-15,101.875,104.75,99.75,104.25,12134400,17.770663
1991-10-14,99.25,101.625,99.125,101.25,3164000,17.259277
1991-10-11,100.00,100.50,99.50,99.875,3574400,17.024892
1991-10-10,97.625,99.875,97.00,99.75,5668800,17.003584
1991-10-09,97.75,98.25,96.75,97.25,7638000,16.577429
1991-10-08,99.125,99.375,97.625,98.00,5755200,16.705276
1991-10-07,98.375,99.375,98.25,98.875,5110400,16.85443
1991-10-04,99.125,99.625,98.125,98.25,5280800,16.747891
1991-10-03,100.875,101.00,99.00,99.00,5180000,16.875738
1991-10-02,102.50,102.50,100.75,101.125,4178800,17.237969
1991-10-01,103.625,103.75,102.50,102.625,2809200,17.493662
1991-09-30,102.375,104.25,101.25,103.625,4936400,17.664124
1991-09-27,104.625,105.375,102.00,102.25,6364400,17.429739
1991-09-26,104.50,105.75,104.25,104.875,3786800,17.877202
1991-09-25,105.625,105.75,104.75,105.00,3209200,17.89851
1991-09-24,104.875,105.875,104.125,105.875,5996800,18.047664
1991-09-23,104.25,104.625,104.125,104.625,3130400,17.834586
1991-09-20,104.875,105.125,104.00,104.25,7539200,17.770663
1991-09-19,105.375,106.375,104.75,104.875,6975200,17.877202
1991-09-18,104.50,105.50,104.50,105.375,5658400,17.962433
1991-09-17,103.375,104.875,103.25,104.875,5577200,17.877202
1991-09-16,102.875,104.375,102.875,103.625,7364400,17.664124
1991-09-13,103.625,103.75,101.50,102.875,7562000,17.536278
1991-09-12,102.375,104.00,102.25,104.00,8956400,17.728048
1991-09-11,100.00,101.375,99.625,101.375,6351600,17.280585
1991-09-10,101.25,101.25,99.25,99.625,6790400,16.982276
1991-09-09,99.50,101.125,99.50,101.00,4731600,17.216662
1991-09-06,98.25,99.625,97.75,99.375,5224400,16.939661
1991-09-05,98.625,99.125,97.625,98.25,3978000,16.747891
1991-09-04,98.375,99.25,97.625,98.625,6405600,16.811814
1991-09-03,97.75,98.875,97.625,98.00,6633600,16.705276
1991-08-30,95.75,97.125,95.75,96.875,5368400,16.513506
1991-08-29,94.75,95.875,94.00,95.50,8977200,16.279121
1991-08-28,95.125,95.25,94.25,94.50,6466800,16.108659
1991-08-27,95.25,95.625,94.625,95.25,5034400,16.236505
1991-08-26,95.125,95.625,94.75,95.125,3581200,16.215198
1991-08-23,94.375,96.125,94.375,94.875,6816400,16.172582
1991-08-22,95.625,96.375,94.125,94.375,8662000,16.087351
1991-08-21,96.125,96.375,94.00,95.625,11312400,16.300429
1991-08-20,96.25,96.25,95.125,95.75,6522800,16.321736
1991-08-19,93.25,95.625,92.00,95.00,12080400,16.19389
1991-08-16,98.375,98.625,96.50,96.50,6723600,16.449583
1991-08-15,98.50,99.00,98.125,98.375,3213200,16.769199
1991-08-14,99.375,99.375,98.375,98.50,4486000,16.790507
1991-08-13,99.00,99.875,98.375,99.00,5090800,16.875738
1991-08-12,98.875,99.50,98.625,98.625,3134000,16.811814
1991-08-09,99.25,99.625,98.75,98.875,3362000,16.85443
1991-08-08,99.125,99.75,99.00,99.25,4236800,16.918353
1991-08-07,100.375,100.50,99.00,99.00,4641200,16.875738
1991-08-06,100.25,100.75,99.625,100.375,5603600,17.110123
1991-08-05,100.375,101.25,100.375,101.00,4984800,17.010404
1991-08-02,101.50,101.625,100.25,100.375,3568800,16.905141
1991-08-01,101.00,101.75,100.75,101.25,3612000,17.052509
1991-07-31,101.875,102.125,101.125,101.25,3488400,17.052509
1991-07-30,101.75,102.00,100.375,101.625,4320400,17.115666
1991-07-29,100.50,101.375,100.375,101.375,3324400,17.073561
1991-07-26,100.625,101.00,100.125,100.50,2560800,16.926194
1991-07-25,101.25,101.625,100.50,100.50,3378000,16.926194
1991-07-24,100.75,101.375,100.00,100.75,4326400,16.968299
1991-07-23,102.75,103.00,100.625,100.625,5252800,16.947246
1991-07-22,101.00,102.125,100.875,102.00,7309600,17.178823
1991-07-19,100.00,100.875,98.50,100.50,10291600,16.926194
1991-07-18,96.625,98.375,95.625,98.25,9436800,16.547249
1991-07-17,96.25,96.875,96.125,96.25,6188800,16.210409
1991-07-16,99.50,99.50,96.00,96.625,8803200,16.273567
1991-07-15,99.50,99.875,99.25,99.25,3411200,16.715669
1991-07-12,99.00,99.75,98.25,99.375,5621600,16.736721
1991-07-11,98.875,99.00,98.00,98.25,4749200,16.547249
1991-07-10,99.875,100.375,98.50,98.75,5210000,16.631459
1991-07-09,100.375,100.875,99.25,99.50,5046800,16.757774
1991-07-08,98.00,100.50,97.75,100.50,5562000,16.926194
1991-07-05,98.125,99.25,97.875,98.625,3140000,16.610407
1991-07-03,98.75,98.875,98.125,98.125,3868400,16.526197
1991-07-02,98.25,99.375,98.125,99.125,4838400,16.694616
1991-07-01,97.625,98.625,97.375,98.375,5378400,16.568302
1991-06-28,97.25,97.75,96.625,97.125,7086400,16.357777
1991-06-27,98.75,98.75,97.375,97.625,7252400,16.441987
1991-06-26,99.125,99.375,98.125,98.625,6804000,16.610407
1991-06-25,98.625,99.625,98.25,99.375,6861200,16.736721
1991-06-24,99.125,99.625,98.25,98.375,9382400,16.568302
1991-06-21,99.25,100.00,99.125,99.625,12577200,16.778826
1991-06-20,98.75,99.25,97.125,99.125,16344000,16.694616
1991-06-19,100.25,101.25,100.00,101.00,8331200,17.010404
1991-06-18,99.75,101.00,99.75,100.875,6945600,16.989351
1991-06-17,99.625,100.00,99.50,99.50,652800,16.757774
1991-06-14,101.375,101.625,99.875,100.375,9448000,16.905141
1991-06-13,101.375,101.375,100.125,100.625,7584400,16.947246
1991-06-12,101.875,102.00,100.625,101.50,7518800,17.094614
1991-06-11,102.75,103.50,102.125,102.25,4547600,17.220928
1991-06-10,102.375,102.75,102.125,102.375,3941200,17.241981
1991-06-07,102.875,103.00,101.375,102.00,7041600,17.178823
1991-06-06,103.125,103.625,102.00,103.00,5416800,17.347243
1991-06-05,105.375,105.50,103.125,103.25,5948800,17.389348
1991-06-04,105.625,106.00,104.625,105.00,4880400,17.684083
1991-06-03,106.00,107.375,105.75,106.375,5287200,17.91566
1991-05-31,104.375,106.50,103.75,106.125,7060000,17.873555
1991-05-30,103.625,105.125,103.625,104.375,5716400,17.578821
1991-05-29,104.625,104.625,103.75,104.125,6608800,17.536716
1991-05-28,105.25,105.375,103.625,105.125,5766800,17.705135
1991-05-24,104.625,105.125,104.50,105.00,3820400,17.684083
1991-05-23,104.50,104.625,103.75,104.625,5525200,17.620926
1991-05-22,102.25,104.625,102.00,104.625,8968400,17.620926
1991-05-21,103.625,104.25,100.50,101.50,6700800,17.094614
1991-05-20,104.125,104.25,103.125,103.25,3162800,17.389348
1991-05-17,103.625,104.625,103.50,103.75,8452400,17.473558
1991-05-16,103.75,104.25,103.00,104.125,5453200,17.536716
1991-05-15,105.00,105.125,101.25,102.75,10705600,17.305138
1991-05-14,105.50,106.25,104.625,106.00,7864800,17.852503
1991-05-13,103.625,106.00,103.25,105.875,5138400,17.83145
1991-05-10,105.875,106.00,103.00,103.375,5457600,17.410401
1991-05-09,104.25,105.875,104.125,105.875,6174000,17.83145
1991-05-08,102.125,104.00,101.75,103.75,5536000,17.473558
1991-05-07,103.375,103.50,101.875,101.875,5144400,17.157771
1991-05-06,102.375,103.625,102.375,103.375,4376000,17.410401
1991-05-03,105.50,106.50,102.00,103.625,12892400,17.248717
1991-05-02,103.75,106.00,103.75,105.875,6088400,17.623237
1991-05-01,102.50,104.50,102.125,104.00,7776800,17.311137
1991-04-30,105.50,105.50,102.125,103.00,13152800,17.144684
1991-04-29,107.75,107.875,104.625,104.875,7418000,17.456784
1991-04-26,108.00,108.25,107.25,107.375,4094000,17.872917
1991-04-25,108.375,109.125,107.625,108.00,4485600,17.97695
1991-04-24,108.375,108.875,108.00,108.25,5768400,18.018563
1991-04-23,109.00,109.125,107.875,108.375,3728400,18.03937
1991-04-22,108.75,109.375,108.125,108.50,6281600,18.060177
1991-04-19,109.25,110.25,109.00,109.50,8437200,18.22663
1991-04-18,110.00,110.75,109.375,109.75,5855200,18.268243
1991-04-17,109.625,110.75,109.25,109.875,8356000,18.28905
1991-04-16,107.00,109.25,106.75,109.25,8346800,18.185017
1991-04-15,108.25,108.375,105.625,106.875,12107200,17.78969
1991-04-12,111.00,111.00,108.125,108.50,14222000,18.060177
1991-04-11,111.125,111.875,110.125,110.625,8858800,18.41389
1991-04-10,111.375,111.625,110.00,111.25,7698800,18.517923
1991-04-09,112.75,113.375,111.00,111.25,5395600,18.517923
1991-04-08,112.375,113.50,112.00,113.00,3860400,18.809216
1991-04-05,114.125,114.50,112.50,112.625,6080400,18.746796
1991-04-04,113.625,114.75,112.125,113.50,7753200,18.892443
1991-04-03,113.375,114.25,113.00,113.125,7363600,18.830023
1991-04-02,112.50,113.50,111.125,113.25,9072400,18.85083
1991-04-01,113.875,114.25,111.875,112.25,5692000,18.684376
1991-03-28,114.00,114.375,112.875,113.875,6475200,18.954863
1991-03-27,114.375,114.625,112.50,112.875,6818800,18.78841
1991-03-26,113.50,114.625,113.375,113.875,5503200,18.954863
1991-03-25,111.875,113.625,111.75,113.50,6387600,18.892443
1991-03-22,112.00,112.625,111.25,111.625,11433200,18.580343
1991-03-21,114.75,115.00,111.00,111.875,12931200,18.621956
1991-03-20,115.00,115.375,113.50,114.125,16028400,18.996476
1991-03-19,118.75,119.00,115.00,115.125,25338400,19.16293
1991-03-18,126.375,128.125,126.25,127.875,5965200,21.285208
1991-03-15,127.75,127.75,126.25,126.625,10766000,21.077142
1991-03-14,129.25,130.75,126.50,128.125,7779600,21.326822
1991-03-13,127.00,129.625,126.75,129.125,6017600,21.493275
1991-03-12,128.875,129.25,126.50,127.00,8627200,21.139562
1991-03-11,130.00,130.50,128.75,129.125,7217600,21.493275
1991-03-08,133.125,133.625,131.00,131.25,5936000,21.846988
1991-03-07,132.75,133.75,131.625,132.50,4770400,22.055055
1991-03-06,134.375,134.875,132.625,132.875,8124000,22.117475
1991-03-05,130.625,135.00,129.875,133.50,9935600,22.221508
1991-03-04,131.25,132.50,129.875,130.625,4758400,21.742955
1991-03-01,128.25,131.50,128.125,131.00,7432400,21.805375
1991-02-28,131.25,131.50,127.50,128.75,8634000,21.430855
1991-02-27,130.00,130.875,128.125,130.875,8164800,21.784568
1991-02-26,132.75,133.00,129.75,129.75,8908400,21.597308
1991-02-25,134.25,135.125,132.125,133.625,7578800,22.242315
1991-02-22,135.625,137.00,132.625,133.25,9536400,22.179895
1991-02-21,138.00,138.25,135.50,135.50,6262000,22.554414
1991-02-20,138.25,138.75,137.875,137.875,7416800,22.949741
1991-02-19,137.25,139.75,137.00,139.50,9112400,23.220227
1991-02-15,135.50,137.875,135.375,137.375,10955600,22.866514
1991-02-14,134.875,136.25,133.875,135.00,9941600,22.471188
1991-02-13,132.375,135.00,132.25,134.625,7695200,22.408768
1991-02-12,131.50,133.875,131.50,132.75,9489600,22.096668
1991-02-11,129.875,132.50,129.625,132.375,7461200,22.034248
1991-02-08,128.875,129.875,128.25,129.50,7006800,21.555695
1991-02-07,130.00,131.00,128.375,128.50,10128000,21.389242
1991-02-06,128.125,130.00,128.00,129.875,9678400,21.618115
1991-02-05,127.25,128.50,127.00,128.50,8708400,21.389242
1991-02-04,126.25,127.625,125.625,127.375,6212400,21.201982
1991-02-01,126.50,127.625,125.625,126.875,7676400,20.917345
1991-01-31,126.625,127.125,126.25,126.75,6873200,20.896737
1991-01-30,124.75,127.00,124.625,127.00,10097200,20.937954
1991-01-29,124.125,125.375,123.00,124.50,7796800,20.525789
1991-01-28,122.50,125.00,122.375,124.25,9913200,20.484573
1991-01-25,121.125,122.625,120.50,122.625,9764400,20.216666
1991-01-24,120.00,121.625,119.875,121.00,11364800,19.948759
1991-01-23,117.875,120.125,117.875,119.25,8844000,19.660244
1991-01-22,119.375,119.625,117.75,118.00,7854800,19.454162
1991-01-21,116.75,120.125,116.625,119.625,8806000,19.722069
1991-01-18,115.25,118.25,114.875,117.625,18370000,19.392337
1991-01-17,115.00,116.125,114.25,115.75,17321600,19.083214
1991-01-16,107.25,109.25,106.625,109.125,6324000,17.990978
1991-01-15,106.875,107.75,106.75,107.50,4672400,17.723071
1991-01-14,106.875,107.125,105.50,106.75,6986000,17.599422
1991-01-11,107.875,108.25,107.75,108.125,2434800,17.826112
1991-01-10,107.625,108.375,107.25,108.375,3848000,17.867329
1991-01-09,109.75,110.75,106.75,106.875,8312000,17.62003
1991-01-08,110.375,110.375,108.75,109.00,6862000,17.97037
1991-01-07,111.375,111.875,110.00,110.25,4757600,18.176452
1991-01-04,112.75,113.00,111.875,112.125,4340400,18.485575
1991-01-03,112.375,113.875,112.25,112.50,5229600,18.5474
1991-01-02,112.875,113.75,112.125,112.125,4150800,18.485575
1990-12-31,113.375,113.50,112.875,113.00,1845200,18.629833
1990-12-28,113.625,113.875,113.25,113.375,2912800,18.691657
1990-12-27,113.25,113.875,113.00,113.625,2856400,18.732874
1990-12-26,114.00,114.25,113.50,113.50,1587200,18.712266
1990-12-24,113.875,114.25,113.75,113.875,1365200,18.77409
1990-12-21,114.00,114.375,113.375,113.875,8338400,18.77409
1990-12-20,112.25,114.625,112.25,113.75,7584000,18.753482
1990-12-19,113.00,114.00,112.125,112.75,9855600,18.588616
1990-12-18,111.50,113.50,111.50,113.50,6467200,18.712266
1990-12-17,110.875,111.75,110.625,111.50,3819600,18.382534
1990-12-14,112.00,112.50,111.00,111.25,5740800,18.341318
1990-12-13,114.375,114.625,112.875,112.875,4372400,18.609225
1990-12-12,112.875,114.50,112.625,114.375,5887600,18.856523
1990-12-11,113.00,113.125,112.375,112.875,3991600,18.609225
1990-12-10,112.25,113.75,112.125,113.375,4695200,18.691657
1990-12-07,111.50,112.875,110.75,112.50,7637600,18.5474
1990-12-06,115.875,116.00,111.25,111.50,13558400,18.382534
1990-12-05,114.125,114.875,113.75,114.625,5938000,18.89774
1990-12-04,113.375,115.00,113.00,114.75,5831600,18.918348
1990-12-03,114.50,114.50,113.00,113.375,6280800,18.691657
1990-11-30,111.625,114.50,111.25,113.625,7217600,18.732874
1990-11-29,112.50,112.875,111.625,112.00,4782800,18.464967
1990-11-28,113.00,113.875,112.375,112.375,5276800,18.526792
1990-11-27,113.875,114.125,112.625,113.50,6126000,18.712266
1990-11-26,112.00,114.25,111.625,113.875,4661600,18.77409
1990-11-23,113.875,114.25,112.625,112.625,1862000,18.568008
1990-11-21,113.25,114.125,112.375,114.125,5251600,18.815307
1990-11-20,114.75,115.125,113.25,113.375,8001200,18.691657
1990-11-19,114.125,114.875,114.00,114.75,7443200,18.918348
1990-11-16,113.00,114.125,112.00,113.625,9078800,18.732874
1990-11-15,113.25,113.625,112.50,112.625,6158800,18.568008
1990-11-14,112.50,114.00,112.50,113.50,7875600,18.712266
1990-11-13,113.00,113.50,112.00,112.00,8526000,18.464967
1990-11-12,110.875,113.25,110.75,113.00,14173200,18.629833
1990-11-09,108.50,110.25,107.875,110.25,9096800,18.176452
1990-11-08,106.50,107.625,106.25,107.50,6476800,17.723071
1990-11-07,108.00,108.25,106.25,106.50,5603200,17.558205
1990-11-06,107.875,109.00,107.625,107.875,6374000,17.784896
1990-11-05,107.375,108.125,106.50,107.875,4834800,17.784896
1990-11-02,107.25,108.625,107.25,108.375,7161200,17.667842
1990-11-01,105.375,107.375,104.875,107.25,4935600,17.484438
1990-10-31,106.50,106.625,104.75,105.50,5810000,17.199144
1990-10-30,106.125,106.875,104.875,106.375,6556000,17.341791
1990-10-29,106.50,107.875,105.125,106.00,5254400,17.280657
1990-10-26,107.375,107.50,106.50,106.875,4984400,17.423304
1990-10-25,109.00,109.25,106.625,108.125,6368000,17.627085
1990-10-24,106.75,109.00,106.75,108.625,6477600,17.708598
1990-10-23,107.375,108.25,106.625,106.75,5082800,17.402926
1990-10-22,107.625,108.75,106.50,107.75,7673200,17.565951
1990-10-19,105.25,109.00,104.625,107.625,10602400,17.545573
1990-10-18,102.00,105.375,101.75,105.375,7466000,17.178766
1990-10-17,99.50,101.625,99.375,100.75,5321200,16.424775
1990-10-16,99.375,100.375,98.25,99.375,6760800,16.200616
1990-10-15,100.625,100.875,96.25,99.25,12485600,16.180238
1990-10-12,101.75,102.00,99.50,100.25,9232400,16.343263
1990-10-11,103.75,103.875,99.75,101.00,12455200,16.465532
1990-10-10,105.625,106.625,102.875,103.50,9034400,16.873094
1990-10-09,108.375,108.625,105.375,105.375,5674400,17.178766
1990-10-08,108.75,109.50,108.625,109.50,3605200,17.851245
1990-10-05,106.50,109.00,106.00,108.25,6280000,17.647463
1990-10-04,107.375,108.25,106.375,107.875,4648000,17.586329
1990-10-03,108.25,109.00,107.125,107.375,4406800,17.504816
1990-10-02,109.50,110.375,108.25,108.25,7572400,17.647463
1990-10-01,107.125,109.50,107.125,109.00,7405200,17.769732
1990-09-28,103.125,107.125,102.875,106.375,7900400,17.341791
1990-09-27,105.75,106.625,102.875,104.375,6756400,17.015741
1990-09-26,106.50,106.75,104.25,105.375,6977600,17.178766
1990-09-25,105.25,106.50,104.875,106.375,6181200,17.341791
1990-09-24,106.25,106.25,104.50,105.00,7974800,17.117632
1990-09-21,107.625,107.875,105.50,106.75,8846000,17.402926
1990-09-20,108.125,109.00,106.625,107.875,4854000,17.586329
1990-09-19,107.875,109.25,107.50,108.375,8756400,17.667842
1990-09-18,105.25,107.625,105.125,107.25,6796800,17.484438
1990-09-17,104.25,105.75,104.125,105.125,3579600,17.13801
1990-09-14,104.875,105.00,103.625,104.375,5390400,17.015741
1990-09-13,107.75,107.75,104.75,105.00,4308000,17.117632
1990-09-12,108.375,108.375,107.125,107.875,4771600,17.586329
1990-09-11,106.375,107.75,105.875,107.50,5752800,17.525195
1990-09-10,106.50,107.625,105.50,105.875,6437600,17.260279
1990-09-07,101.875,105.50,101.875,105.50,6538800,17.199144
1990-09-06,102.875,103.50,101.50,102.375,5388000,16.689691
1990-09-05,102.875,103.875,102.25,102.50,5810400,16.710069
1990-09-04,101.00,102.625,100.75,102.50,4802000,16.710069
1990-08-31,101.625,101.875,100.375,101.875,3541600,16.608179
1990-08-30,103.875,104.125,101.375,101.75,4320400,16.5878
1990-08-29,103.50,104.375,102.75,103.875,4578800,16.934229
1990-08-28,103.875,104.125,103.375,103.625,3872400,16.893472
1990-08-27,103.00,104.375,102.75,104.375,6300400,17.015741
1990-08-24,98.50,101.00,97.875,100.375,8158400,16.363641
1990-08-23,96.75,98.375,96.50,96.875,9709600,15.793053
1990-08-22,100.75,101.00,98.875,99.00,7892000,16.139482
1990-08-21,100.625,101.75,99.75,100.50,9559600,16.384019
1990-08-20,102.00,102.75,101.875,102.25,4955200,16.669313
1990-08-17,103.00,103.375,100.75,101.375,10562400,16.526666
1990-08-16,104.25,105.75,103.75,103.75,8125600,16.913851
1990-08-15,105.125,105.25,104.50,105.00,6059600,17.117632
1990-08-14,103.625,105.125,103.125,104.375,6623600,17.015741
1990-08-13,101.50,104.00,101.00,103.75,6331200,16.913851
1990-08-10,103.25,103.625,101.50,102.00,5794000,16.628557
1990-08-09,103.50,103.875,103.00,103.25,5054800,16.832338
1990-08-08,103.00,103.875,102.875,103.125,7539200,16.81196
1990-08-07,104.625,105.00,102.50,103.00,8947200,16.791582
1990-08-06,103.875,104.375,102.50,103.875,9140000,16.934229
1990-08-03,109.25,109.50,103.75,108.125,14196800,17.429826
1990-08-02,109.00,110.75,109.00,109.75,7474800,17.691777
1990-08-01,111.875,112.375,110.625,111.625,6841200,17.994028
1990-07-31,112.375,112.875,110.625,111.50,5477200,17.973878
1990-07-30,110.75,112.375,110.50,112.125,5922800,18.074629
1990-07-27,112.75,112.75,110.625,111.375,7385200,17.953728
1990-07-26,114.625,114.625,112.25,113.125,5483600,18.235829
1990-07-25,114.50,115.50,114.25,114.75,5458800,18.497781
1990-07-24,115.875,116.00,113.625,114.75,6158000,18.497781
1990-07-23,117.75,117.75,114.125,115.875,8573200,18.679131
1990-07-20,120.125,120.25,117.50,117.625,7034400,18.961233
1990-07-19,119.625,120.125,118.75,120.00,5743200,19.344084
1990-07-18,120.875,121.625,119.875,119.875,6736400,19.323934
1990-07-17,122.50,122.50,119.875,120.75,6742800,19.464985
1990-07-16,122.00,123.125,121.25,122.375,8924400,19.726936
1990-07-13,120.625,122.125,120.25,121.00,8621600,19.505285
1990-07-12,119.00,120.375,118.75,120.00,6945600,19.344084
1990-07-11,118.125,119.25,117.875,119.125,4100000,19.203034
1990-07-10,119.25,119.75,117.75,117.75,4976000,18.981383
1990-07-09,118.125,119.25,117.875,119.00,3667200,19.182884
1990-07-06,117.125,118.50,117.00,118.00,2834400,19.021683
1990-07-05,117.50,117.625,116.875,117.375,3399200,18.920932
1990-07-03,118.625,118.75,117.625,117.625,2336400,18.961233
1990-07-02,117.50,118.75,117.375,118.50,3664000,19.102283
1990-06-29,117.625,118.125,117.375,117.50,3414800,18.941083
1990-06-28,118.25,118.375,117.50,117.625,3215200,18.961233
1990-06-27,116.875,118.125,116.75,118.00,4606800,19.021683
1990-06-26,117.625,118.00,116.50,116.75,5017600,18.820182
1990-06-25,116.625,117.25,116.50,116.625,4504800,18.800032
1990-06-22,119.00,119.50,116.25,116.25,4800400,18.739582
1990-06-21,118.00,119.125,117.50,119.125,4004800,19.203034
1990-06-20,118.75,119.125,117.25,118.00,4044800,19.021683
1990-06-19,118.875,119.125,117.875,118.75,5782400,19.142583
1990-06-18,120.25,120.75,118.625,118.625,5968000,19.122433
1990-06-15,120.375,121.25,120.125,120.375,8447600,19.404535
1990-06-14,121.25,121.875,120.125,120.875,6793200,19.485135
1990-06-13,120.50,122.125,120.25,121.375,8964000,19.565735
1990-06-12,120.125,120.875,119.25,120.25,5504800,19.384384
1990-06-11,118.625,120.25,118.625,119.875,4326800,19.323934
1990-06-08,120.875,120.875,118.625,118.75,5725200,19.142583
1990-06-07,121.25,121.50,119.75,120.625,5949600,19.444835
1990-06-06,120.375,122.25,120.375,120.625,6174000,19.444835
1990-06-05,120.50,121.875,120.125,120.75,9407600,19.464985
1990-06-04,119.50,120.875,119.25,120.375,5193200,19.404535
1990-06-01,120.50,120.75,119.00,119.50,6168000,19.263484
1990-05-31,119.75,120.875,119.50,120.00,7963600,19.344084
1990-05-30,120.00,122.125,119.625,120.875,11428000,19.485135
1990-05-29,117.00,119.875,116.75,119.75,7840400,19.303784
1990-05-25,117.625,118.00,116.125,116.25,4594800,18.739582
1990-05-24,118.75,118.875,117.875,118.75,5781200,19.142583
1990-05-23,117.50,118.75,117.25,118.75,6812400,19.142583
1990-05-22,117.50,117.75,116.625,117.75,7734400,18.981383
1990-05-21,115.125,117.375,115.125,117.00,6942400,18.860482
1990-05-18,115.875,116.25,115.25,115.375,7080800,18.598531
1990-05-17,115.875,116.25,115.125,116.125,6090400,18.719432
1990-05-16,115.25,115.75,114.625,115.375,7046000,18.598531
1990-05-15,113.875,115.625,113.75,115.625,5944000,18.638831
1990-05-14,114.125,115.50,114.00,114.25,9242400,18.41718
1990-05-11,113.625,114.50,113.00,114.00,10189200,18.37688
1990-05-10,111.375,112.875,111.25,112.375,7253200,18.114929
1990-05-09,110.75,111.25,110.375,111.25,4860000,17.933578
1990-05-08,110.50,111.00,110.375,110.75,4962000,17.852978
1990-05-07,110.50,111.375,110.25,110.50,5220800,17.812678
1990-05-04,108.625,110.625,108.25,110.50,6049200,17.812678
1990-05-03,109.50,110.125,109.125,109.25,6674800,17.416124
1990-05-02,108.00,109.125,108.00,109.125,4866400,17.396197
1990-05-01,109.50,109.625,107.875,108.00,4664800,17.216855
1990-04-30,107.00,109.25,107.00,109.00,6451600,17.37627
1990-04-27,109.00,109.00,107.375,107.375,3926400,17.11722
1990-04-26,109.875,110.00,108.50,108.75,5529200,17.336416
1990-04-25,109.25,110.125,109.125,109.375,4693600,17.436051
1990-04-24,109.625,110.375,108.875,108.875,5226400,17.356343
1990-04-23,109.00,109.50,108.625,109.375,5400800,17.436051
1990-04-20,109.375,109.50,108.25,109.375,6626000,17.436051
1990-04-19,109.50,110.25,109.125,109.125,6110000,17.396197
1990-04-18,110.875,110.875,109.50,109.875,6124000,17.515758
1990-04-17,110.50,111.25,109.875,111.125,7657600,17.715027
1990-04-16,110.00,111.25,110.00,110.875,16482800,17.675174
1990-04-12,107.125,108.00,107.00,107.125,3686400,17.077366
1990-04-11,106.125,106.50,105.875,106.375,2580800,16.957805
1990-04-10,105.25,106.375,105.125,105.875,3739200,16.878097
1990-04-09,105.625,105.875,105.25,105.50,3131200,16.818316
1990-04-06,106.25,106.375,105.25,105.875,3009200,16.878097
1990-04-05,106.75,106.875,105.875,106.125,3473600,16.917951
1990-04-04,106.625,107.75,105.875,106.50,6864800,16.977732
1990-04-03,106.00,106.75,106.00,106.625,4201600,16.997658
1990-04-02,105.125,105.875,105.00,105.875,5193200,16.878097
1990-03-30,106.375,106.75,105.625,106.125,5704000,16.917951
1990-03-29,106.00,106.875,105.75,106.00,5656800,16.898024
1990-03-28,104.25,105.875,103.75,105.875,5824400,16.878097
1990-03-27,103.625,104.75,103.375,104.50,5292800,16.658901
1990-03-26,105.50,105.75,104.125,104.125,3350000,16.59912
1990-03-23,106.00,106.125,104.875,105.00,4597600,16.738609
1990-03-22,107.00,107.50,105.50,106.50,4801200,16.977732
1990-03-21,108.50,108.50,107.125,107.25,3389200,17.097293
1990-03-20,108.875,109.375,107.875,108.00,7406400,17.216855
1990-03-19,108.125,109.125,107.375,109.00,6428800,17.37627
1990-03-16,107.75,108.75,107.375,108.625,10296400,17.316489
1990-03-15,106.625,107.375,106.50,107.00,5328000,17.057439
1990-03-14,106.875,107.00,105.625,106.25,4990800,16.937878
1990-03-13,107.50,108.25,106.25,106.25,8300800,16.937878
1990-03-12,106.50,107.75,106.25,107.75,6051200,17.177001
1990-03-09,107.00,107.375,106.25,106.50,7003200,16.977732
1990-03-08,106.00,107.375,106.00,107.00,6947600,17.057439
1990-03-07,106.00,106.25,105.25,105.50,6158400,16.818316
1990-03-06,105.25,105.75,104.25,105.75,5100800,16.85817
1990-03-05,104.875,105.875,104.625,105.00,5509200,16.738609
1990-03-02,104.00,105.375,104.00,104.875,5690000,16.718682
1990-03-01,103.75,104.375,103.375,104.00,4490800,16.579193
1990-02-28,103.625,104.625,103.125,103.875,5761200,16.559266
1990-02-27,104.125,105.50,103.625,103.75,6890800,16.539339
1990-02-26,103.00,104.125,102.50,104.00,5486000,16.579193
1990-02-23,102.75,103.875,102.00,102.625,6251600,16.359997
1990-02-22,105.00,105.50,103.25,103.25,9185600,16.459632
1990-02-21,102.25,105.125,102.00,104.875,8096400,16.718682
1990-02-20,102.625,103.125,102.25,102.875,5599600,16.399851
1990-02-16,104.50,104.50,103.375,103.50,8805600,16.499486
1990-02-15,104.125,104.625,103.75,103.75,5704000,16.539339
1990-02-14,103.375,104.25,103.25,103.75,6006800,16.539339
1990-02-13,101.875,103.25,101.25,103.25,7168400,16.459632
1990-02-12,102.375,102.375,100.625,101.125,4766400,16.120874
1990-02-09,102.875,103.25,102.00,102.50,5061600,16.34007
1990-02-08,103.625,103.875,101.875,102.75,7932000,16.379924
1990-02-07,100.75,103.75,100.625,103.125,12057600,16.439705
1990-02-06,99.625,101.375,98.625,101.00,10808000,16.100947
1990-02-05,97.625,99.875,97.50,99.625,5299200,15.881751
1990-02-02,97.875,98.75,97.875,98.375,6064400,15.489588
1990-02-01,98.625,99.75,97.75,97.75,6903600,15.391179
1990-01-31,98.00,98.625,97.625,98.625,8452000,15.528952
1990-01-30,97.375,97.625,95.75,97.25,8646800,15.312452
1990-01-29,97.375,97.75,95.50,97.25,5153600,15.312452
1990-01-26,96.125,97.25,95.125,96.875,7345600,15.253407
1990-01-25,97.875,97.875,95.00,95.875,6792400,15.095952
1990-01-24,95.75,97.875,95.50,97.50,9820400,15.351816
1990-01-23,97.00,98.25,96.625,96.75,5922800,15.233725
1990-01-22,98.75,99.125,96.50,96.625,6882800,15.214043
1990-01-19,99.75,99.875,98.50,98.625,6594800,15.528952
1990-01-18,98.00,99.625,97.625,99.50,6926400,15.666725
1990-01-17,100.375,100.875,98.375,98.875,8926000,15.568316
1990-01-16,97.50,100.375,97.50,100.125,8220400,15.765134
1990-01-15,97.625,98.375,97.25,98.125,4035600,15.450225
1990-01-12,98.625,99.25,97.625,97.875,5390800,15.410861
1990-01-11,99.50,100.375,99.375,99.875,5905600,15.72577
1990-01-10,99.50,100.00,98.625,99.00,5945600,15.587998
1990-01-09,100.50,101.25,99.375,99.375,7048000,15.647043
1990-01-08,99.25,100.875,99.25,100.375,4625200,15.804497
1990-01-05,99.875,101.625,99.50,99.75,7570000,15.706088
1990-01-04,99.00,100.375,98.875,100.00,9674800,15.745452
1990-01-03,98.75,99.50,98.375,98.875,9464000,15.568316
1990-01-02,94.75,98.125,94.50,98.00,7041600,15.430543
1989-12-29,94.25,94.625,94.00,94.125,6549600,14.820407
1989-12-28,94.875,95.125,94.00,94.125,4769200,14.820407
1989-12-27,94.75,95.375,94.50,94.75,4662800,14.918816
1989-12-26,95.125,95.50,94.25,94.50,2728800,14.879452
1989-12-22,95.25,95.75,95.125,95.375,4020400,15.017225
1989-12-21,94.50,95.375,94.375,95.125,7221600,14.977861
1989-12-20,94.875,95.125,93.875,94.625,6065200,14.899134
1989-12-19,93.625,95.25,93.375,94.75,8968800,14.918816
1989-12-18,94.625,95.25,93.375,93.625,7727600,14.741679
1989-12-15,95.25,95.25,94.00,95.00,12173200,14.958179
1989-12-14,95.125,95.50,95.00,95.125,5546000,14.977861
1989-12-13,96.875,97.375,95.625,95.875,5335600,15.095952
1989-12-12,96.125,97.00,95.625,97.00,8408400,15.273088
1989-12-11,96.625,96.75,95.50,96.125,6948800,15.135316
1989-12-08,98.00,98.125,96.50,96.875,4910400,15.253407
1989-12-07,98.875,99.25,97.625,98.00,5524800,15.430543
1989-12-06,99.00,99.25,98.50,98.625,5335200,15.528952
1989-12-05,101.75,101.875,99.625,99.625,8866800,15.686407
1989-12-04,97.375,99.50,97.375,99.25,8107600,15.627361
1989-12-01,97.625,98.125,96.875,97.125,5736800,15.29277
1989-11-30,97.50,98.125,96.875,97.625,4005200,15.371498
1989-11-29,98.50,98.625,97.50,97.75,3826000,15.391179
1989-11-28,99.125,99.375,98.50,98.875,4630800,15.568316
1989-11-27,100.50,100.75,98.25,99.375,4981600,15.647043
1989-11-24,100.25,100.75,100.25,100.375,2555200,15.804497
1989-11-22,99.625,100.50,99.375,100.125,4517600,15.765134
1989-11-21,99.00,99.75,98.50,99.50,4511600,15.666725
1989-11-20,99.125,99.375,98.00,98.75,4998800,15.548634
1989-11-17,97.00,99.75,96.75,99.125,9109200,15.607679
1989-11-16,98.00,98.25,96.00,97.125,7245200,15.29277
1989-11-15,98.375,98.50,97.125,97.875,5221200,15.410861
1989-11-14,98.75,99.25,97.75,98.00,6759600,15.430543
1989-11-13,98.375,98.875,97.75,98.25,5713600,15.469907
1989-11-10,97.875,98.625,97.625,98.125,5310400,15.450225
1989-11-09,96.875,97.50,96.50,97.375,6111600,15.332134
1989-11-08,97.625,98.00,96.75,96.75,6315200,15.233725
1989-11-07,96.50,97.75,96.25,97.375,5996400,15.332134
1989-11-06,98.125,98.125,96.50,96.625,8018400,15.214043
1989-11-03,97.875,98.875,97.875,98.50,4481600,15.50927
1989-11-02,99.125,99.625,96.75,97.875,10778000,15.410861
1989-11-01,100.25,100.375,99.625,100.00,7224400,15.554933
1989-10-31,100.00,101.375,99.875,100.25,7036000,15.593821
1989-10-30,100.50,100.75,99.375,99.50,4741600,15.477159
1989-10-27,100.25,100.875,99.50,99.875,8436400,15.53549
1989-10-26,101.125,101.75,100.50,100.75,6823600,15.671595
1989-10-25,101.75,102.75,101.75,101.875,4377200,15.846588
1989-10-24,103.25,104.50,101.00,103.00,8082000,16.021581
1989-10-23,104.25,104.75,103.375,103.50,5800000,16.099356
1989-10-20,104.125,104.625,103.50,104.25,7726400,16.216018
1989-10-19,103.50,105.375,103.125,104.125,8906400,16.196574
1989-10-18,101.75,103.00,101.50,101.75,6253200,15.827145
1989-10-17,102.00,102.875,100.50,102.25,11628400,15.904919
1989-10-16,98.50,107.75,97.75,103.00,21450800,16.021581
1989-10-13,107.375,108.00,99.875,102.00,9716800,15.866032
1989-10-12,107.625,107.75,107.25,107.625,4170400,16.740997
1989-10-11,108.00,108.25,107.50,107.75,4696400,16.760441
1989-10-10,109.25,109.375,107.875,108.25,4258000,16.838215
1989-10-09,107.75,109.25,107.75,109.25,3172000,16.993765
1989-10-06,107.50,108.125,107.125,107.50,5562800,16.721553
1989-10-05,108.75,109.125,107.00,107.50,6962000,16.721553
1989-10-04,106.00,108.25,106.00,108.25,12170000,16.838215
1989-10-03,108.125,108.25,105.625,106.00,11879200,16.488229
1989-10-02,109.375,109.75,108.375,108.625,6179600,16.896546
1989-09-29,109.00,109.375,108.625,109.25,8686000,16.993765
1989-09-28,111.125,111.25,107.75,109.00,15702800,16.954877
1989-09-27,111.00,112.50,111.00,111.50,22626000,17.343751
1989-09-26,116.75,117.75,116.625,117.50,5478800,18.277047
1989-09-25,116.75,117.875,116.125,116.25,4562000,18.08261
1989-09-22,116.375,116.875,116.125,116.50,2908000,18.121497
1989-09-21,116.00,117.25,116.00,116.125,4774000,18.063166
1989-09-20,116.00,116.375,115.75,116.00,3857600,18.043723
1989-09-19,116.375,116.50,116.00,116.00,4152000,18.043723
1989-09-18,115.625,116.125,115.375,116.125,3597600,18.063166
1989-09-15,115.625,116.25,115.125,115.50,8215200,17.965948
1989-09-14,115.375,115.875,115.00,115.75,4278000,18.004835
1989-09-13,117.00,117.50,115.375,115.375,6668000,17.946504
1989-09-12,116.125,117.25,116.125,116.875,4316800,18.179828
1989-09-11,115.875,116.375,115.375,116.25,3786400,18.08261
1989-09-08,115.875,116.375,115.00,116.00,4693600,18.043723
1989-09-07,117.00,117.00,115.875,116.25,4564800,18.08261
1989-09-06,117.625,117.625,116.00,116.75,4422400,18.160385
1989-09-05,117.50,118.75,117.375,117.75,6833200,18.315934
1989-09-01,116.875,118.25,116.875,117.375,4199200,18.257603
1989-08-31,117.25,117.625,116.875,117.125,3756000,18.218716
1989-08-30,116.50,117.50,116.125,116.875,6039200,18.179828
1989-08-29,117.75,118.375,116.00,116.375,5335200,18.102054
1989-08-28,116.00,118.125,115.375,118.00,6726400,18.354821
1989-08-25,116.00,116.50,115.625,116.125,5590400,18.063166
1989-08-24,113.875,116.125,113.25,116.00,10243200,18.043723
1989-08-23,113.875,114.125,112.75,114.00,4057600,17.732624
1989-08-22,113.125,113.875,112.50,113.625,6304000,17.674293
1989-08-21,115.00,115.375,113.00,113.00,4914000,17.577075
1989-08-18,114.75,115.50,114.75,115.125,5214800,17.907617
1989-08-17,115.50,115.75,114.375,114.75,4374800,17.849286
1989-08-16,116.25,116.375,115.125,115.50,4097600,17.965948
1989-08-15,116.50,116.50,115.375,116.25,4409600,18.08261
1989-08-14,115.00,116.50,114.75,116.125,5942400,18.063166
1989-08-11,118.00,118.25,114.875,115.50,7165200,17.965948
1989-08-10,116.875,118.25,116.125,117.50,5542000,18.277047
1989-08-09,118.00,119.125,117.125,117.125,6479200,18.218716
1989-08-08,117.875,119.375,117.75,118.25,10592800,18.393709
1989-08-07,116.50,117.625,115.75,117.375,8838000,18.257603
1989-08-04,113.375,115.75,113.25,115.50,9625600,17.965948
1989-08-03,112.75,114.00,112.625,113.75,8900000,17.693737
1989-08-02,114.75,115.00,113.625,114.00,6328400,17.544408
1989-08-01,115.50,116.50,114.50,114.625,7968000,17.640594
1989-07-31,113.625,115.25,113.625,115.00,5461200,17.698306
1989-07-28,113.25,114.25,113.125,113.375,4750800,17.448221
1989-07-27,112.50,113.00,111.875,113.00,6232400,17.390509
1989-07-26,111.375,112.625,110.625,112.50,8783600,17.31356
1989-07-25,113.625,114.375,112.50,112.75,4400800,17.352035
1989-07-24,113.875,114.125,113.375,113.50,3789600,17.467459
1989-07-21,112.50,114.375,112.50,114.125,6610800,17.563645
1989-07-20,114.00,114.625,112.75,112.75,5055200,17.352035
1989-07-19,115.25,115.50,114.125,114.375,5478400,17.60212
1989-07-18,116.125,116.75,114.50,114.75,6050400,17.659831
1989-07-17,114.50,116.50,114.50,116.00,5684800,17.852204
1989-07-14,114.75,115.00,113.625,114.75,5793200,17.659831
1989-07-13,114.75,115.25,114.25,114.875,4674400,17.679069
1989-07-12,113.625,115.125,113.375,114.75,4613600,17.659831
1989-07-11,115.50,115.875,113.625,113.875,6970000,17.52517
1989-07-10,112.375,115.00,112.25,114.625,7008400,17.640594
1989-07-07,111.875,112.75,111.25,112.125,4863200,17.255848
1989-07-06,112.375,112.375,111.375,111.625,3357200,17.178899
1989-07-05,111.75,112.75,111.25,112.00,4124400,17.236611
1989-07-03,112.50,112.50,111.75,112.25,2451200,17.275086
1989-06-30,111.75,112.125,109.625,111.875,7298800,17.217374
1989-06-29,113.125,113.25,111.25,111.50,6438000,17.159662
1989-06-28,114.25,115.125,113.125,113.875,6776800,17.52517
1989-06-27,112.50,114.50,112.375,114.375,9717200,17.60212
1989-06-26,111.25,112.75,110.875,112.00,6836400,17.236611
1989-06-23,110.00,111.125,109.625,110.875,8511600,17.063476
1989-06-22,109.625,109.875,108.50,109.125,6168400,16.794153
1989-06-21,109.875,110.375,109.375,109.75,5136400,16.89034
1989-06-20,110.25,111.25,109.375,109.50,4722000,16.851865
1989-06-19,109.625,110.50,109.625,110.375,4937600,16.986526
1989-06-16,108.875,109.625,108.375,109.50,10901200,16.851865
1989-06-15,110.375,110.50,108.50,109.375,6276400,16.832628
1989-06-14,111.25,111.50,109.625,110.375,4780800,16.986526
1989-06-13,109.00,111.625,108.50,111.00,9296000,17.082713
1989-06-12,107.50,109.00,107.50,108.875,7675200,16.755679
1989-06-09,109.00,109.50,108.375,108.375,5567200,16.67873
1989-06-08,109.625,109.625,108.75,109.25,5085600,16.813391
1989-06-07,109.75,110.375,109.125,109.50,4569200,16.851865
1989-06-06,109.125,109.75,108.625,109.625,7084400,16.871103
1989-06-05,110.125,110.125,108.75,109.00,5078800,16.774916
1989-06-02,110.50,110.875,109.625,110.125,6460800,16.948052
1989-06-01,109.50,110.75,109.50,110.00,5605600,16.928815
1989-05-31,108.125,110.125,107.875,109.625,6944400,16.871103
1989-05-30,109.625,109.75,107.50,108.25,6532400,16.659492
1989-05-26,109.625,110.00,109.25,109.50,3366400,16.851865
1989-05-25,109.50,110.25,109.50,109.625,3919200,16.871103
1989-05-24,109.50,110.125,109.375,109.75,6724000,16.89034
1989-05-23,109.25,109.875,109.125,109.50,8030400,16.851865
1989-05-22,111.625,111.875,109.25,109.875,7728000,16.909577
1989-05-19,112.25,112.50,110.875,111.125,11465200,17.10195
1989-05-18,110.75,112.50,110.625,112.00,6972000,17.236611
1989-05-17,111.375,111.875,110.25,111.50,7227600,17.159662
1989-05-16,112.50,113.125,111.25,111.375,8015200,17.140425
1989-05-15,110.875,112.875,110.625,112.75,8061200,17.352035
1989-05-12,111.00,111.25,110.25,110.75,6883600,17.044238
1989-05-11,109.875,109.875,109.00,109.125,4770400,16.794153
1989-05-10,110.00,110.25,109.625,109.625,5157600,16.871103
1989-05-09,109.375,110.125,109.125,109.75,6089600,16.89034
1989-05-08,109.125,109.75,108.625,109.50,5288000,16.851865
1989-05-05,111.25,111.375,109.125,109.375,5777200,16.832628
1989-05-04,110.50,111.125,110.25,110.625,3936000,17.025001
1989-05-03,112.25,112.50,111.50,111.50,5728800,16.973445
1989-05-02,113.625,113.75,112.375,112.375,3744000,17.106645
1989-05-01,113.00,113.625,112.875,113.375,4713200,17.258873
1989-04-28,114.625,114.625,114.00,114.125,4438000,17.373044
1989-04-27,114.625,115.75,114.25,114.625,7433600,17.449158
1989-04-26,114.50,114.75,113.50,114.50,5206400,17.43013
1989-04-25,114.00,115.125,113.375,114.50,8021200,17.43013
1989-04-24,113.50,114.375,113.125,113.50,5777200,17.277901
1989-04-21,112.50,113.50,112.125,113.50,6157600,17.277901
1989-04-20,112.625,112.875,111.00,112.375,4931600,17.106645
1989-04-19,112.50,113.125,112.125,112.375,5820400,17.106645
1989-04-18,112.25,113.125,112.125,113.00,6229600,17.201787
1989-04-17,110.75,111.75,110.75,111.375,3648800,16.954416
1989-04-14,110.50,112.00,110.50,110.875,7160800,16.878302
1989-04-13,110.75,111.00,108.875,109.25,3826800,16.630932
1989-04-12,111.875,112.25,110.875,111.125,4037600,16.916359
1989-04-11,110.25,111.375,110.00,111.125,4747600,16.916359
1989-04-10,109.50,110.25,109.50,110.00,3378400,16.745103
1989-04-07,107.75,110.25,107.75,109.75,6426800,16.707046
1989-04-06,107.375,108.25,107.125,108.00,4009600,16.440646
1989-04-05,107.125,108.00,107.125,107.75,5808000,16.402589
1989-04-04,108.00,108.50,106.25,107.125,9346800,16.307447
1989-04-03,109.25,109.50,108.50,108.50,5124000,16.51676
1989-03-31,109.00,109.50,109.00,109.125,4478800,16.611903
1989-03-30,109.625,109.75,108.25,108.75,6609600,16.554817
1989-03-29,109.75,110.375,109.125,109.625,4898400,16.688017
1989-03-28,110.625,110.875,109.375,110.00,4989600,16.745103
1989-03-27,109.50,110.375,109.00,110.125,5455200,16.764131
1989-03-23,109.75,110.25,108.50,109.625,8062000,16.688017
1989-03-22,108.25,109.375,107.625,109.25,10378800,16.630932
1989-03-21,110.375,110.50,109.75,110.125,13825200,16.764131
1989-03-20,111.125,111.375,109.00,109.50,15914400,16.668989
1989-03-17,115.625,116.50,111.375,112.50,18744400,17.125673
1989-03-16,117.375,118.75,117.25,118.125,9067600,17.981957
1989-03-15,117.75,118.75,117.00,117.00,6606000,17.8107
1989-03-14,119.25,119.375,117.625,117.875,4679600,17.9439
1989-03-13,118.125,119.625,118.125,118.875,5710400,18.096128
1989-03-10,118.25,118.50,117.125,118.25,7144400,18.000985
1989-03-09,119.625,119.875,118.125,118.625,5651600,18.058071
1989-03-08,119.625,120.625,119.50,119.625,5387200,18.210299
1989-03-07,121.00,121.125,119.375,119.875,7507200,18.248356
1989-03-06,121.375,121.625,120.625,121.50,5311200,18.495727
1989-03-03,120.625,121.00,120.125,120.875,3786400,18.400584
1989-03-02,119.75,120.875,119.75,120.50,5352000,18.343499
1989-03-01,122.125,122.375,119.125,119.875,5998400,18.248356
1989-02-28,121.75,122.25,121.375,121.50,4885600,18.495727
1989-02-27,121.25,121.875,120.625,121.625,7054400,18.514756
1989-02-24,123.375,123.50,121.125,121.125,6991600,18.438641
1989-02-23,122.75,123.625,122.625,123.375,6268800,18.781155
1989-02-22,125.25,125.50,123.25,123.375,5408000,18.781155
1989-02-21,125.625,126.00,125.00,125.50,4401200,19.10464
1989-02-17,125.875,126.625,125.25,125.25,5346800,19.066583
1989-02-16,126.875,126.875,125.00,125.875,5086400,19.161725
1989-02-15,124.875,127.125,124.875,127.00,6428800,19.332982
1989-02-14,126.625,126.75,124.75,124.75,4462400,18.990469
1989-02-13,125.75,126.25,124.75,126.00,5232800,19.180754
1989-02-10,125.75,126.625,125.00,125.00,7702400,19.028526
1989-02-09,126.375,127.50,126.00,126.375,6344000,19.23784
1989-02-08,128.125,128.375,126.875,127.00,6115200,19.332982
1989-02-07,126.25,128.625,126.25,127.625,6187200,19.428125
1989-02-06,127.25,127.875,126.25,126.625,4803600,19.275897
1989-02-03,128.00,128.875,126.875,127.75,6214400,19.447153
1989-02-02,128.75,129.875,127.875,128.375,6789200,19.542296
1989-02-01,129.75,130.875,129.25,129.625,8673600,19.56513
1989-01-31,128.75,130.875,127.375,130.625,9513600,19.716067
1989-01-30,127.375,129.25,127.25,128.75,8241600,19.433061
1989-01-27,126.75,127.875,126.375,126.875,11902000,19.150055
1989-01-26,123.125,127.00,123.125,126.00,10243600,19.017986
1989-01-25,124.25,124.375,123.00,123.25,5668800,18.602911
1989-01-24,122.375,124.625,122.125,124.25,5570800,18.753847
1989-01-23,123.50,124.125,122.125,122.375,3827600,18.470841
1989-01-20,124.00,124.375,123.50,123.625,4065200,18.659512
1989-01-19,124.875,125.375,123.75,124.25,6982400,18.753847
1989-01-18,123.875,125.00,122.125,125.00,7882400,18.867049
1989-01-17,123.875,124.50,123.50,123.875,4710800,18.697246
1989-01-16,123.625,125.125,123.375,124.25,4996000,18.753847
1989-01-13,123.125,123.75,122.375,123.375,4678000,18.621778
1989-01-12,122.50,124.125,122.25,123.125,7927600,18.584044
1989-01-11,121.125,122.25,120.75,122.25,3848800,18.451974
1989-01-10,122.125,122.50,120.875,121.125,4294800,18.282171
1989-01-09,121.625,122.375,121.50,122.00,4604400,18.41424
1989-01-06,122.50,122.75,121.375,121.875,5104000,18.395373
1989-01-05,122.50,123.125,122.00,122.25,5778400,18.451974
1989-01-04,121.50,122.625,121.25,122.50,5089600,18.489708
1989-01-03,121.875,122.25,120.625,121.00,5776000,18.263304
1988-12-30,123.50,123.625,121.625,121.875,2365600,18.395373
1988-12-29,122.50,124.00,122.50,123.25,3085200,18.602911
1988-12-28,123.00,123.125,121.875,122.50,2332800,18.489708
1988-12-27,123.00,123.875,122.625,123.125,2300000,18.584044
1988-12-23,123.00,123.50,122.75,123.375,1851600,18.621778
1988-12-22,122.875,123.25,122.375,122.50,3188000,18.489708
1988-12-21,123.125,123.625,122.75,123.00,4829600,18.565177
1988-12-20,123.875,124.125,123.00,123.25,8422400,18.602911
1988-12-19,121.25,123.25,121.125,122.75,5688000,18.527442
1988-12-16,121.25,121.875,121.125,121.25,8028400,18.301038
1988-12-15,121.375,121.625,120.25,121.00,3701600,18.263304
1988-12-14,120.375,121.75,120.25,120.50,4783200,18.187836
1988-12-13,120.25,120.75,119.50,120.75,3838400,18.22557
1988-12-12,120.50,121.875,120.125,120.50,3583200,18.187836
1988-12-09,119.625,120.75,119.625,120.375,4513200,18.168969
1988-12-08,120.625,121.375,119.375,119.375,3638400,18.018032
1988-12-07,121.875,122.75,120.875,121.00,5619200,18.263304
1988-12-06,120.875,122.125,120.50,122.125,5074000,18.433107
1988-12-05,119.50,121.625,119.50,120.875,5518000,18.244437
1988-12-02,117.625,119.375,117.625,119.25,5431200,17.999165
1988-12-01,118.375,118.75,117.75,118.25,3590800,17.848229
1988-11-30,119.25,119.75,118.25,118.50,5083600,17.885963
1988-11-29,119.375,119.75,117.625,119.375,6780800,18.018032
1988-11-28,116.25,119.75,116.25,118.875,5970400,17.942564
1988-11-25,116.75,116.75,116.00,116.00,2644000,17.508622
1988-11-23,117.25,118.50,117.00,118.00,3122400,17.810495
1988-11-22,115.50,117.25,115.375,117.00,4103200,17.659558
1988-11-21,115.50,115.625,114.125,115.625,4057600,17.452021
1988-11-18,115.875,116.125,115.375,115.75,4562000,17.470888
1988-11-17,115.75,116.00,114.875,115.50,4945200,17.433154
1988-11-16,117.50,117.50,114.50,115.50,7426000,17.433154
1988-11-15,117.25,118.125,117.00,117.50,4088000,17.735026
1988-11-14,117.25,117.50,116.375,117.125,5311600,17.678425
1988-11-11,119.00,119.25,116.375,116.625,5540800,17.602957
1988-11-10,119.75,120.375,119.625,119.75,4514000,18.074633
1988-11-09,119.50,120.00,118.50,119.875,5564400,18.0935
1988-11-08,119.625,120.625,119.375,119.75,4466400,18.074633
1988-11-07,120.00,120.125,118.625,119.125,5756800,17.980298
1988-11-04,120.375,121.375,120.25,120.25,6867200,18.150101
1988-11-03,122.875,122.875,122.125,122.25,3634400,18.285946
1988-11-02,123.625,123.875,121.75,122.875,4096000,18.379432
1988-11-01,122.875,124.375,122.50,124.00,5109600,18.547708
1988-10-31,120.25,122.875,120.25,122.625,5066800,18.342038
1988-10-28,120.75,121.25,120.375,120.75,3808800,18.061578
1988-10-27,121.25,121.25,119.50,120.25,5396800,17.986789
1988-10-26,122.50,122.50,121.50,121.625,3657200,18.192459
1988-10-25,123.25,123.50,122.25,122.875,4112000,18.379432
1988-10-24,124.625,124.625,123.125,123.125,4093200,18.416827
1988-10-21,124.625,124.625,123.625,124.375,7736800,18.6038
1988-10-20,122.625,124.875,122.375,124.875,6826800,18.678589
1988-10-19,124.25,124.75,120.50,122.375,8982400,18.304643
1988-10-18,121.25,124.375,121.125,124.375,7079200,18.6038
1988-10-17,119.625,121.875,119.375,121.125,4368000,18.11767
1988-10-14,119.875,120.25,119.375,119.75,8980000,17.912
1988-10-13,117.875,119.75,117.75,118.625,6099600,17.743724
1988-10-12,117.75,118.50,117.50,117.50,7264400,17.575449
1988-10-11,116.25,118.75,116.125,118.75,6417200,17.762422
1988-10-10,116.00,116.50,115.50,116.125,3346000,17.369779
1988-10-07,115.25,116.25,114.75,116.00,7892400,17.351081
1988-10-06,113.375,114.125,113.375,114.00,3113200,17.051925
1988-10-05,114.125,114.375,112.75,113.875,4524400,17.033228
1988-10-04,114.875,115.375,114.375,114.50,3340000,17.126714
1988-10-03,115.125,115.25,114.00,114.875,4172000,17.182806
1988-09-30,115.375,116.50,114.75,115.375,6477200,17.257595
1988-09-29,114.00,115.50,113.75,115.375,5429600,17.257595
1988-09-28,113.00,114.125,113.00,113.875,3982800,17.033228
1988-09-27,112.375,113.625,111.375,113.25,4819600,16.939741
1988-09-26,113.00,113.625,112.25,112.25,3405200,16.790163
1988-09-23,112.00,113.375,111.75,112.875,3603600,16.883649
1988-09-22,113.125,113.875,112.00,112.00,5102400,16.752768
1988-09-21,113.00,113.625,112.50,113.25,2695600,16.939741
1988-09-20,112.625,113.375,112.375,112.75,2929200,16.864952
1988-09-19,113.75,114.125,111.75,112.75,6198000,16.864952
1988-09-16,113.50,115.00,113.375,114.25,9426000,17.089319
1988-09-15,114.875,115.375,113.75,113.75,3588000,17.01453
1988-09-14,115.75,115.875,113.50,114.625,7358800,17.145411
1988-09-13,112.75,115.00,112.50,115.00,5270000,17.201503
1988-09-12,114.875,115.375,113.375,113.625,5224000,16.995833
1988-09-09,112.00,115.25,111.25,114.375,7888000,17.108017
1988-09-08,111.625,113.125,111.375,112.125,4192800,16.771466
1988-09-07,113.25,113.25,111.625,111.75,3678000,16.715374
1988-09-06,113.75,113.875,112.375,112.875,3832800,16.883649
1988-09-02,111.625,114.75,111.625,114.00,6259600,17.051925
1988-09-01,111.125,111.125,109.50,110.25,5952400,16.491006
1988-08-31,113.375,113.50,110.75,111.50,3728800,16.677979
1988-08-30,113.625,113.75,112.625,112.875,3587200,16.883649
1988-08-29,112.75,114.00,112.75,113.375,3469600,16.958438
1988-08-26,111.625,112.75,111.50,112.25,3076000,16.790163
1988-08-25,111.75,112.125,110.75,111.625,4920000,16.696676
1988-08-24,111.375,112.875,111.25,112.75,5272800,16.864952
1988-08-23,111.125,111.75,110.375,110.875,4774800,16.584493
1988-08-22,113.00,113.125,110.75,110.75,4479200,16.565795
1988-08-19,114.875,115.00,112.50,112.75,5279600,16.864952
1988-08-18,114.75,115.50,114.125,114.625,3633600,17.145411
1988-08-17,115.75,116.375,113.75,114.625,5870800,17.145411
1988-08-16,115.00,116.75,114.625,115.75,8816000,17.313687
1988-08-15,117.625,117.875,115.00,115.125,6656000,17.2202
1988-08-12,118.625,118.75,117.875,118.00,3742000,17.650238
1988-08-11,119.375,119.625,117.375,119.00,7612000,17.799816
1988-08-10,121.25,121.625,118.875,118.875,8146000,17.781119
1988-08-09,123.625,123.625,121.625,121.625,6506000,18.192459
1988-08-08,123.75,124.375,123.125,123.125,2588000,18.416827
1988-08-05,123.625,124.25,123.50,123.875,2884000,18.52901
1988-08-04,125.50,125.50,124.00,124.25,4455200,18.585102
1988-08-03,125.75,126.50,125.50,125.75,7685600,18.644933
1988-08-02,126.50,126.875,124.625,125.75,5353600,18.644933
1988-08-01,126.00,126.50,125.375,126.25,4344400,18.719068
1988-07-29,124.50,126.25,124.25,125.75,7335200,18.644933
1988-07-28,121.75,123.875,121.25,123.75,4847600,18.348394
1988-07-27,122.875,123.125,120.75,121.125,5170400,17.959185
1988-07-26,122.50,123.375,122.375,122.625,5232000,18.18159
1988-07-25,120.625,122.375,120.25,122.375,4532000,18.144523
1988-07-22,121.50,121.625,120.00,120.125,7274800,17.810915
1988-07-21,123.50,123.625,121.50,121.75,4772800,18.051854
1988-07-20,124.625,124.75,123.375,124.00,4856800,18.385461
1988-07-19,125.125,125.375,123.125,124.00,6014000,18.385461
1988-07-18,125.625,126.25,124.875,125.125,6892000,18.552265
1988-07-15,125.50,126.50,125.00,126.50,7890800,18.756136
1988-07-14,125.375,125.75,124.625,124.75,5150800,18.496663
1988-07-13,125.375,125.625,123.50,125.25,6727600,18.570798
1988-07-12,127.125,127.375,124.375,125.25,6585600,18.570798
1988-07-11,126.75,127.375,126.375,126.75,3033600,18.793203
1988-07-08,127.25,128.25,126.25,126.375,5797600,18.737602
1988-07-07,126.625,127.875,126.375,127.625,8262800,18.922939
1988-07-06,129.125,129.50,126.00,126.875,8117200,18.811737
1988-07-05,126.375,129.25,126.00,129.25,5349200,19.163878
1988-07-01,127.75,127.75,125.75,126.625,4240000,18.774669
1988-06-30,127.50,127.75,126.75,127.375,6336400,18.885872
1988-06-29,127.75,128.375,126.375,127.00,8623600,18.830271
1988-06-28,125.125,127.75,125.00,127.00,7354400,18.830271
1988-06-27,125.25,126.25,124.75,125.00,6786800,18.533731
1988-06-24,126.25,126.25,124.75,125.125,6746800,18.552265
1988-06-23,123.00,125.875,122.75,125.75,11714000,18.644933
1988-06-22,123.00,123.625,122.625,123.00,16360400,18.237191
1988-06-21,117.875,120.375,117.50,120.25,8454400,17.829449
1988-06-20,116.875,117.625,116.625,117.125,3746000,17.366106
1988-06-17,117.25,117.50,115.75,117.50,9338800,17.421707
1988-06-16,117.75,118.375,117.125,117.125,4766800,17.366106
1988-06-15,118.50,119.625,118.50,118.875,5475600,17.625578
1988-06-14,119.00,119.75,118.25,118.75,9561600,17.607044
1988-06-13,116.375,117.375,115.75,117.00,4115600,17.347572
1988-06-10,115.875,117.375,115.50,116.00,5142400,17.199302
1988-06-09,116.375,117.125,115.25,115.375,6520000,17.106634
1988-06-08,114.125,116.875,114.00,116.625,8447600,17.291971
1988-06-07,114.25,115.25,113.625,113.75,6927600,16.865695
1988-06-06,113.625,114.375,113.00,114.375,4240000,16.958364
1988-06-03,112.875,113.875,112.00,113.25,3345600,16.79156
1988-06-02,113.125,113.625,111.75,112.625,4360000,16.698892
1988-06-01,113.00,114.50,112.375,113.125,8707200,16.773026
1988-05-31,108.25,113.00,108.125,112.50,4849600,16.680358
1988-05-27,108.125,108.375,107.50,108.00,2108000,16.013143
1988-05-26,108.75,109.25,108.125,108.25,3227200,16.050211
1988-05-25,109.50,109.75,108.50,108.50,4079200,16.087278
1988-05-24,109.00,109.50,108.625,109.25,3603600,16.198481
1988-05-23,109.75,109.875,108.125,108.75,3647600,16.124346
1988-05-20,110.625,110.75,109.375,109.50,4041600,16.235548
1988-05-19,108.875,110.625,108.625,110.50,6066800,16.383818
1988-05-18,110.25,110.625,108.50,108.875,4882000,16.14288
1988-05-17,112.25,112.75,110.00,110.125,5092800,16.328217
1988-05-16,110.50,111.75,109.875,111.625,2901200,16.550622
1988-05-13,109.25,110.375,109.125,110.375,3054000,16.365284
1988-05-12,108.875,109.375,108.625,108.75,3239200,16.124346
1988-05-11,109.875,109.875,108.375,108.75,6393200,16.124346
1988-05-10,111.00,111.50,110.00,110.875,3698800,16.439419
1988-05-09,110.50,110.875,109.875,110.50,3192000,16.383818
1988-05-06,111.25,111.875,110.125,110.50,3067600,16.383818
1988-05-05,111.50,111.625,110.875,111.25,4675600,16.49502
1988-05-04,114.75,114.75,113.25,113.25,4738400,16.628463
1988-05-03,114.375,115.125,113.25,114.625,3411200,16.830354
1988-05-02,113.625,114.375,113.125,114.125,4179600,16.756939
1988-04-29,113.00,113.75,112.625,113.375,3066400,16.646817
1988-04-28,113.50,113.50,112.625,113.125,3207600,16.610109
1988-04-27,114.375,114.50,113.125,114.00,3780400,16.738585
1988-04-26,114.00,114.75,113.375,114.25,5254800,16.775293
1988-04-25,114.25,114.625,113.50,113.875,4823200,16.720231
1988-04-22,112.75,114.25,112.375,113.75,4400000,16.701878
1988-04-21,113.25,114.125,111.50,112.375,7722400,16.499987
1988-04-20,113.125,113.875,112.00,112.875,6674000,16.573402
1988-04-19,114.50,116.00,113.00,113.125,6997200,16.610109
1988-04-18,113.625,114.50,113.25,114.00,5560000,16.738585
1988-04-15,111.75,114.375,111.00,114.125,11184800,16.756939
1988-04-14,114.25,115.75,111.25,111.375,11407200,16.353157
1988-04-13,114.875,116.50,114.25,116.125,10383600,17.050598
1988-04-12,113.375,114.125,113.25,113.625,5351200,16.683524
1988-04-11,112.375,113.625,111.875,113.375,5992000,16.646817
1988-04-08,109.50,112.625,109.375,111.625,6968000,16.389865
1988-04-07,109.625,110.25,108.125,109.25,6264400,16.041144
1988-04-06,107.875,109.75,105.75,109.625,7516400,16.096205
1988-04-05,107.875,108.25,105.625,107.50,6127200,15.784192
1988-04-04,107.50,109.00,106.75,107.50,5990400,15.784192
1988-03-31,104.625,108.50,104.50,107.625,7008000,15.802546
1988-03-30,106.50,106.625,104.75,105.125,8540000,15.435472
1988-03-29,108.75,108.75,105.875,105.875,7596400,15.545594
1988-03-28,106.75,108.375,104.25,108.125,8745200,15.875961
1988-03-25,109.625,110.375,106.50,107.00,7529200,15.710777
1988-03-24,110.25,110.50,109.375,110.00,7140000,16.151266
1988-03-23,113.00,113.375,111.25,111.625,5366000,16.389865
1988-03-22,113.875,114.25,113.125,113.125,3692400,16.610109
1988-03-21,113.50,114.00,112.75,113.75,4312800,16.701878
1988-03-18,114.625,114.625,113.25,114.25,8597200,16.775293
1988-03-17,115.25,115.50,113.75,114.875,7108000,16.867061
1988-03-16,114.00,115.375,113.375,115.25,4513600,16.922122
1988-03-15,115.125,115.375,113.625,114.00,5356800,16.738585
1988-03-14,115.00,115.75,114.50,115.50,3960800,16.95883
1988-03-11,114.25,115.50,112.375,115.50,7193200,16.95883
1988-03-10,116.25,116.50,113.625,113.75,5760800,16.701878
1988-03-09,117.625,117.75,116.25,116.625,4480000,17.124013
1988-03-08,117.75,118.625,117.25,117.625,5848800,17.270843
1988-03-07,116.375,117.50,116.125,117.25,3560800,17.215782
1988-03-04,116.25,117.50,115.25,116.875,5000000,17.160721
1988-03-03,117.00,117.25,115.75,116.50,4320000,17.105659
1988-03-02,117.75,118.375,116.875,117.25,5844800,17.215782
1988-03-01,117.875,118.375,116.25,117.00,7891200,17.179074
1988-02-29,116.25,117.75,115.875,117.50,5640000,17.252489
1988-02-26,114.75,115.75,114.125,115.75,5234400,16.995537
1988-02-25,116.25,117.875,114.125,114.50,9516000,16.812
1988-02-24,115.625,116.75,114.75,116.125,6877600,17.050598
1988-02-23,115.375,115.875,114.375,115.375,7410000,16.940476
1988-02-22,113.125,115.625,113.125,115.25,7545600,16.922122
1988-02-19,112.50,113.375,112.125,113.375,5718000,16.646817
1988-02-18,112.75,113.75,112.125,112.50,5976400,16.518341
1988-02-17,113.625,114.25,112.00,112.75,7418800,16.555048
1988-02-16,112.625,113.75,112.50,113.75,5753600,16.701878
1988-02-12,111.25,112.875,111.00,112.00,5264000,16.444926
1988-02-11,111.625,112.375,110.50,111.25,5933600,16.334804
1988-02-10,109.50,111.75,109.50,111.625,8548000,16.389865
1988-02-09,108.00,109.25,107.25,109.125,5775600,16.02279
1988-02-08,107.25,108.375,106.875,107.75,7340800,15.8209
1988-02-05,108.75,109.50,107.75,108.00,4600000,15.857607
1988-02-04,109.00,109.25,107.50,108.625,7369600,15.949376
1988-02-03,109.875,111.75,108.25,109.00,10897600,15.842924
1988-02-02,109.625,110.625,109.125,109.875,9602800,15.970103
1988-02-01,112.75,113.50,110.00,110.00,7513600,15.988272
1988-01-29,114.125,114.375,110.50,112.375,6840000,16.333473
1988-01-28,113.50,114.50,113.00,113.75,4917600,16.533326
1988-01-27,112.125,114.75,111.50,112.75,8015200,16.387978
1988-01-26,112.75,113.50,111.50,111.875,4551600,16.260799
1988-01-25,110.75,113.25,110.50,113.25,6748800,16.460652
1988-01-22,111.375,111.75,109.625,110.50,5402800,16.060945
1988-01-21,110.75,112.00,109.00,111.00,10004800,16.133619
1988-01-20,110.00,111.375,108.625,110.375,16963200,16.042777
1988-01-19,115.00,115.50,111.50,111.75,14757200,16.24263
1988-01-18,118.875,119.75,117.00,117.75,5132400,17.114718
1988-01-15,118.375,120.25,118.375,119.00,11207200,17.296403
1988-01-14,115.625,117.375,114.50,115.875,5075200,16.842191
1988-01-13,114.50,118.25,113.375,116.125,8698400,16.878528
1988-01-12,117.50,117.75,113.25,115.25,9424000,16.751348
1988-01-11,116.25,118.00,114.50,117.75,7140000,17.114718
1988-01-08,123.00,123.75,114.875,114.875,8448000,16.696843
1988-01-07,121.75,124.00,121.125,123.375,5721200,17.9323
1988-01-06,122.00,123.25,121.25,122.875,6308400,17.859626
1988-01-05,122.50,123.50,121.625,121.875,8688800,17.714278
1988-01-04,117.00,121.25,116.75,120.75,7340400,17.550762
1987-12-31,115.50,116.375,115.00,115.50,4660000,16.787685
1987-12-30,116.375,117.75,116.375,117.00,4195200,17.005707
1987-12-29,116.25,116.625,115.50,116.00,2718400,16.860359
1987-12-28,117.00,117.625,115.125,115.75,4347200,16.824022
1987-12-24,119.625,119.875,119.00,119.875,2521200,17.423582
1987-12-23,118.875,120.375,118.75,119.50,6585600,17.369077
1987-12-22,117.00,118.375,116.50,118.25,4868000,17.187392
1987-12-21,117.125,119.50,116.875,118.25,6200800,17.187392
1987-12-18,115.50,118.25,115.25,117.25,11195600,17.042044
1987-12-17,119.00,119.50,115.00,115.50,7298800,16.787685
1987-12-16,116.00,119.25,115.75,118.875,8934400,17.278234
1987-12-15,115.375,117.00,114.25,116.00,9329600,16.860359
1987-12-14,110.375,115.75,110.25,115.125,6790000,16.73318
1987-12-11,111.00,111.625,109.25,110.125,5655200,16.00644
1987-12-10,111.75,114.50,110.50,111.00,9562800,16.133619
1987-12-09,111.00,114.75,111.00,114.00,8101600,16.569663
1987-12-08,109.50,111.50,108.375,111.50,6196800,16.206293
1987-12-07,108.25,109.50,107.75,109.50,5898800,15.915598
1987-12-04,105.75,107.75,105.00,107.75,8549200,15.661239
1987-12-03,110.50,110.875,106.50,106.50,9447200,15.479554
1987-12-02,111.00,112.125,110.25,110.50,5389600,16.060945
1987-12-01,112.50,112.875,111.00,111.25,6446800,16.169956
1987-11-30,112.25,112.375,110.00,110.75,11209200,16.097282
1987-11-27,116.50,117.00,114.375,114.875,3690000,16.696843
1987-11-25,118.375,118.875,117.375,117.625,4684400,17.096549
1987-11-24,118.00,119.50,117.875,118.50,6392000,17.223729
1987-11-23,117.125,117.75,116.25,117.50,3806400,17.078381
1987-11-20,115.00,117.875,114.75,117.75,9713600,17.114718
1987-11-19,118.00,118.875,115.625,115.625,6654400,16.805854
1987-11-18,118.00,119.50,116.25,118.375,6212000,17.20556
1987-11-17,119.00,119.25,116.25,117.75,8258800,17.114718
1987-11-16,123.00,123.25,117.75,120.00,6982400,17.441751
1987-11-13,122.125,122.625,121.25,121.625,5799200,17.677941
1987-11-12,122.00,123.50,121.125,122.25,8118400,17.768784
1987-11-11,119.00,120.125,118.25,119.25,5131200,17.33274
1987-11-10,116.00,119.50,115.125,117.75,7840000,17.114718
1987-11-09,119.00,119.75,118.00,118.125,8006400,17.169223
1987-11-06,123.75,124.50,119.00,119.50,6662800,17.369077
1987-11-05,119.50,124.625,119.125,123.75,8557600,17.986805
1987-11-04,120.75,122.50,119.50,120.625,7196400,17.372712
1987-11-03,122.75,123.00,118.00,121.875,7730400,17.55274
1987-11-02,121.00,124.875,121.00,124.50,6396000,17.930799
1987-10-30,123.875,125.00,121.75,122.50,9060800,17.642754
1987-10-29,118.75,123.00,118.25,120.25,8864000,17.318703
1987-10-28,118.00,120.00,114.00,118.00,10938000,16.994653
1987-10-27,118.00,118.625,115.00,118.00,9948000,16.994653
1987-10-26,117.00,117.00,112.00,112.00,9984000,16.130518
1987-10-23,118.50,122.75,118.00,120.75,8382400,17.390714
1987-10-22,116.50,122.50,111.50,120.00,15951200,17.282698
1987-10-21,123.00,125.50,120.00,122.75,21546400,17.678759
1987-10-20,115.00,122.00,108.00,115.00,28200000,16.562585
1987-10-19,135.00,138.00,100.00,103.25,25497600,14.870321
1987-10-16,141.00,141.25,132.00,135.00,18660000,19.443035
1987-10-15,143.375,145.75,140.00,140.125,15695600,20.18115
1987-10-14,146.75,147.375,144.125,145.25,11688400,20.919265
1987-10-13,151.25,151.50,145.00,148.75,12819200,21.423344
1987-10-12,147.00,151.25,145.50,149.50,7489200,21.531361
1987-10-09,151.00,151.625,147.00,147.375,9444000,21.225313
1987-10-08,152.625,152.875,150.00,151.50,7352800,21.819406
1987-10-07,151.00,153.00,150.00,152.75,8158000,21.999434
1987-10-06,155.75,156.375,151.00,151.00,8176800,21.747394
1987-10-05,155.50,157.25,154.50,156.50,6177200,22.539518
1987-10-02,155.00,156.875,154.75,155.25,7474000,22.35949
1987-10-01,151.25,154.75,151.00,154.625,7633600,22.269476
1987-09-30,149.25,151.875,148.50,150.75,12280000,21.711389
1987-09-29,152.50,153.75,149.50,150.50,10520000,21.675383
1987-09-28,157.00,158.25,151.50,152.75,9040000,21.999434
1987-09-25,156.00,156.625,155.00,156.00,4240000,22.467507
1987-09-24,153.625,158.125,153.625,155.875,8240000,22.449504
1987-09-23,155.125,156.00,152.875,154.25,9840000,22.215467
1987-09-22,150.625,155.75,149.25,155.75,11640000,22.431501
1987-09-21,156.00,156.50,149.75,150.50,10960000,21.675383
1987-09-18,158.25,158.50,155.125,155.375,9040000,22.377493
1987-09-17,157.75,158.625,156.125,157.875,8120000,22.737549
1987-09-16,156.625,159.875,156.00,156.625,9520000,22.557521
1987-09-15,162.25,162.25,157.00,157.50,9480000,22.683541
1987-09-14,162.25,162.75,161.25,162.00,5240000,23.331642
1987-09-11,158.00,161.375,157.875,161.125,9280000,23.205622
1987-09-10,158.25,158.375,157.125,157.75,7600000,22.719546
1987-09-09,156.75,158.125,155.00,157.25,14440000,22.647535
1987-09-08,160.125,160.50,155.875,157.75,11840000,22.719546
1987-09-04,162.25,162.75,160.625,160.75,5900000,23.151614
1987-09-03,163.25,163.50,160.25,161.625,8904000,23.277633
1987-09-02,162.75,164.125,161.25,162.50,11852000,23.403653
1987-09-01,168.625,169.375,162.25,162.875,8880000,23.457661
1987-08-31,166.625,169.50,166.50,168.375,7144000,24.249785
1987-08-28,166.125,168.00,165.25,166.50,7488000,23.979743
1987-08-27,167.00,168.375,165.875,166.25,9316000,23.943737
1987-08-26,168.00,169.50,166.75,167.875,16032000,24.177774
1987-08-25,174.75,174.875,171.00,172.00,8140000,24.771867
1987-08-24,174.625,175.125,173.125,174.625,6552000,25.149926
1987-08-21,175.00,175.875,174.50,174.75,9040000,25.167928
1987-08-20,173.25,175.25,173.125,174.75,7520000,25.167928
1987-08-19,172.50,173.25,170.625,172.625,7640000,24.861881
1987-08-18,173.50,173.875,171.00,172.875,9720000,24.897886
1987-08-17,173.50,174.75,173.25,174.50,6040000,25.131923
1987-08-14,172.00,175.00,172.00,173.25,8440000,24.951895
1987-08-13,170.625,174.00,170.375,173.375,10320000,24.969897
1987-08-12,169.00,172.125,168.625,170.375,13120000,24.53783
1987-08-11,167.25,169.625,167.125,169.00,12800000,24.339799
1987-08-10,164.625,166.75,164.50,166.75,6520000,24.015748
1987-08-07,163.125,165.625,163.00,164.375,9520000,23.673695
1987-08-06,160.25,163.25,159.125,163.00,9120000,23.475664
1987-08-05,159.875,161.00,159.75,160.25,9740000,22.921176
1987-08-04,159.375,160.00,158.50,159.375,6672000,22.796022
1987-08-03,159.50,160.875,158.75,159.25,8200000,22.778143
1987-07-31,162.00,163.00,160.75,161.00,4840000,23.028452
1987-07-30,161.125,162.50,160.625,162.375,6920000,23.225123
1987-07-29,160.875,161.75,159.625,161.50,5360000,23.099969
1987-07-28,162.75,162.875,160.125,161.25,4880000,23.06421
1987-07-27,161.375,162.625,160.875,162.125,3615600,23.189365
1987-07-24,160.125,161.50,160.125,161.25,3544800,23.06421
1987-07-23,162.25,162.25,159.125,160.125,6640000,22.903297
1987-07-22,162.75,162.875,161.25,161.375,5760000,23.082089
1987-07-21,163.75,164.625,162.00,162.75,6360000,23.278761
1987-07-20,165.50,165.875,164.00,164.625,4760000,23.54695
1987-07-17,168.50,168.50,166.75,167.00,6640000,23.886655
1987-07-16,168.625,168.75,167.375,168.125,4480000,24.047568
1987-07-15,167.125,169.50,166.625,168.00,9040000,24.029689
1987-07-14,169.875,169.875,166.50,167.50,9520000,23.958172
1987-07-13,167.25,169.875,167.125,169.875,9440000,24.297877
1987-07-10,166.625,167.25,165.50,167.00,4400000,23.886655
1987-07-09,165.875,167.25,165.75,166.25,5320000,23.77938
1987-07-08,165.125,166.875,164.50,166.75,6320000,23.850897
1987-07-07,164.625,166.00,163.875,163.875,5240000,23.439674
1987-07-06,165.50,165.625,164.125,165.125,5800000,23.618466
1987-07-02,164.50,165.125,164.00,164.25,4800000,23.493312
1987-07-01,162.875,164.625,162.75,164.00,6160000,23.457553
1987-06-30,165.625,165.75,162.50,162.50,6800000,23.243003
1987-06-29,165.75,166.50,165.00,165.375,4480000,23.654225
1987-06-26,167.00,167.75,166.125,166.50,5120000,23.815138
1987-06-25,167.375,168.625,167.00,167.875,7720000,24.01181
1987-06-24,164.75,167.625,164.625,166.125,9680000,23.7615
1987-06-23,163.75,165.00,162.50,164.875,8680000,23.582708
1987-06-22,162.00,163.50,161.875,163.25,7080000,23.350278
1987-06-19,160.75,162.125,160.375,161.375,9440000,23.082089
1987-06-18,160.625,162.00,160.125,160.875,4440000,23.010573
1987-06-17,162.25,162.50,160.25,161.375,4840000,23.082089
1987-06-16,159.625,162.25,159.375,162.00,6640000,23.171486
1987-06-15,158.25,160.125,158.00,159.625,6080000,22.83178
1987-06-12,159.00,159.375,156.25,156.625,5600000,22.402679
1987-06-11,159.00,159.125,157.00,157.625,6240000,22.545713
1987-06-10,160.625,161.50,156.00,157.75,7560000,22.563592
1987-06-09,161.625,161.625,159.25,159.875,5240000,22.867539
1987-06-08,159.75,161.875,158.75,161.25,4800000,23.06421
1987-06-05,160.75,161.25,158.875,160.00,4200000,22.885418
1987-06-04,160.125,161.375,159.625,161.375,4320000,23.082089
1987-06-03,158.00,160.375,157.875,160.25,6600000,22.921176
1987-06-02,159.50,159.75,157.25,157.25,7400000,22.492075
1987-06-01,161.00,161.375,159.25,159.625,5320000,22.83178
1987-05-29,163.25,163.875,160.00,160.00,4920000,22.885418
1987-05-28,161.375,162.75,159.25,162.625,5600000,23.260882
1987-05-27,160.25,162.375,160.00,161.00,6880000,23.028452
1987-05-26,158.50,160.75,158.25,160.625,5720000,22.974814
1987-05-22,158.25,159.25,156.125,156.625,4120000,22.402679
1987-05-21,158.25,158.75,156.875,157.25,6760000,22.492075
1987-05-20,156.50,158.625,155.00,156.625,11240000,22.402679
1987-05-19,161.50,161.75,155.625,156.75,10560000,22.420558
1987-05-18,159.75,161.25,157.125,161.00,10040000,23.028452
1987-05-15,163.50,165.375,160.625,160.625,7960000,22.974814
1987-05-14,167.25,167.375,165.00,165.125,5360000,23.618466
1987-05-13,165.50,167.00,164.50,166.25,6920000,23.77938
1987-05-12,162.625,166.125,162.25,165.375,7960000,23.654225
1987-05-11,165.00,167.375,163.00,163.00,9080000,23.31452
1987-05-08,165.50,165.875,163.25,163.75,5716000,23.421795
1987-05-07,165.75,166.75,163.875,164.875,6600000,23.582708
1987-05-06,166.875,167.625,166.00,166.75,8720000,23.693561
1987-05-05,164.375,167.625,164.25,166.875,11160000,23.711322
1987-05-04,160.125,163.00,159.75,163.00,6240000,23.160722
1987-05-01,160.00,162.375,159.125,160.625,9520000,22.823258
1987-04-30,158.50,161.50,157.75,160.125,13080000,22.752213
1987-04-29,156.00,159.625,155.875,158.625,12960000,22.539077
1987-04-28,155.50,156.625,154.625,155.25,11760000,22.059522
1987-04-27,150.50,156.00,149.50,154.25,13200000,21.917432
1987-04-24,153.25,154.125,151.50,151.75,7212000,21.562206
1987-04-23,154.50,156.50,153.125,154.25,9520000,21.917432
1987-04-22,156.00,157.00,153.875,154.25,12040000,21.917432
1987-04-21,149.00,158.00,148.50,157.00,10760000,22.30818
1987-04-20,150.25,150.625,148.75,150.00,7240000,21.313548
1987-04-16,151.25,152.25,149.875,150.00,11880000,21.313548
1987-04-15,151.00,151.875,149.00,150.875,12160000,21.437877
1987-04-14,148.75,150.875,146.50,148.125,16680000,21.047129
1987-04-13,147.625,150.25,146.75,147.625,13200000,20.976084
1987-04-10,143.00,145.625,142.625,145.00,9240000,20.603096
1987-04-09,147.25,147.50,143.50,144.00,8760000,20.461006
1987-04-08,147.25,148.25,146.125,147.25,6776000,20.9228
1987-04-07,149.125,150.125,146.50,146.50,8360000,20.816232
1987-04-06,150.125,150.375,148.875,149.375,7052000,21.224742
1987-04-03,147.25,150.75,145.625,149.50,13124000,21.242503
1987-04-02,151.375,151.375,147.50,148.00,9592000,21.029367
1987-04-01,149.00,152.00,149.00,151.125,10600000,21.4734
1987-03-31,153.25,153.375,149.50,150.125,10540000,21.331309
1987-03-30,146.00,152.75,145.875,152.375,12880000,21.651013
1987-03-27,154.00,154.125,150.50,150.75,7064000,21.420116
1987-03-26,156.50,156.625,153.875,154.00,7940000,21.881909
1987-03-25,152.875,156.50,152.125,155.625,8332000,22.112806
1987-03-24,149.875,152.875,149.25,152.875,6720000,21.722058
1987-03-23,149.00,150.25,148.50,149.75,8720000,21.278026
1987-03-20,147.625,149.25,147.375,148.625,8680000,21.118174
1987-03-19,146.00,147.375,145.875,147.00,4320000,20.887277
1987-03-18,147.875,148.00,145.125,146.25,7560000,20.780709
1987-03-17,144.375,147.125,144.375,147.125,7760000,20.905038
1987-03-16,144.375,145.00,143.125,144.625,3978400,20.549813
1987-03-13,144.75,146.00,144.625,144.875,7520000,20.585335
1987-03-12,141.75,145.125,140.875,144.25,8760000,20.496529
1987-03-11,144.25,144.375,141.50,141.75,9320000,20.141303
1987-03-10,139.75,142.875,138.75,142.875,7400000,20.301155
1987-03-09,138.75,138.875,137.875,138.875,5280000,19.732793
1987-03-06,140.375,140.50,139.00,139.375,3825600,19.803838
1987-03-05,140.625,141.875,140.00,140.375,5280000,19.945929
1987-03-04,138.375,141.375,138.25,139.875,7200000,19.874884
1987-03-03,137.75,138.875,137.625,138.125,3944400,19.626226
1987-03-02,139.50,140.00,138.25,138.50,4160000,19.679509
1987-02-27,140.125,140.625,139.25,139.50,4120000,19.8216
1987-02-26,141.00,141.625,139.375,139.375,7320000,19.803838
1987-02-25,142.75,143.50,141.75,141.75,5000000,20.141303
1987-02-24,143.125,144.25,142.375,143.00,8040000,20.318916
1987-02-23,139.75,144.125,138.75,143.375,11560000,20.3722
1987-02-20,139.125,139.75,138.125,139.625,8120000,19.839361
1987-02-19,138.00,139.625,137.50,139.125,5760000,19.768316
1987-02-18,139.00,139.50,137.125,138.00,7640000,19.608464
1987-02-17,134.375,138.625,134.25,138.375,9200000,19.661748
1987-02-13,132.625,134.75,132.25,134.50,5600000,19.111148
1987-02-12,135.00,135.00,132.625,132.625,6920000,18.844729
1987-02-11,133.375,134.50,132.75,134.00,5240000,19.040103
1987-02-10,133.50,135.50,131.50,133.375,7400000,18.951297
1987-02-09,135.50,135.875,132.50,133.75,6720000,19.00458
1987-02-06,136.875,137.125,135.50,135.75,6480000,19.288761
1987-02-05,134.25,137.50,134.25,136.875,12720000,19.448613
1987-02-04,133.50,135.125,131.50,135.125,9200000,19.043655
1987-02-03,132.75,134.375,132.625,133.00,9880000,18.744171
1987-02-02,128.25,132.50,128.00,132.25,8000000,18.638471
1987-01-30,128.625,129.125,127.50,128.75,5760000,18.145203
1987-01-29,130.75,130.875,127.50,128.625,8720000,18.127587
1987-01-28,130.00,130.25,128.50,130.00,9040000,18.32137
1987-01-27,127.875,129.75,127.875,129.375,8360000,18.233287
1987-01-26,126.00,127.875,124.75,127.25,7640000,17.933803
1987-01-23,127.625,129.875,124.00,126.25,15880000,17.792869
1987-01-22,122.75,128.00,122.625,127.375,10120000,17.95142
1987-01-21,122.25,124.875,121.75,122.75,10760000,17.299602
1987-01-20,126.00,127.25,122.00,122.75,13080000,17.299602
1987-01-19,119.625,125.25,119.00,125.25,10960000,17.651936
1987-01-16,120.625,121.125,119.50,120.00,10600000,16.912034
1987-01-15,118.875,121.375,118.75,120.00,10960000,16.912034
1987-01-14,116.125,118.75,115.75,118.625,12760000,16.71825
1987-01-13,118.00,118.75,116.00,116.50,15880000,16.418766
1987-01-12,120.00,121.125,120.00,120.375,10040000,16.964884
1987-01-09,122.00,122.625,121.50,122.25,6880000,17.229135
1987-01-08,123.25,123.375,121.375,122.875,8960000,17.317218
1987-01-07,122.75,124.00,122.125,123.50,6720000,17.405302
1987-01-06,123.875,124.375,122.625,123.00,7840000,17.334835
1987-01-05,122.75,124.00,122.625,123.625,7040000,17.422919
1987-01-02,121.00,122.50,120.875,122.00,2740000,17.193901
1986-12-31,121.125,121.875,120.00,120.00,6036000,16.912034
1986-12-30,120.50,121.625,120.25,120.875,4840000,17.035351
1986-12-29,121.75,122.00,120.25,120.625,4048000,17.000118
1986-12-26,121.75,122.25,121.75,122.00,1527600,17.193901
1986-12-24,120.75,122.50,120.50,122.00,4120000,17.193901
1986-12-23,122.25,122.50,120.375,120.50,9680000,16.982501
1986-12-22,124.50,125.00,121.125,123.125,6520000,17.352452
1986-12-19,125.00,125.875,124.25,125.125,11320000,17.634319
1986-12-18,126.625,127.00,125.125,125.375,6400000,17.669552
1986-12-17,127.50,128.125,126.375,126.75,4600000,17.863336
1986-12-16,127.50,128.50,127.00,128.125,6240000,18.05712
1986-12-15,125.50,127.625,125.375,127.625,5600000,17.986653
1986-12-12,128.00,128.25,126.375,126.50,4120000,17.828103
1986-12-11,128.375,129.375,127.75,128.00,8720000,18.039503
1986-12-10,127.00,129.00,126.75,128.00,5680000,18.039503
1986-12-09,128.00,128.125,126.50,126.875,4000000,17.880953
1986-12-08,126.875,128.75,125.75,127.75,6120000,18.00427
1986-12-05,128.00,128.50,126.25,126.625,5160000,17.845719
1986-12-04,128.875,129.25,127.625,127.75,5320000,18.00427
1986-12-03,129.875,130.125,128.625,128.625,7520000,18.127587
1986-12-02,127.875,129.875,127.50,129.875,11680000,18.303754
1986-12-01,126.50,127.375,125.25,127.375,4840000,17.95142
1986-11-28,127.00,127.25,126.50,127.125,2908000,17.916186
1986-11-26,127.00,127.875,126.00,126.00,4000000,17.757636
1986-11-25,124.875,127.50,124.125,127.125,7560000,17.916186
1986-11-24,123.625,125.25,123.25,124.625,6383200,17.563852
1986-11-21,123.25,125.375,122.625,123.25,8360000,17.370068
1986-11-20,123.875,123.875,121.75,123.50,6800000,17.405302
1986-11-19,120.375,123.00,120.125,123.00,6640000,17.334835
1986-11-18,122.125,123.125,120.25,120.50,6960000,16.982501
1986-11-17,120.625,123.625,120.625,122.00,4760000,17.193901
1986-11-14,120.25,121.50,119.625,121.375,4800000,17.105818
1986-11-13,122.875,123.00,119.875,119.875,4880000,16.894417
1986-11-12,124.25,124.375,121.875,122.75,4520000,17.299602
1986-11-11,123.25,124.25,122.875,123.75,3005600,17.440535
1986-11-10,121.50,123.25,121.25,123.125,3992800,17.352452
1986-11-07,120.875,121.875,120.00,121.50,4400000,17.123435
1986-11-06,122.00,122.00,119.25,121.375,10320000,17.105818
1986-11-05,124.625,124.75,122.50,123.125,8400000,17.352452
1986-11-04,125.50,126.50,124.75,125.875,6640000,17.584992
1986-11-03,124.00,126.375,123.75,126.375,4920000,17.654843
1986-10-31,122.125,123.75,121.75,123.625,4640000,17.270662
1986-10-30,122.625,123.00,121.375,122.00,6800000,17.043647
1986-10-29,120.375,121.75,120.25,120.875,4120000,16.886482
1986-10-28,122.125,122.375,120.625,120.75,4840000,16.869019
1986-10-27,121.125,122.125,120.00,122.125,4760000,17.061109
1986-10-24,121.875,122.25,121.25,121.375,6000000,16.956333
1986-10-23,120.625,122.50,120.625,121.50,6880000,16.973796
1986-10-22,121.375,121.50,120.125,120.375,5120000,16.816631
1986-10-21,120.875,121.375,120.25,121.375,6760000,16.956333
1986-10-20,120.875,121.25,119.875,120.25,5920000,16.799168
1986-10-17,120.75,122.375,120.50,121.875,7760000,17.026184
1986-10-16,123.375,123.375,120.875,121.125,8880000,16.921407
1986-10-15,120.50,123.00,120.375,123.00,8920000,17.183349
1986-10-14,121.50,123.00,119.75,120.875,12560000,16.886482
1986-10-13,124.50,125.25,121.875,122.00,6400000,17.043647
1986-10-10,122.375,124.50,122.375,123.625,9720000,17.270662
1986-10-09,127.50,127.875,121.75,122.00,12320000,17.043647
1986-10-08,126.50,127.50,126.25,127.50,13000000,17.812008
1986-10-07,133.50,133.625,128.125,128.125,13480000,17.899322
1986-10-06,131.25,133.625,131.00,133.50,3977600,18.65022
1986-10-03,133.00,133.25,130.625,130.875,8016000,18.283502
1986-10-02,132.625,133.375,132.25,133.00,4560000,18.580369
1986-10-01,134.875,135.50,132.625,133.00,5000000,18.580369
1986-09-30,134.50,135.875,134.25,134.50,7000000,18.789922
1986-09-29,134.25,135.25,133.125,134.25,7000000,18.754996
1986-09-26,135.125,136.625,135.00,135.50,4400000,18.929624
1986-09-25,137.50,137.625,134.25,135.75,5888000,18.964549
1986-09-24,139.00,139.375,137.125,137.50,7240000,19.209028
1986-09-23,138.625,139.375,138.375,139.25,5640000,19.453507
1986-09-22,137.25,138.625,137.125,138.625,5880000,19.366193
1986-09-19,137.50,138.25,136.75,136.875,6680000,19.121714
1986-09-18,136.875,139.00,136.75,138.375,6000000,19.331267
1986-09-17,138.625,139.625,137.625,137.625,5400000,19.226491
1986-09-16,136.75,138.50,135.625,138.25,5640000,19.313805
1986-09-15,138.00,138.50,136.00,137.00,8760000,19.139177
1986-09-12,139.25,139.875,136.25,137.375,17480000,19.191565
1986-09-11,142.50,142.875,138.75,139.25,11440000,19.453507
1986-09-10,144.125,144.50,142.875,144.125,7040000,20.134554
1986-09-09,145.00,145.50,143.50,143.875,9000000,20.099628
1986-09-08,141.00,143.875,140.875,143.75,10480000,20.082166
1986-09-05,139.50,141.00,138.50,140.375,10440000,19.610671
1986-09-04,136.375,139.50,136.00,139.375,6520000,19.470969
1986-09-03,135.50,136.375,135.125,136.125,6480000,19.016938
1986-09-02,138.875,138.875,135.50,136.00,7720000,18.999475
1986-08-29,139.875,140.00,138.00,138.75,3550400,19.383656
1986-08-28,139.75,140.375,139.50,140.00,4880000,19.558283
1986-08-27,141.375,142.00,140.50,141.125,6240000,19.715448
1986-08-26,139.00,141.25,138.875,141.125,7432000,19.715448
1986-08-25,139.00,140.00,138.00,139.00,5840000,19.418581
1986-08-22,138.00,138.125,137.375,138.00,3053600,19.278879
1986-08-21,139.625,140.50,137.25,138.00,6640000,19.278879
1986-08-20,136.875,139.50,136.75,139.25,6280000,19.453507
1986-08-19,135.75,137.75,135.125,136.75,6560000,19.104252
1986-08-18,133.625,135.75,133.125,135.375,5760000,18.912161
1986-08-15,134.50,134.50,133.00,133.125,4280000,18.597832
1986-08-14,133.875,135.25,133.75,134.25,5368000,18.754996
1986-08-13,133.00,134.375,132.50,134.00,7300000,18.720071
1986-08-12,131.375,132.75,130.625,132.50,6308000,18.510518
1986-08-11,129.75,131.625,129.25,131.00,6320000,18.300965
1986-08-08,130.75,131.625,129.75,130.00,3627600,18.161263
1986-08-07,130.25,131.875,130.125,131.00,4776000,18.300965
1986-08-06,130.75,131.50,129.625,131.125,6468000,18.164754
1986-08-05,131.75,131.875,130.75,130.875,4600000,18.130122
1986-08-04,130.75,131.875,130.125,131.625,6076000,18.234019
1986-08-01,132.625,133.375,131.375,131.375,3043200,18.199387
1986-07-31,132.25,133.25,132.125,132.50,4152000,18.355233
1986-07-30,131.125,133.25,130.25,132.25,5080000,18.320601
1986-07-29,132.50,132.75,130.875,131.25,4420000,18.18207
1986-07-28,134.25,134.875,132.00,132.375,5924000,18.337917
1986-07-25,133.375,135.00,133.25,134.125,3540800,18.580344
1986-07-24,133.50,133.625,132.50,133.125,4800000,18.441814
1986-07-23,133.50,134.00,132.625,133.125,4600000,18.441814
1986-07-22,131.75,133.875,131.50,133.625,6344000,18.511079
1986-07-21,130.75,132.375,130.75,131.875,5456000,18.268652
1986-07-18,132.125,133.50,129.875,131.75,9728000,18.251335
1986-07-17,132.50,134.00,131.75,132.00,9492000,18.285968
1986-07-16,135.875,136.125,132.75,133.125,12260000,18.441814
1986-07-15,138.50,138.625,135.50,135.75,14480000,18.805456
1986-07-14,141.125,141.375,139.25,139.25,8912000,19.290311
1986-07-11,145.00,145.625,143.00,143.125,8932000,19.827115
1986-07-10,144.25,145.875,141.25,145.75,7180000,20.190756
1986-07-09,144.25,144.75,143.50,144.25,5200000,19.982961
1986-07-08,143.50,144.625,143.00,144.625,7844000,20.03491
1986-07-07,148.00,148.125,145.00,145.25,5020000,20.121491
1986-07-03,150.00,150.125,148.25,149.00,3876000,20.640979
1986-07-02,148.625,150.125,148.25,149.50,6292000,20.710244
1986-07-01,146.50,148.625,146.375,148.625,6996000,20.58903
1986-06-30,147.00,147.50,146.25,146.50,3998000,20.294654
1986-06-27,147.125,147.375,146.625,147.00,2749600,20.363919
1986-06-26,147.625,147.625,146.625,146.75,3215200,20.329286
1986-06-25,146.875,148.50,146.75,147.50,4440000,20.433184
1986-06-24,145.625,147.875,144.75,146.50,4820000,20.294654
1986-06-23,146.875,147.00,144.50,145.125,4280000,20.104175
1986-06-20,145.25,147.50,144.625,147.50,6536000,20.433184
1986-06-19,145.875,147.00,145.00,145.00,5524000,20.086859
1986-06-18,146.875,147.00,144.125,146.375,5844000,20.277338
1986-06-17,148.625,148.75,146.50,146.875,3884000,20.346603
1986-06-16,149.875,149.875,148.125,148.50,3631200,20.571714
1986-06-13,148.75,149.875,148.00,149.625,3710000,20.72756
1986-06-12,149.00,149.125,147.75,148.00,3163200,20.502449
1986-06-11,148.625,149.50,148.25,149.125,4360000,20.658295
1986-06-10,146.75,148.75,146.625,148.375,5140000,20.554398
1986-06-09,149.00,149.00,146.50,146.75,6196000,20.329286
1986-06-06,150.50,151.00,149.00,149.875,3348800,20.762193
1986-06-05,150.375,150.875,149.375,150.75,3867600,20.883407
1986-06-04,152.75,152.875,149.50,150.00,5800000,20.779509
1986-06-03,152.375,152.75,151.50,152.75,4672000,21.160467
1986-06-02,152.75,153.50,151.75,152.25,5120000,21.091202
1986-05-30,152.00,154.625,152.00,152.375,7840000,21.108518
1986-05-29,150.625,153.625,150.25,152.875,7260000,21.177783
1986-05-28,148.00,152.50,147.875,151.375,14840000,20.969988
1986-05-27,144.75,147.00,143.875,147.00,5420000,20.363919
1986-05-23,143.875,146.25,143.625,143.875,6668000,19.931012
1986-05-22,144.875,145.125,142.25,143.375,9320000,19.861747
1986-05-21,146.375,146.625,144.25,144.50,4840000,20.017594
1986-05-20,145.25,146.375,144.25,146.25,4056000,20.260021
1986-05-19,145.25,145.25,143.75,144.125,5264000,19.965645
1986-05-16,145.25,145.625,144.625,144.875,5816000,20.069543
1986-05-15,147.75,148.125,145.375,145.375,5920000,20.138808
1986-05-14,148.875,149.125,147.00,148.125,6832000,20.519765
1986-05-13,150.125,150.375,148.75,148.875,5720000,20.623663
1986-05-12,149.875,151.50,149.75,150.00,3923200,20.779509
1986-05-09,148.625,150.25,148.125,149.75,4640000,20.744877
1986-05-08,150.375,150.50,148.625,149.00,6360000,20.640979
1986-05-07,153.25,153.50,150.00,151.25,8740000,20.80029
1986-05-06,155.875,155.875,153.50,154.25,5360000,21.212858
1986-05-05,154.50,155.875,154.50,155.625,4120000,21.401951
1986-05-02,157.00,157.25,153.625,154.125,5040000,21.195667
1986-05-01,156.00,157.50,155.75,156.875,4680000,21.573854
1986-04-30,159.50,159.75,156.25,156.25,4560000,21.487903
1986-04-29,161.75,161.875,158.25,159.375,6080000,21.917661
1986-04-28,159.875,161.375,158.50,161.375,5252000,22.192706
1986-04-25,159.00,160.375,158.50,159.50,6568000,21.934851
1986-04-24,155.75,158.50,155.50,157.625,8796000,21.676996
1986-04-23,152.50,155.25,152.125,155.25,4120000,21.35038
1986-04-22,154.875,155.125,152.25,153.00,4760000,21.040954
1986-04-21,152.875,154.875,152.25,154.875,5760000,21.298809
1986-04-18,154.75,154.875,152.50,152.625,5840000,20.989384
1986-04-17,154.50,155.625,154.125,154.625,6956000,21.264429
1986-04-16,153.75,155.25,153.25,154.75,7488000,21.281619
1986-04-15,152.00,153.625,151.50,152.625,7012000,20.989384
1986-04-14,151.25,152.625,149.125,152.375,4416000,20.955003
1986-04-11,151.00,152.375,149.25,149.75,8896000,20.594006
1986-04-10,149.50,151.50,148.125,150.25,5872000,20.662767
1986-04-09,152.625,152.625,148.375,149.25,6616000,20.525245
1986-04-08,150.50,152.00,149.75,152.00,6768000,20.903432
1986-04-07,148.25,150.25,147.375,149.50,6400000,20.559625
1986-04-04,149.625,150.125,148.125,148.25,7172000,20.387722
1986-04-03,151.375,152.875,149.00,149.625,7644000,20.576816
1986-04-02,148.00,151.125,148.00,151.00,7728000,20.765909
1986-04-01,151.875,152.00,149.125,149.125,8824000,20.508054
1986-03-31,149.75,153.125,149.625,151.50,7724000,20.834671
1986-03-27,148.50,151.00,148.125,149.125,8763200,20.508054
1986-03-26,147.50,147.875,146.75,147.625,5964000,20.301771
1986-03-25,148.75,148.75,147.25,148.00,4632000,20.353342
1986-03-24,150.00,150.00,146.50,148.875,6375200,20.473674
1986-03-21,150.50,150.875,148.50,149.00,9095200,20.490864
1986-03-20,151.75,152.75,149.875,150.125,5932000,20.645577
1986-03-19,152.375,152.375,150.25,151.625,5218400,20.851861
1986-03-18,150.875,153.50,150.75,152.375,7266800,20.955003
1986-03-17,149.75,151.00,149.50,150.875,7710800,20.748719
1986-03-14,150.75,151.50,148.00,150.375,10049600,20.679958
1986-03-13,148.375,150.875,147.75,150.50,8339600,20.697148
1986-03-12,152.00,152.625,148.875,149.00,9223200,20.490864
1986-03-11,149.375,152.125,149.00,152.00,7794000,20.903432
1986-03-10,146.50,148.50,146.25,148.50,6250800,20.422103
1986-03-07,146.00,147.25,144.50,146.00,8574000,20.078296
1986-03-06,149.00,149.125,145.25,146.75,13033200,20.181438
1986-03-05,148.00,148.375,146.50,148.375,11906000,20.404913
1986-03-04,152.00,153.125,149.125,149.75,7472400,20.594006
1986-03-03,150.375,152.50,150.125,151.25,10221200,20.80029
1986-02-28,156.75,156.75,150.00,150.875,12986800,20.748719
1986-02-27,156.375,158.25,154.50,155.875,11134400,21.436332
1986-02-26,157.50,159.125,157.375,158.25,4518000,21.762948
1986-02-25,158.00,158.625,156.50,157.50,4901600,21.659806
1986-02-24,159.50,160.00,157.75,158.875,6880800,21.8489
1986-02-21,160.25,161.00,159.125,159.75,7176400,21.969232
1986-02-20,157.125,159.125,157.125,159.125,5216800,21.88328
1986-02-19,158.625,160.375,157.125,157.50,6572000,21.659806
1986-02-18,156.875,159.75,156.00,158.875,7409600,21.8489
1986-02-14,155.75,157.875,155.125,156.25,6955200,21.487903
1986-02-13,154.875,155.875,153.50,155.625,5012000,21.401951
1986-02-12,156.75,157.25,153.75,155.00,6938000,21.316
1986-02-11,156.625,158.25,156.00,156.75,5821200,21.556664
1986-02-10,155.875,157.875,155.375,157.25,5606800,21.625425
1986-02-07,152.50,157.25,151.00,155.75,7371200,21.419142
1986-02-06,155.25,156.00,154.00,155.00,5418400,21.164725
1986-02-05,153.75,155.00,152.125,154.875,4111200,21.147657
1986-02-04,155.00,155.50,151.75,154.00,6923600,21.028178
1986-02-03,151.875,154.625,151.625,154.625,5548400,21.11352
1986-01-31,149.375,153.50,149.375,151.50,5692000,20.686812
1986-01-30,150.75,151.125,148.625,149.50,3823600,20.413718
1986-01-29,151.75,153.625,150.375,151.00,6634800,20.618538
1986-01-28,149.75,151.75,149.00,151.75,4463200,20.720948
1986-01-27,151.00,151.25,148.25,149.625,4503200,20.430787
1986-01-24,148.125,150.50,147.875,150.00,5643600,20.481992
1986-01-23,144.25,148.00,144.125,148.00,5410800,20.208899
1986-01-22,149.375,150.00,143.00,144.25,6143200,19.696849
1986-01-21,149.75,150.375,148.50,149.50,5398400,20.413718
1986-01-20,149.75,150.00,148.25,149.375,5762000,20.39665
1986-01-17,156.00,156.25,150.00,150.875,10022800,20.60147
1986-01-16,153.00,156.50,152.625,156.00,8058400,21.301271
1986-01-15,149.50,152.75,149.25,152.625,5574400,20.840427
1986-01-14,149.75,149.875,148.75,149.25,3540400,20.379582
1986-01-13,148.25,149.625,147.875,149.00,4582800,20.345445
1986-01-10,150.875,151.00,148.00,148.50,5160800,20.277172
1986-01-09,148.25,150.375,147.25,150.375,8873600,20.533197
1986-01-08,156.00,156.00,147.00,148.875,7839600,20.328377
1986-01-07,154.875,156.50,154.375,155.625,5775600,21.250066
1986-01-06,154.625,154.875,153.125,154.375,3208800,21.079383
1986-01-03,152.375,154.375,152.375,154.375,4239200,21.079383
1986-01-02,154.75,154.875,151.625,152.00,7218400,20.755085
1985-12-31,158.75,158.75,155.00,155.50,3696400,21.232998
1985-12-30,156.25,158.50,156.00,158.25,3812000,21.608501
1985-12-27,153.875,155.625,153.75,155.375,2884000,21.21593
1985-12-26,152.875,153.75,152.125,153.25,2248000,20.925768
1985-12-24,153.875,154.625,151.25,152.75,4040000,20.857495
1985-12-23,154.00,155.125,153.375,154.00,4880000,21.028178
1985-12-20,154.50,156.625,153.75,154.25,8512000,21.062315
1985-12-19,152.625,154.00,152.375,153.75,4400000,20.994042
1985-12-18,152.50,153.875,151.625,152.875,6100000,20.874563
1985-12-17,153.125,154.50,151.50,152.50,7140000,20.823358
1985-12-16,150.375,153.50,150.00,152.25,6320000,20.789222
1985-12-13,149.25,151.50,149.125,150.25,7560000,20.516128
1985-12-12,148.875,149.375,147.00,148.625,5600000,20.29424
1985-12-11,146.625,149.375,146.625,149.00,7940000,20.345445
1985-12-10,144.625,148.00,144.25,146.625,7760000,20.021147
1985-12-09,142.375,144.875,142.125,144.625,6648000,19.748054
1985-12-06,140.50,141.75,140.25,141.75,6552000,19.355482
1985-12-05,141.75,142.875,140.625,140.75,7620000,19.218936
1985-12-04,138.875,141.875,138.625,141.875,4848000,19.372551
1985-12-03,137.75,138.625,137.625,138.625,3202800,18.928774
1985-12-02,139.75,139.875,137.75,137.875,2686000,18.826364
1985-11-29,140.75,140.75,139.25,139.75,2055200,19.082389
1985-11-27,139.125,140.50,139.00,140.25,4280000,19.150662
1985-11-26,139.125,139.75,138.75,139.00,2822000,18.979979
1985-11-25,139.50,139.50,138.375,139.00,2474000,18.979979
1985-11-22,140.125,140.50,139.25,139.50,4280000,19.048252
1985-11-21,139.50,140.25,139.00,140.25,6856000,19.150662
1985-11-20,138.125,139.125,137.875,139.00,3935600,18.979979
1985-11-19,139.00,139.25,137.25,138.25,6596000,18.877569
1985-11-18,136.875,138.625,136.625,138.50,4720000,18.911706
1985-11-15,136.375,138.375,136.375,136.75,8264000,18.672749
1985-11-14,134.875,137.00,134.75,136.625,5372000,18.655681
1985-11-13,135.625,135.75,134.625,135.00,5616000,18.433793
1985-11-12,134.875,136.375,134.75,135.375,9420000,18.484998
1985-11-11,132.875,134.875,132.625,134.625,6648000,18.382588
1985-11-08,132.125,133.00,131.75,132.50,4724000,18.092426
1985-11-07,132.00,132.75,131.625,132.125,4160000,18.041221
1985-11-06,132.875,133.25,131.25,132.875,7916000,18.143631
1985-11-05,132.50,134.00,132.25,133.375,7316000,18.061703
1985-11-04,131.00,132.625,130.50,132.25,6920000,17.909355
1985-11-01,129.625,131.125,129.625,130.875,4520000,17.723152
1985-10-31,130.75,130.75,129.375,129.875,4600000,17.587732
1985-10-30,131.00,131.375,130.25,131.125,5880000,17.757007
1985-10-29,129.625,131.375,129.50,130.50,4184000,17.67237
1985-10-28,127.50,129.375,127.50,129.375,3061600,17.520022
1985-10-25,128.375,128.875,127.50,128.00,3100800,17.333818
1985-10-24,130.875,131.25,128.25,128.625,4760000,17.418456
1985-10-23,129.50,130.875,129.375,130.50,6900000,17.67237
1985-10-22,127.75,130.125,127.625,129.125,5016000,17.486166
1985-10-21,127.75,127.875,127.25,127.50,2540800,17.266108
1985-10-18,128.75,129.00,127.625,127.625,3583200,17.283036
1985-10-17,129.25,130.00,128.25,128.50,5400000,17.401529
1985-10-16,128.00,129.50,127.50,129.375,4640000,17.520022
1985-10-15,128.375,129.00,127.00,128.00,5412000,17.333818
1985-10-14,125.875,128.125,125.375,128.00,5536000,17.333818
1985-10-11,124.50,126.25,123.625,125.625,5520000,17.012195
1985-10-10,124.375,124.75,123.75,124.375,3544000,16.842919
1985-10-09,124.375,125.375,124.25,124.25,3050000,16.825992
1985-10-08,124.50,124.75,123.50,124.375,3343600,16.842919
1985-10-07,123.375,125.00,123.125,124.25,4400000,16.825992
1985-10-04,123.00,124.375,122.875,123.50,4040000,16.724426
1985-10-03,124.375,125.25,123.75,124.375,5600000,16.842919
1985-10-02,126.875,127.00,124.375,124.375,5920000,16.842919
1985-10-01,124.00,126.625,123.875,126.625,5560000,17.147615
1985-09-30,124.00,124.25,123.00,123.875,4220000,16.775209
1985-09-26,123.75,123.875,122.25,123.75,8500000,16.758281
1985-09-25,126.875,127.00,123.75,124.00,8548000,16.792137
1985-09-24,127.875,128.00,126.25,126.75,3752000,17.164543
1985-09-23,128.25,128.375,127.625,128.125,6540000,17.350746
1985-09-20,127.625,128.00,126.375,126.75,4360000,17.164543
1985-09-19,127.00,128.00,126.50,128.00,5972000,17.333818
1985-09-18,126.75,128.00,126.50,127.50,6544000,17.266108
1985-09-17,128.375,128.50,126.50,126.75,3924000,17.164543
1985-09-16,127.875,128.50,127.50,128.375,2749200,17.384601
1985-09-13,127.50,128.00,126.125,127.50,4892000,17.266108
1985-09-12,127.375,128.50,126.75,127.125,5552000,17.215326
1985-09-11,127.625,128.50,127.00,127.25,3344000,17.232253
1985-09-10,129.50,129.50,127.625,127.875,3779200,17.316891
1985-09-09,129.50,130.50,129.25,129.375,4432000,17.520022
1985-09-06,128.625,129.75,128.625,129.125,4240000,17.486166
1985-09-05,127.50,128.625,127.00,128.375,3952000,17.384601
1985-09-04,127.25,127.25,126.50,127.25,2949200,17.232253
1985-09-03,126.625,127.50,126.50,127.125,4076000,17.215326
1985-08-30,127.50,127.625,126.50,126.625,2500400,17.147615
1985-08-29,128.00,128.00,127.25,127.50,2020400,17.266108
1985-08-28,128.50,128.625,127.50,128.00,2384000,17.333818
1985-08-27,128.625,128.875,127.75,128.25,3147200,17.367674
1985-08-26,126.625,128.25,126.375,128.25,2447600,17.367674
1985-08-23,126.875,127.125,126.375,126.875,2554000,17.18147
1985-08-22,128.375,128.375,126.375,126.625,3159200,17.147615
1985-08-21,127.75,128.375,127.625,128.375,2836000,17.384601
1985-08-20,126.75,127.75,125.875,127.50,3700000,17.266108
1985-08-19,125.75,126.375,125.75,125.875,2046000,17.04605
1985-08-16,126.00,126.375,125.50,125.75,3217600,17.029122
1985-08-15,127.00,127.25,125.75,126.375,2894000,17.11376
1985-08-14,126.875,129.125,126.75,126.75,2174800,17.164543
1985-08-13,127.00,127.50,125.75,126.625,2983200,17.147615
1985-08-12,127.125,127.375,126.625,127.125,3920000,17.215326
1985-08-09,128.375,128.625,127.25,127.375,2764000,17.249181
1985-08-08,128.50,128.875,127.25,128.375,4468000,17.384601
1985-08-07,129.125,129.75,129.00,129.25,3816000,17.354131
1985-08-06,131.50,131.75,129.125,129.375,4280000,17.370915
1985-08-05,131.375,131.50,130.50,131.25,2681600,17.622667
1985-08-02,132.25,132.25,131.375,131.625,2667200,17.673018
1985-08-01,131.75,132.75,131.625,132.50,5440000,17.790502
1985-07-31,130.75,131.875,130.50,131.375,5528000,17.639451
1985-07-30,129.375,130.75,129.125,130.50,4556000,17.521966
1985-07-29,132.00,132.00,129.375,129.625,4064000,17.404482
1985-07-26,130.25,132.50,130.125,132.00,5680000,17.723368
1985-07-25,129.125,130.25,128.625,130.25,6152000,17.488399
1985-07-24,129.375,129.875,127.625,129.125,5852000,17.337348
1985-07-23,129.75,131.875,129.00,129.375,7516000,17.370915
1985-07-22,129.125,129.875,128.625,129.875,4300000,17.438049
1985-07-19,128.875,130.00,128.75,129.25,5524000,17.354131
1985-07-18,128.50,130.00,128.375,128.75,6908000,17.286997
1985-07-17,130.00,130.25,129.00,129.375,7520000,17.370915
1985-07-16,126.125,128.75,125.50,128.50,6404000,17.25343
1985-07-15,124.25,126.75,123.375,125.50,6228000,16.850627
1985-07-12,123.625,124.625,123.25,124.25,3947200,16.682792
1985-07-11,123.00,124.125,122.875,123.75,4160000,16.615658
1985-07-10,121.125,123.375,120.00,123.00,6748000,16.514957
1985-07-09,123.125,123.25,120.50,121.25,4792000,16.279988
1985-07-08,124.50,124.50,123.25,123.50,3168000,16.582091
1985-07-05,124.25,124.875,124.125,124.50,1475600,16.716359
1985-07-03,124.375,124.625,123.25,123.75,2667600,16.615658
1985-07-02,124.875,125.375,124.25,124.375,4256000,16.699575
1985-07-01,123.75,125.00,123.00,124.875,3560000,16.766709
1985-06-28,124.375,124.50,123.50,123.75,3282000,16.615658
1985-06-27,123.75,124.25,123.125,124.00,4600000,16.649225
1985-06-26,122.25,123.25,122.00,123.125,3616000,16.53174
1985-06-25,121.75,123.375,121.375,122.00,7004000,16.380689
1985-06-24,119.25,121.125,118.75,120.875,4500000,16.229637
1985-06-21,118.50,119.75,118.375,119.375,5460000,16.028235
1985-06-20,119.375,119.75,117.375,118.75,5592000,15.944318
1985-06-19,119.875,120.875,119.25,119.375,5072000,16.028235
1985-06-18,120.00,121.625,119.125,119.875,7276000,16.095369
1985-06-17,120.50,120.50,119.25,120.125,5264000,16.128936
1985-06-14,119.50,121.125,119.375,121.125,7008000,16.263204
1985-06-13,119.875,120.25,118.25,118.625,15040000,15.927535
1985-06-12,125.75,126.125,120.625,120.75,10212000,16.212854
1985-06-11,128.00,128.25,126.00,126.00,5688000,16.917761
1985-06-10,127.375,127.875,126.875,127.625,3453600,17.135946
1985-06-07,129.875,129.875,127.25,127.375,4728000,17.102379
1985-06-06,128.25,129.75,127.625,129.75,4768000,17.421265
1985-06-05,130.375,130.625,128.50,128.50,6576000,17.25343
1985-06-04,129.25,130.125,128.75,129.75,4704000,17.421265
1985-06-03,129.375,129.50,128.25,129.125,5040000,17.337348
1985-05-31,127.25,130.00,127.25,128.625,5480000,17.270214
1985-05-30,129.50,129.50,127.25,128.00,6664000,17.186296
1985-05-29,130.125,130.25,129.25,129.75,3756000,17.421265
1985-05-28,131.375,131.75,129.75,130.375,3684000,17.505183
1985-05-24,131.25,131.625,130.75,130.875,2700800,17.572317
1985-05-23,132.375,132.375,131.25,131.375,3316000,17.639451
1985-05-22,132.75,132.75,131.875,132.625,3428400,17.807286
1985-05-21,132.625,133.25,132.375,133.00,4840000,17.857636
1985-05-20,132.00,133.25,131.375,133.00,6864000,17.857636
1985-05-17,128.75,131.25,128.625,130.75,5360000,17.555533
1985-05-16,128.75,129.50,128.50,129.00,3924000,17.320564
1985-05-15,127.875,129.25,127.75,128.50,4140000,17.25343
1985-05-14,130.625,130.875,127.75,128.00,6204000,17.186296
1985-05-13,130.25,130.625,129.75,130.25,4628000,17.488399
1985-05-10,128.875,130.875,128.50,130.125,8956000,17.471616
1985-05-09,127.375,128.25,127.00,127.875,3913200,17.169513
1985-05-08,125.75,127.25,125.375,127.125,3702800,17.068812
1985-05-07,125.125,126.25,125.00,125.75,3091600,16.884194
1985-05-06,125.00,125.625,124.75,124.75,2317600,16.749926
1985-05-03,125.25,125.625,124.625,125.00,3082000,16.783493
1985-05-02,125.875,126.875,124.75,125.375,5036000,16.686148
1985-05-01,126.375,126.875,125.125,125.625,4540000,16.719421
1985-04-30,126.375,126.75,125.50,126.50,5120000,16.835874
1985-04-29,126.875,127.125,126.125,126.25,3251200,16.802602
1985-04-26,128.75,129.75,127.125,127.125,2798400,16.919055
1985-04-25,128.25,129.00,128.125,128.875,3944000,17.151963
1985-04-24,129.125,129.125,127.25,128.625,3285600,17.11869
1985-04-23,127.50,129.25,127.25,129.00,3876800,17.168599
1985-04-22,128.00,128.00,126.75,127.75,2596400,17.002237
1985-04-19,127.625,128.125,126.875,127.625,2958800,16.9856
1985-04-18,130.00,130.00,127.375,127.50,3995200,16.968964
1985-04-17,130.00,130.125,129.25,129.625,3606800,17.25178
1985-04-16,129.375,130.375,128.50,129.75,4660000,17.268416
1985-04-15,127.875,129.75,127.875,129.25,4132000,17.201872
1985-04-12,127.125,128.125,126.875,128.00,3808000,17.035509
1985-04-11,126.50,127.625,125.875,127.00,4940000,16.902419
1985-04-10,125.50,126.625,125.00,125.875,4064000,16.752693
1985-04-09,124.375,125.375,124.25,124.625,3878800,16.586331
1985-04-08,126.875,127.00,123.875,123.875,4876000,16.486513
1985-04-04,126.50,127.25,125.50,127.00,2147200,16.902419
1985-04-03,127.50,127.625,126.25,126.50,3312000,16.835874
1985-04-02,128.375,129.50,127.50,127.75,3796000,17.002237
1985-04-01,127.00,128.25,126.875,128.125,3363200,17.052145
1985-03-29,126.875,127.125,125.625,127.00,2780000,16.902419
1985-03-28,127.00,127.625,126.375,126.625,3973600,16.85251
1985-03-27,125.625,126.625,125.50,126.375,4396000,16.819238
1985-03-26,124.375,125.625,124.125,125.375,5616000,16.686148
1985-03-25,128.00,128.00,124.50,124.50,8228000,16.569694
1985-03-22,128.625,128.75,127.75,127.75,4788000,17.002237
1985-03-21,129.00,130.00,128.125,128.75,6208000,17.135327
1985-03-20,129.375,130.625,129.00,129.375,4476000,17.218508
1985-03-19,128.625,131.125,128.25,130.50,4148000,17.368234
1985-03-18,128.625,129.875,128.00,128.375,4824000,17.085418
1985-03-15,129.00,130.00,128.00,128.625,4788000,17.11869
1985-03-14,129.50,130.375,128.75,128.875,5088000,17.151963
1985-03-13,131.50,132.00,129.375,130.00,4772000,17.301689
1985-03-12,131.00,132.50,131.00,131.875,3518400,17.551233
1985-03-11,129.875,131.75,129.75,131.50,4204000,17.501324
1985-03-08,130.50,131.00,129.125,129.625,6892000,17.25178
1985-03-07,132.375,133.375,130.00,130.125,7028000,17.318325
1985-03-06,135.125,135.50,132.75,132.875,4120000,17.684322
1985-03-05,135.375,135.875,134.625,135.00,4040000,17.967139
1985-03-04,136.25,136.375,134.375,135.00,3560400,17.967139
1985-03-01,134.50,136.75,134.00,135.875,5532000,18.083592
1985-02-28,132.75,134.50,132.75,134.00,3529600,17.834049
1985-02-27,134.125,135.00,132.75,133.125,3470400,17.717595
1985-02-26,133.375,135.50,133.25,134.50,4600000,17.900594
1985-02-25,132.75,133.875,132.125,133.875,3060800,17.817412
1985-02-22,133.625,134.25,132.125,132.875,3678000,17.684322
1985-02-21,133.50,134.50,133.00,133.75,3353600,17.800776
1985-02-20,132.00,134.875,131.875,133.75,5824000,17.800776
1985-02-19,131.50,132.25,131.25,131.875,2928400,17.551233
1985-02-15,132.25,132.75,130.75,131.375,4260000,17.484688
1985-02-14,134.25,134.625,132.00,132.00,5372000,17.567869
1985-02-13,131.75,134.625,131.75,133.75,6312000,17.800776
1985-02-12,131.50,133.00,131.25,131.75,8888000,17.534596
1985-02-11,137.25,137.25,132.75,133.50,10056000,17.767504
1985-02-08,137.25,137.875,136.75,137.25,3395600,18.266591
1985-02-07,135.875,137.625,135.875,137.125,4236000,18.249955
1985-02-06,135.25,136.625,135.00,135.375,5188000,18.017047
1985-02-05,137.625,138.25,136.00,136.50,5064000,18.020374
1985-02-04,135.00,138.25,135.00,137.625,5384000,18.168893
1985-02-01,135.625,136.625,135.375,135.625,3321600,17.904858
1985-01-31,136.25,136.875,135.25,136.375,4864000,18.003871
1985-01-30,137.50,137.625,136.125,136.625,6252000,18.036876
1985-01-29,134.50,137.00,133.75,137.00,4516000,18.086382
1985-01-28,133.50,135.25,133.25,134.625,7748000,17.772841
1985-01-25,133.125,134.125,132.625,133.25,4848000,17.591317
1985-01-24,132.625,134.50,132.375,133.125,7304000,17.574815
1985-01-23,129.50,132.625,129.25,132.50,9080000,17.492304
1985-01-22,129.25,130.625,129.125,129.625,10156000,17.112754
1985-01-21,124.75,128.50,124.375,128.25,8524000,16.93123
1985-01-18,123.625,125.00,123.625,124.125,4652000,16.386658
1985-01-17,124.375,124.625,123.00,123.625,4280000,16.32065
1985-01-16,124.875,125.50,123.625,123.875,5440000,16.353654
1985-01-15,125.25,125.625,124.125,124.625,6504000,16.452667
1985-01-14,122.75,125.25,120.50,124.75,7772000,16.469169
1985-01-11,123.625,124.00,122.125,122.75,4456000,16.205134
1985-01-10,119.875,123.75,119.625,123.75,6560000,16.337152
1985-01-09,119.875,120.75,119.50,120.375,5244000,15.891593
1985-01-08,120.125,120.50,119.25,119.75,4492000,15.809082
1985-01-07,120.375,120.875,119.75,120.375,4672000,15.891593
1985-01-04,120.00,120.375,119.00,119.75,4028000,15.809082
1985-01-03,120.375,122.25,119.875,120.00,5552000,15.842087
1985-01-02,122.375,122.625,120.75,121.00,3490000,15.974104
1984-12-31,123.875,123.875,122.875,123.125,2739200,16.254641
1984-12-28,123.125,124.00,122.75,123.50,2286400,16.304148
1984-12-27,123.75,124.25,122.75,123.125,2020800,16.254641
1984-12-26,123.75,124.25,123.625,123.75,1673200,16.337152
1984-12-24,123.375,124.50,123.25,124.25,3016800,16.403161
1984-12-21,122.375,123.75,120.00,123.75,5472000,16.337152
1984-12-20,123.25,123.875,122.125,122.375,3992000,16.155628
1984-12-19,123.00,124.50,122.375,123.00,6568000,16.238139
1984-12-18,120.25,123.25,120.00,123.125,7976000,16.254641
1984-12-17,117.75,119.00,117.125,119.00,4244000,15.710069
1984-12-14,117.875,120.25,117.875,118.75,5464000,15.677065
1984-12-13,118.75,119.625,117.50,117.75,4588000,15.545048
1984-12-12,119.125,119.375,118.375,118.75,2748800,15.677065
1984-12-11,118.375,119.125,117.75,119.125,5140000,15.726571
1984-12-10,117.125,118.25,116.00,117.875,6844000,15.56155
1984-12-07,118.50,119.125,116.50,117.125,4060000,15.462537
1984-12-06,117.75,119.50,117.25,118.50,5696000,15.644061
1984-12-05,120.25,120.25,117.375,117.875,5104000,15.56155
1984-12-04,120.25,121.00,120.00,120.25,3988000,15.875091
1984-12-03,121.25,121.375,119.50,120.00,5212000,15.842087
1984-11-30,121.625,122.25,120.75,121.75,3326800,16.073117
1984-11-29,122.875,123.125,121.625,122.00,4136000,16.106121
1984-11-28,124.875,124.875,123.00,123.125,3790800,16.254641
1984-11-27,123.125,125.125,122.75,124.75,5268000,16.469169
1984-11-26,122.875,123.25,122.125,122.625,4052000,16.188632
1984-11-23,121.50,122.625,121.125,122.625,4092000,16.188632
1984-11-21,121.125,121.375,119.625,121.00,4252000,15.974104
1984-11-20,120.25,121.375,120.125,121.25,5440000,16.007108
1984-11-19,121.625,121.625,119.50,120.00,4292000,15.842087
1984-11-16,123.125,123.125,121.125,121.50,4472000,16.040113
1984-11-15,123.00,123.25,122.00,122.75,2830400,16.205134
1984-11-14,122.75,123.75,122.00,123.125,3951600,16.254641
1984-11-13,123.75,124.25,122.50,122.75,4440000,16.205134
1984-11-12,123.25,124.00,122.75,124.00,3130800,16.370156
1984-11-09,125.375,125.50,123.25,123.25,3776800,16.271143
1984-11-08,125.00,125.75,124.25,125.75,4204000,16.601187
1984-11-07,127.00,127.125,125.375,125.75,6672000,16.601187
1984-11-06,126.625,127.75,126.50,127.50,5080000,16.832217
1984-11-05,125.875,126.875,123.75,126.75,2358800,16.733204
1984-11-02,126.00,126.50,125.75,125.875,3092000,16.617689
1984-11-01,125.75,126.875,125.25,126.00,4800000,16.634191
1984-10-31,125.50,126.75,124.625,124.625,3506800,16.452667
1984-10-30,125.125,127.125,125.125,126.75,3962000,16.587986
1984-10-29,124.25,124.875,124.125,124.875,1527600,16.342601
1984-10-26,124.00,125.125,123.75,124.125,2568000,16.244448
1984-10-25,126.75,126.75,124.875,125.00,4264000,16.35896
1984-10-24,126.25,127.375,126.25,126.75,3421200,16.587986
1984-10-23,126.125,127.375,126.00,126.625,4880000,16.571627
1984-10-22,125.00,126.50,124.875,125.75,3840400,16.457114
1984-10-19,127.75,127.75,123.75,125.125,7480000,16.375319
1984-10-18,122.00,126.25,121.75,126.00,1384000,16.489832
1984-10-17,120.625,123.00,120.625,121.875,3079600,15.949986
1984-10-16,122.375,122.75,120.50,121.25,4616000,15.868192
1984-10-15,121.50,123.375,121.375,122.50,4300000,16.031781
1984-10-12,120.75,122.25,120.625,121.875,4800000,15.949986
1984-10-11,121.75,122.125,120.125,120.25,5528000,15.73732
1984-10-10,120.875,121.75,118.75,121.625,6940000,15.917268
1984-10-09,122.00,122.25,120.50,120.50,3671600,15.770038
1984-10-08,120.875,121.00,120.25,121.00,1736000,15.835474
1984-10-05,122.375,122.375,121.125,121.25,2298000,15.868192
1984-10-04,121.75,122.25,121.00,121.875,2888000,15.949986
1984-10-03,121.875,122.50,120.50,121.25,5104000,15.868192
1984-10-02,122.75,123.625,121.75,121.75,4056000,15.933627
1984-10-01,123.75,123.75,122.25,122.625,3288400,16.04814
1984-09-28,125.50,126.125,124.00,124.25,2836000,16.260807
1984-09-27,125.25,126.00,125.25,125.75,2852800,16.457114
1984-09-26,124.125,126.00,124.00,124.625,4132000,16.309884
1984-09-25,123.875,124.75,122.75,124.00,4528000,16.228089
1984-09-24,124.375,125.125,123.625,123.75,3347200,16.195371
1984-09-21,125.625,127.50,123.625,124.25,5564000,16.260807
1984-09-20,125.625,126.25,125.125,126.00,4904000,16.489832
1984-09-19,126.375,128.375,125.00,125.875,6392000,16.473473
1984-09-18,127.375,127.875,126.50,126.625,4284000,16.571627
1984-09-17,126.25,128.50,126.125,127.625,4524000,16.702499
1984-09-14,126.875,127.75,126.25,126.75,5784000,16.587986
1984-09-13,123.25,126.125,122.625,126.125,4432000,16.506191
1984-09-12,122.50,123.375,122.00,122.50,3160000,16.031781
1984-09-11,122.75,124.50,122.25,122.25,5728000,15.999063
1984-09-10,121.00,123.375,120.875,122.75,3843200,16.064499
1984-09-07,123.875,123.875,121.25,121.625,3119600,15.917268
1984-09-06,123.125,124.25,122.875,123.375,3726400,16.146294
1984-09-05,122.00,122.625,121.625,122.50,3408000,16.031781
1984-09-04,123.00,123.125,121.875,122.50,2562400,16.031781
1984-08-31,123.00,124.125,123.00,123.75,2196000,16.195371
1984-08-30,124.75,124.875,123.375,123.625,2182000,16.179012
1984-08-29,125.50,126.00,124.25,124.25,3103200,16.260807
1984-08-28,125.00,125.75,124.375,125.375,2413600,16.408037
1984-08-27,124.00,124.75,123.625,124.75,2558000,16.326242
1984-08-24,125.125,125.625,124.25,125.50,2719200,16.424396
1984-08-23,124.125,125.75,123.875,124.875,3980800,16.342601
1984-08-22,126.00,126.375,124.00,124.00,5812000,16.228089
1984-08-21,123.75,126.75,123.50,125.875,8992000,16.473473
1984-08-20,123.125,123.50,122.50,123.25,3445200,16.129935
1984-08-17,123.25,123.875,122.50,123.00,3680400,16.097217
1984-08-16,122.25,123.625,122.25,123.125,4156000,16.113576
1984-08-15,121.125,123.50,121.00,121.875,4476000,15.949986
1984-08-14,122.75,123.25,120.75,121.25,3234800,15.868192
1984-08-13,120.625,122.75,120.00,122.25,4660000,15.999063
1984-08-10,124.25,124.875,120.75,121.125,9204000,15.851833
1984-08-09,118.625,123.25,118.50,122.75,6516000,16.064499
1984-08-08,120.50,121.00,118.25,118.50,6900000,15.508294
1984-08-07,120.00,122.75,120.00,121.25,6848000,15.724232
1984-08-06,120.00,124.00,120.00,121.75,9964000,15.789074
1984-08-03,117.25,121.25,117.00,120.25,13036000,15.594548
1984-08-02,113.50,115.125,113.50,114.875,7364000,14.897494
1984-08-01,111.00,113.25,110.875,112.875,5872000,14.638125
1984-07-31,109.00,110.875,108.875,110.625,5120000,14.346335
1984-07-30,108.75,109.375,108.25,108.375,2441600,14.054546
1984-07-27,108.375,109.625,107.875,109.00,4236000,14.135598
1984-07-26,107.125,108.75,106.75,108.25,4008000,14.038335
1984-07-25,105.50,107.75,104.50,107.125,6364000,13.89244
1984-07-24,106.375,107.00,105.125,105.375,2840800,13.665492
1984-07-23,105.50,106.375,105.125,106.125,3722800,13.762756
1984-07-20,106.50,107.25,105.50,107.00,3240000,13.87623
1984-07-19,107.375,107.375,106.25,106.75,3580800,13.843808
1984-07-18,107.875,108.125,107.125,107.25,2499200,13.908651
1984-07-17,107.125,108.375,106.75,108.125,4188000,14.022125
1984-07-16,105.75,107.25,104.50,107.25,3702800,13.908651
1984-07-13,105.00,105.75,104.00,105.25,3420400,13.649282
1984-07-12,105.25,105.625,104.125,104.375,4304000,13.535808
1984-07-11,106.50,107.125,105.25,105.25,3590000,13.649282
1984-07-10,107.125,107.375,106.25,107.125,3209600,13.89244
1984-07-09,106.125,107.50,105.375,107.25,2818800,13.908651
1984-07-06,105.75,106.00,104.625,105.75,2085600,13.714124
1984-07-05,107.25,107.50,106.25,106.25,2097600,13.778966
1984-07-03,106.125,107.375,106.125,107.125,2196800,13.89244
1984-07-02,105.75,105.75,104.75,105.75,2414000,13.714124
1984-06-29,105.25,106.50,105.125,105.75,4548000,13.714124
1984-06-28,103.125,105.625,103.00,105.125,2909600,13.633071
1984-06-27,104.125,104.50,102.75,103.125,4452000,13.373703
1984-06-26,105.125,105.50,103.125,104.125,3797600,13.503387
1984-06-25,106.00,106.25,105.375,105.50,2998400,13.681703
1984-06-22,105.50,106.50,105.125,105.25,3634400,13.649282
1984-06-21,107.00,108.00,105.375,105.875,7544000,13.730335
1984-06-20,102.00,102.50,101.625,102.125,7052000,13.244018
1984-06-19,102.125,103.75,101.875,102.625,6048000,13.30886
1984-06-18,99.375,101.875,99.00,101.75,5676000,13.195387
1984-06-15,101.00,101.125,99.125,99.125,10028000,12.854965
1984-06-14,104.00,104.125,100.50,100.75,7984000,13.065702
1984-06-13,105.125,105.50,104.25,104.375,3366800,13.535808
1984-06-12,104.25,104.875,103.75,104.50,5092000,13.552019
1984-06-11,105.50,105.50,104.125,104.25,3668000,13.519598
1984-06-08,105.50,106.00,104.625,105.75,4424000,13.714124
1984-06-07,105.25,106.25,104.75,105.625,5044000,13.697914
1984-06-06,105.125,106.00,103.375,105.75,10852000,13.714124
1984-06-05,107.625,107.625,105.00,105.375,7876000,13.665492
1984-06-04,108.875,109.25,108.00,108.25,4656000,14.038335
1984-06-01,107.75,108.625,107.25,107.875,4840000,13.989703
1984-05-31,107.625,108.75,107.50,107.75,4687200,13.973493
1984-05-30,106.125,108.50,105.625,107.50,4721200,13.941072
1984-05-29,107.125,107.625,105.75,106.625,3008400,13.827598
1984-05-25,107.00,107.875,106.75,107.25,3700000,13.908651
1984-05-24,107.875,108.125,106.125,106.75,4656000,13.843808
1984-05-23,108.125,109.00,107.75,107.75,4228000,13.973493
1984-05-22,108.50,108.50,107.50,107.875,4760000,13.989703
1984-05-21,109.25,109.75,108.25,108.625,3666800,14.086967
1984-05-18,110.50,110.875,108.625,109.375,6192000,14.18423
1984-05-17,111.625,111.75,109.625,110.50,4363600,14.330125
1984-05-16,112.875,112.875,111.75,111.875,3562000,14.508441
1984-05-15,112.375,113.25,112.25,113.00,3570800,14.654336
1984-05-14,110.75,112.25,110.50,112.25,2620000,14.557073
1984-05-11,111.875,112.125,110.50,111.25,3233600,14.427388
1984-05-10,112.875,113.375,111.625,112.375,4156000,14.573283
1984-05-09,114.25,114.875,112.50,112.875,4296000,14.638125
1984-05-08,113.25,114.25,112.75,114.25,2907600,14.816441
1984-05-07,112.75,113.375,112.375,113.25,2858000,14.686757
1984-05-04,114.625,114.875,112.50,112.75,3581200,14.621915
1984-05-03,116.375,116.375,115.00,115.625,3007600,14.871558
1984-05-02,116.25,117.25,116.00,116.25,5348000,14.951945
1984-05-01,114.00,116.50,114.00,116.50,5852000,14.9841
1984-04-30,113.75,114.625,112.75,113.75,4488000,14.630398
1984-04-27,112.75,114.25,112.625,113.25,4088000,14.566088
1984-04-26,111.875,113.50,111.875,113.25,4360000,14.566088
1984-04-25,110.875,112.25,110.625,111.875,3597600,14.389237
1984-04-24,109.75,111.625,109.50,110.75,4416000,14.244541
1984-04-23,111.125,111.375,109.625,109.875,3345600,14.132
1984-04-19,110.875,111.125,110.125,110.75,4112000,14.244541
1984-04-18,111.875,112.25,110.50,111.125,2882800,14.292773
1984-04-17,113.00,113.50,112.00,112.25,3726000,14.437469
1984-04-16,110.875,112.875,110.625,112.75,3082000,14.501779
1984-04-13,112.375,113.50,111.125,111.25,5392800,14.308851
1984-04-12,108.875,112.75,107.50,112.50,7118400,14.469624
1984-04-11,110.25,110.375,108.75,108.875,2686800,14.003381
1984-04-10,110.00,110.75,109.75,110.00,3242400,14.148077
1984-04-09,110.00,110.00,108.375,109.625,3781600,14.099845
1984-04-06,109.25,109.75,107.75,109.75,5184000,14.115922
1984-04-05,111.125,111.375,108.375,108.75,5447200,13.987303
1984-04-04,111.25,111.50,110.625,111.00,2849600,14.276696
1984-04-03,111.125,112.50,110.375,112.00,8392000,14.405315
1984-04-02,114.25,114.625,111.00,112.00,8516000,14.405315
1984-03-30,113.875,114.625,113.625,113.875,2353600,14.646475
1984-03-29,115.50,115.75,113.75,113.75,3491200,14.630398
1984-03-28,113.875,115.375,113.625,115.375,4180000,14.839403
1984-03-27,112.75,113.875,112.625,113.875,4947600,14.646475
1984-03-26,112.125,113.25,111.75,112.25,7260000,14.437469
1984-03-23,112.75,113.00,111.50,112.25,3346800,14.437469
1984-03-22,114.00,114.00,112.375,112.75,3525600,14.501779
1984-03-21,114.875,115.50,114.00,114.00,3659600,14.662552
1984-03-20,114.125,115.375,113.50,114.75,4964000,14.759017
1984-03-19,112.50,114.00,112.50,114.00,3270400,14.662552
1984-03-16,114.25,114.25,112.75,113.75,8440000,14.630398
1984-03-15,111.375,112.50,111.125,112.00,3818000,14.405315
1984-03-14,110.625,111.50,110.375,111.00,3962800,14.276696
1984-03-13,110.75,112.00,110.375,110.625,5728000,14.228464
1984-03-12,108.625,110.50,108.50,110.25,5823600,14.180232
1984-03-09,107.875,108.625,107.375,108.00,2918400,13.890839
1984-03-08,107.625,109.25,107.625,108.50,3597600,13.955149
1984-03-07,108.00,108.25,106.625,107.625,6280000,13.842607
1984-03-06,111.25,111.625,109.125,109.25,3474000,14.051613
1984-03-05,111.50,111.50,110.375,111.00,3117600,14.276696
1984-03-02,112.00,112.875,111.625,112.00,4018000,14.405315
1984-03-01,109.75,111.625,109.75,111.50,3251600,14.341005
1984-02-29,110.625,111.75,109.375,110.25,4468000,14.180232
1984-02-28,112.50,112.50,109.875,110.00,4964000,14.148077
1984-02-27,111.25,113.50,110.75,112.875,5832000,14.517856
1984-02-24,109.25,111.50,109.25,111.25,4172000,14.308851
1984-02-23,108.875,109.25,107.00,109.25,5884000,14.051613
1984-02-22,109.125,110.875,108.625,109.125,4498400,14.035535
1984-02-21,109.50,109.875,108.625,109.375,2636800,14.06769
1984-02-17,109.75,110.50,109.125,109.75,2900400,14.115922
1984-02-16,109.75,110.375,108.625,109.625,4580800,14.099845
1984-02-15,111.125,111.375,109.50,109.625,4580000,14.099845
1984-02-14,109.50,111.00,109.125,110.875,4584000,14.260618
1984-02-13,110.125,110.25,108.00,109.00,3921200,14.019458
1984-02-10,109.625,110.50,109.375,109.875,6504000,14.132
1984-02-09,107.75,110.125,106.50,109.00,9473600,14.019458
1984-02-08,110.75,110.875,107.50,107.75,6317200,13.858684
1984-02-07,109.625,110.75,108.50,110.50,10717600,14.212386
1984-02-06,110.00,110.875,108.50,108.75,9872000,13.987303
1984-02-03,114.00,114.375,110.75,110.75,5983600,14.244541
1984-02-02,113.625,114.50,112.75,114.375,4818800,14.588595
1984-02-01,114.25,114.625,113.25,113.75,5110000,14.508876
1984-01-31,114.125,114.75,113.25,114.125,6588400,14.556707
1984-01-30,114.875,115.00,113.125,113.875,5214800,14.52482
1984-01-27,114.875,115.00,112.625,114.875,5994800,14.65237
1984-01-26,115.75,115.875,114.00,114.625,5615200,14.620483
1984-01-25,117.50,117.75,115.00,115.375,6306000,14.716146
1984-01-24,116.50,117.25,116.375,116.75,4270800,14.891528
1984-01-23,116.75,117.125,116.00,116.125,5330800,14.811808
1984-01-20,118.875,119.125,117.00,117.00,11137200,14.923415
1984-01-19,120.75,120.75,118.25,118.875,8690400,15.162572
1984-01-18,121.00,121.875,119.00,120.50,8161200,15.369842
1984-01-17,120.375,121.00,119.875,121.00,3514800,15.433617
1984-01-16,119.50,120.50,119.00,120.50,4808800,15.369842
1984-01-13,122.125,122.25,118.25,119.00,7045200,15.178516
1984-01-12,122.50,123.00,121.25,121.25,3669200,15.465505
1984-01-11,122.125,122.75,121.875,122.25,3289200,15.593056
1984-01-10,123.50,123.875,122.00,122.25,2874800,15.593056
1984-01-09,123.25,124.00,122.50,123.25,2970000,15.720606
1984-01-06,123.75,124.50,123.00,123.50,3783600,15.752494
1984-01-05,124.50,125.00,122.625,124.25,5163200,15.848157
1984-01-04,121.875,124.00,121.75,123.875,7947600,15.800325
1984-01-03,122.25,123.375,121.625,121.75,2900000,15.52928
1983-12-30,122.75,123.375,122.00,122.00,1685600,15.561168
1983-12-29,124.625,124.875,123.00,123.125,2369200,15.704662
1983-12-28,124.625,124.625,123.50,124.25,3076800,15.848157
1983-12-27,124.375,124.75,124.00,124.625,2281200,15.895988
1983-12-23,122.625,123.75,122.625,123.625,2418400,15.768438
1983-12-22,123.625,124.125,122.50,122.875,3562400,15.672775
1983-12-21,122.375,123.625,122.125,123.625,3394000,15.768438
1983-12-20,121.50,122.625,121.125,121.75,3340800,15.52928
1983-12-19,120.875,122.375,120.50,121.25,4327200,15.465505
1983-12-16,120.00,120.875,119.625,120.875,2564000,15.417674
1983-12-15,120.875,121.625,119.50,119.50,4560400,15.242292
1983-12-14,122.625,123.125,120.625,120.875,3424800,15.417674
1983-12-13,123.375,124.375,122.00,122.125,3968000,15.577112
1983-12-12,122.625,124.50,122.25,124.00,4791600,15.816269
1983-12-09,121.00,122.375,120.625,122.25,6666800,15.593056
1983-12-08,118.75,119.875,118.50,119.00,3460800,15.178516
1983-12-07,117.625,119.375,117.625,119.25,3106000,15.210404
1983-12-06,118.75,119.25,117.625,117.625,3024400,15.003134
1983-12-05,117.875,119.125,117.125,118.625,4595200,15.130685
1983-12-02,118.75,119.25,117.625,117.875,4311600,15.035022
1983-12-01,117.75,119.50,117.625,118.875,5565200,15.162572
1983-11-30,121.50,122.25,117.375,117.375,5902800,14.971247
1983-11-29,119.00,121.75,118.625,121.625,5111200,15.513337
1983-11-28,121.00,121.00,118.25,119.25,5398800,15.210404
1983-11-25,121.125,121.75,120.875,121.00,2195200,15.433617
1983-11-23,123.25,123.375,120.00,120.875,7134400,15.417674
1983-11-22,125.50,125.625,122.625,123.00,3940000,15.688719
1983-11-21,123.125,125.50,123.125,125.25,3113200,15.975707
1983-11-18,123.50,123.75,122.00,123.50,3272400,15.752494
1983-11-17,124.125,124.50,122.875,123.375,3265200,15.73655
1983-11-16,124.625,125.875,123.625,124.75,4215200,15.911932
1983-11-15,126.50,127.625,124.00,124.50,5417200,15.880044
1983-11-14,127.125,127.75,127.00,127.50,4122400,16.262696
1983-11-11,125.375,127.25,125.125,126.875,3139200,16.182977
1983-11-10,124.00,125.75,124.00,125.25,4663200,15.975707
1983-11-09,122.375,123.625,122.375,123.625,3435600,15.768438
1983-11-08,121.875,122.875,121.875,122.25,2603600,15.593056
1983-11-07,122.125,123.375,122.00,122.125,3214400,15.577112
1983-11-04,123.25,123.25,121.75,122.25,5898000,15.593056
1983-11-03,126.50,126.50,123.50,123.875,3690400,15.800325
1983-11-02,125.50,127.00,125.50,126.50,3785600,16.135145
1983-11-01,127.25,127.25,125.00,126.75,5652800,16.04586
1983-10-31,128.375,129.00,126.00,126.75,5766400,16.04586
1983-10-28,129.125,130.00,127.125,128.00,4423200,16.204103
1983-10-27,127.875,129.375,127.375,129.375,2808400,16.378171
1983-10-26,128.625,128.875,127.50,128.00,3911200,16.204103
1983-10-25,128.875,129.75,128.25,128.50,4722400,16.267401
1983-10-24,125.50,128.625,125.50,128.25,5966000,16.235752
1983-10-21,129.625,129.75,125.75,127.00,6221600,16.077509
1983-10-20,130.375,130.50,129.625,129.75,4566400,16.425644
1983-10-19,128.75,130.75,128.625,130.50,8290400,16.52059
1983-10-18,131.50,132.125,128.50,128.75,6974400,16.299049
1983-10-17,131.25,132.625,130.50,131.75,4519200,16.678833
1983-10-14,133.625,133.75,130.75,131.75,7990400,16.678833
1983-10-13,132.75,133.875,132.625,133.625,2889600,16.916198
1983-10-12,132.875,133.375,131.875,132.625,3724000,16.789603
1983-10-11,133.00,134.00,132.75,133.00,2748400,16.837076
1983-10-10,131.875,134.25,131.50,134.25,2633600,16.995319
1983-10-07,132.25,132.50,131.75,132.25,3213200,16.74213
1983-10-06,131.125,132.25,131.00,132.125,4418400,16.726306
1983-10-05,129.75,131.25,129.125,131.125,5564800,16.599711
1983-10-04,129.00,130.125,128.875,129.875,4760800,16.441468
1983-10-03,126.50,128.50,126.25,128.125,3513200,16.219928
1983-09-30,128.125,128.125,126.50,126.875,2282000,16.061685
1983-09-29,128.875,129.50,127.875,127.875,2894000,16.188279
1983-09-28,128.125,129.125,127.75,128.75,5282400,16.299049
1983-09-27,128.375,128.375,126.50,127.875,5086000,16.188279
1983-09-26,126.625,129.50,126.00,128.625,8390000,16.283225
1983-09-23,125.00,126.625,123.875,126.625,4447600,16.030036
1983-09-22,122.875,124.75,122.75,124.625,4397200,15.776847
1983-09-21,123.75,124.125,122.875,123.00,283600,15.571131
1983-09-20,124.375,124.50,123.125,123.875,3769200,15.681901
1983-09-19,123.375,124.875,122.625,123.75,3646000,15.666077
1983-09-16,121.50,124.25,121.50,123.125,3278800,15.586955
1983-09-15,122.875,123.25,121.50,121.75,2764400,15.412887
1983-09-14,121.875,123.50,121.625,122.875,3257200,15.555306
1983-09-13,121.25,122.00,120.625,122.00,2902400,15.444536
1983-09-12,123.25,123.375,121.125,121.50,4432400,15.381239
1983-09-09,122.25,122.875,121.375,122.25,1582800,15.476185
1983-09-08,122.25,123.50,121.625,122.25,2537200,15.476185
1983-09-07,121.75,122.875,121.00,122.375,3616000,15.492009
1983-09-06,120.50,121.875,120.00,121.875,3193600,15.428712
1983-09-02,118.625,119.75,118.50,119.75,2195200,15.159698
1983-09-01,119.625,119.625,118.125,118.625,2486800,15.017279
1983-08-31,117.625,119.50,117.125,119.50,2473200,15.12805
1983-08-30,119.00,119.25,117.25,117.375,2767600,14.859036
1983-08-29,117.25,119.25,116.875,119.00,2041200,15.064752
1983-08-26,115.625,118.25,115.625,117.875,2725200,14.922334
1983-08-25,116.75,116.875,115.25,116.25,3709600,14.716617
1983-08-24,118.50,119.00,116.00,116.50,3898000,14.748266
1983-08-23,120.75,120.875,118.50,119.375,4703200,15.112225
1983-08-22,122.875,123.25,120.625,121.25,2672400,15.34959
1983-08-19,121.875,122.50,121.125,122.50,1595200,15.507833
1983-08-18,123.375,123.75,121.375,121.625,2962000,15.397063
1983-08-17,121.625,123.50,121.625,123.00,3464000,15.571131
1983-08-16,120.75,122.00,120.375,121.625,2868400,15.397063
1983-08-15,119.625,121.50,119.125,120.50,4378800,15.254644
1983-08-12,118.00,118.875,117.875,118.50,1531600,15.001455
1983-08-11,118.50,119.125,117.50,117.75,1722000,14.906509
1983-08-10,117.75,119.00,117.00,118.125,3575200,14.953982
1983-08-09,119.375,119.50,116.625,118.125,4730000,14.953982
1983-08-08,119.25,119.875,118.50,119.00,2197200,15.064752
1983-08-05,119.00,120.125,119.00,119.75,2867200,15.159698
1983-08-04,119.50,119.875,117.50,119.50,3551600,15.12805
1983-08-03,120.50,121.375,119.125,121.25,3280400,15.229326
1983-08-02,121.125,121.50,120.125,120.50,2036000,15.135124
1983-08-01,120.25,121.375,120.25,120.75,3228400,15.166525
1983-07-29,121.75,122.00,119.375,120.375,4978000,15.119424
1983-07-28,123.25,124.125,121.50,122.00,2861600,15.323528
1983-07-27,126.125,126.50,122.625,123.375,3143200,15.496232
1983-07-26,126.00,127.00,125.25,125.75,3117600,15.794539
1983-07-25,123.50,126.25,123.50,125.875,2971600,15.810239
1983-07-22,124.937523,125.50,124.375,124.375,2007200,15.621835
1983-07-21,125.125,126.25,123.50,125.50,3738800,15.763138
1983-07-20,122.00,125.375,122.00,125.375,5254400,15.747438
1983-07-19,120.125,121.50,120.00,120.875,2924000,15.182225
1983-07-18,120.125,120.50,119.125,119.875,3266000,15.056623
1983-07-15,121.625,121.75,119.50,120.125,3736800,15.088023
1983-07-14,121.75,124.00,121.625,122.00,4694000,15.323528
1983-07-13,120.75,121.75,120.25,121.25,2479200,15.229326
1983-07-12,123.00,123.50,120.625,120.875,3622400,15.182225
1983-07-11,121.75,123.375,121.50,123.25,3106800,15.480532
1983-07-08,120.625,121.50,120.25,121.50,1738400,15.260727
1983-07-07,121.625,122.75,119.75,119.75,3862000,15.040922
1983-07-06,119.875,121.75,119.00,121.625,2716800,15.276427
1983-07-05,119.25,119.625,118.625,119.25,3773200,14.978121
1983-07-01,120.625,121.25,120.375,121.00,1492400,15.197926
1983-06-30,120.50,121.00,119.75,120.25,2224800,15.103724
1983-06-29,118.625,120.875,117.875,120.00,2679200,15.072323
1983-06-28,121.125,121.375,117.75,118.00,3382400,14.821118
1983-06-27,122.75,122.75,120.25,120.875,2171600,15.182225
1983-06-24,123.125,123.875,122.625,123.00,1785600,15.449131
1983-06-23,123.50,123.75,122.75,123.25,2328000,15.480532
1983-06-22,123.50,124.50,122.50,123.50,2937200,15.511933
1983-06-21,122.375,123.625,120.625,123.125,3308800,15.464831
1983-06-20,121.625,122.75,121.50,122.00,2593600,15.323528
1983-06-17,121.75,122.50,120.25,121.125,2502000,15.213626
1983-06-16,121.75,122.875,121.50,121.75,4933600,15.292128
1983-06-15,118.25,121.00,118.125,121.00,4681200,15.197926
1983-06-14,117.25,119.75,117.00,118.00,3886000,14.821118
1983-06-13,115.25,117.25,114.125,117.25,2951200,14.726916
1983-06-10,114.00,114.625,113.625,114.25,1678400,14.350108
1983-06-09,113.625,114.50,113.125,113.75,2689200,14.287306
1983-06-08,112.625,114.75,112.625,113.375,3326800,14.240205
1983-06-07,115.75,116.25,113.00,113.125,3165600,14.208805
1983-06-06,114.375,116.125,113.625,115.75,2262400,14.538512
1983-06-03,113.50,114.875,113.00,114.00,2646400,14.318707
1983-06-02,112.375,113.875,111.25,113.50,3212000,14.255906
1983-06-01,111.25,111.875,110.25,111.875,3561200,14.051801
1983-05-31,112.50,112.875,110.25,111.25,2939200,13.9733
1983-05-27,114.75,115.00,112.875,113.00,1617600,14.193104
1983-05-26,115.00,115.875,114.25,114.375,2591200,14.365808
1983-05-25,114.875,115.625,113.375,115.625,3374400,14.522811
1983-05-24,113.125,115.00,113.00,114.625,2661600,14.397209
1983-05-23,109.75,112.875,109.75,112.50,3252000,14.130303
1983-05-20,110.75,111.75,110.25,110.75,2155600,13.910498
1983-05-19,111.875,112.50,110.50,111.25,2694000,13.9733
1983-05-18,114.25,114.75,110.75,114.00,3208000,14.318707
1983-05-17,114.125,115.00,113.125,114.00,2888000,14.318707
1983-05-16,114.00,115.25,114.00,115.25,2675600,14.47571
1983-05-13,115.75,116.625,115.625,116.50,1698800,14.632714
1983-05-12,116.00,116.00,115.00,115.50,1879600,14.507111
1983-05-11,116.625,117.00,115.25,115.50,1968800,14.507111
1983-05-10,117.125,117.625,116.75,116.875,1812400,14.679815
1983-05-09,117.625,118.25,116.625,117.50,2509200,14.758316
1983-05-06,115.625,118.50,115.50,117.625,3447600,14.774017
1983-05-05,115.25,115.875,114.625,115.75,2300800,14.538512
1983-05-04,116.125,116.875,115.375,116.50,2451200,14.513391
1983-05-03,115.00,115.875,114.625,115.50,3638400,14.388812
1983-05-02,116.00,117.125,114.75,115.00,3891600,14.326523
1983-04-29,116.875,117.625,116.00,117.00,3056000,14.57568
1983-04-28,116.75,117.50,115.875,117.25,3061600,14.606825
1983-04-27,117.125,118.00,115.00,116.00,3643600,14.451101
1983-04-26,115.50,117.25,113.625,117.125,3764000,14.591252
1983-04-25,115.50,117.125,113.75,114.50,3100400,14.264234
1983-04-22,115.00,117.875,114.75,117.25,3231600,14.606825
1983-04-21,115.125,115.50,114.125,115.00,4286800,14.326523
1983-04-20,111.75,115.25,111.75,115.125,3882400,14.342095
1983-04-19,111.875,112.125,111.00,111.50,3717600,13.890498
1983-04-18,110.125,112.625,110.00,112.625,4081600,14.030649
1983-04-15,109.875,110.50,109.625,110.125,3176400,13.719203
1983-04-14,108.875,110.00,107.25,109.50,4030000,13.641341
1983-04-13,107.50,109.00,107.375,108.75,3915200,13.547908
1983-04-12,106.625,107.375,106.00,107.00,4196000,13.329895
1983-04-11,105.75,106.75,104.625,106.625,6604800,13.283178
1983-04-08,103.25,104.00,102.625,103.875,3576800,12.940588
1983-04-07,102.75,103.375,102.00,103.25,2428400,12.862726
1983-04-06,102.00,102.75,101.25,102.625,3431600,12.784865
1983-04-05,103.25,103.25,101.875,102.00,2847200,12.707003
1983-04-04,101.625,102.50,101.125,102.375,2670000,12.75372
1983-03-31,104.75,104.875,101.625,101.75,2404400,12.675858
1983-03-30,103.875,104.50,103.25,104.25,3308000,12.987305
1983-03-29,102.625,104.00,102.50,102.875,3139200,12.816009
1983-03-28,102.125,102.875,101.75,102.375,1993600,12.75372
1983-03-25,102.25,103.25,101.75,102.125,2612800,12.722575
1983-03-24,102.375,103.125,101.375,102.25,3733200,12.738148
1983-03-23,100.25,102.875,100.25,102.125,3780000,12.722575
1983-03-22,100.875,101.125,100.00,100.125,2404800,12.473418
1983-03-21,100.25,101.125,99.25,100.75,3964400,12.55128
1983-03-18,99.125,100.00,99.125,99.875,2586800,12.442274
1983-03-17,99.00,99.25,98.625,98.875,2667600,12.317695
1983-03-16,99.75,100.75,98.75,98.875,2830000,12.317695
1983-03-15,100.50,101.00,100.00,100.875,2771200,12.566852
1983-03-14,100.50,101.125,99.75,100.50,2640000,12.520135
1983-03-11,100.50,101.00,99.875,100.75,2018000,12.55128
1983-03-10,101.375,102.625,100.125,100.25,2680400,12.488991
1983-03-09,101.50,102.375,100.625,102.25,3027200,12.738148
1983-03-08,101.625,103.25,100.00,100.875,3166800,12.566852
1983-03-07,102.625,103.375,101.75,103.00,3195200,12.831581
1983-03-04,101.75,102.25,101.125,102.25,2742800,12.738148
1983-03-03,102.125,103.00,101.25,101.875,3373600,12.691431
1983-03-02,102.125,103.00,101.25,102.125,5312800,12.722575
1983-03-01,100.75,101.875,99.625,101.75,4426000,12.675858
1983-02-28,99.75,100.50,99.00,99.00,3642400,12.333268
1983-02-25,100.625,101.25,100.00,100.375,4208400,12.504563
1983-02-24,100.375,101.50,99.25,100.875,5462400,12.566852
1983-02-23,98.00,98.75,97.125,98.75,2558400,12.302123
1983-02-22,98.25,99.50,97.00,97.125,2985600,12.099683
1983-02-18,98.875,99.50,98.25,98.625,2686000,12.286551
1983-02-17,98.00,99.00,97.00,98.375,4467600,12.255406
1983-02-16,99.25,100.25,98.25,98.375,3758400,12.255406
1983-02-15,99.625,100.50,98.75,98.875,5411200,12.317695
1983-02-14,98.25,99.50,97.00,99.00,4580400,12.333268
1983-02-11,96.875,97.75,96.00,96.375,3164000,12.006249
1983-02-10,96.00,96.875,95.125,96.375,3084800,12.006249
1983-02-09,94.75,95.50,93.875,94.50,3650800,11.772665
1983-02-08,96.25,97.375,95.00,95.125,2574000,11.850526
1983-02-07,97.50,98.375,96.625,97.125,2253600,12.099683
1983-02-04,96.50,97.50,95.375,97.375,3340000,12.130828
1983-02-03,95.625,96.00,95.125,95.50,3265600,11.897243
1983-02-02,96.25,97.25,95.25,96.00,4487600,11.852395
1983-02-01,98.125,99.25,97.00,97.00,2640800,11.975857
1983-01-31,97.875,98.875,96.75,98.875,2296800,12.207349
1983-01-28,97.875,98.50,97.125,97.375,2535200,12.022156
1983-01-27,96.875,98.00,95.75,97.625,3170400,12.053021
1983-01-26,95.50,96.125,94.875,95.125,3370000,11.744365
1983-01-25,95.375,96.25,94.375,96.00,4534400,11.852395
1983-01-24,93.25,94.125,92.25,93.875,5910000,11.590037
1983-01-21,95.75,97.50,94.00,94.625,7140400,11.682634
1983-01-20,97.75,98.75,96.75,97.875,2511200,12.083887
1983-01-19,98.625,100.25,97.00,98.50,3874800,12.161051
1983-01-18,99.50,100.375,98.50,99.625,4060000,12.299946
1983-01-17,100.00,100.75,99.25,99.25,4578800,12.253648
1983-01-14,99.25,99.875,98.50,99.125,3496000,12.238215
1983-01-13,98.75,99.25,98.125,98.625,2940000,12.176484
1983-01-12,99.125,100.125,98.00,98.125,6103600,12.114753
1983-01-11,97.75,98.375,97.00,98.00,3403600,12.09932
1983-01-10,97.625,99.25,96.00,98.00,4456800,12.09932
1983-01-07,97.50,98.375,96.50,96.625,4242400,11.929559
1983-01-06,97.00,98.50,95.50,97.625,4096800,12.053021
1983-01-05,95.875,96.75,95.00,96.00,3803600,11.852395
1983-01-04,94.00,95.625,92.375,95.625,3660400,11.806096
1983-01-03,94.75,97.00,92.50,93.00,3042400,11.482007
1982-12-31,96.625,97.125,96.125,96.25,1494800,11.88326
1982-12-30,96.875,98.00,95.75,96.125,2901600,11.867828
1982-12-29,96.375,97.25,95.375,96.625,3199600,11.929559
1982-12-28,95.625,96.375,94.75,95.125,2698800,11.744365
1982-12-27,95.125,96.875,93.375,96.375,2588000,11.898693
1982-12-23,94.00,94.50,93.50,93.625,2360000,11.559172
1982-12-22,95.00,96.375,93.50,93.50,4059200,11.543739
1982-12-21,94.375,96.00,92.75,95.75,3480400,11.821529
1982-12-20,93.375,94.625,92.00,92.50,2455600,11.420276
1982-12-17,93.125,94.625,91.50,93.375,4572000,11.528306
1982-12-16,90.375,91.25,89.50,90.75,3991600,11.204217
1982-12-15,90.375,91.50,89.125,89.375,5220000,11.034456
1982-12-14,93.375,96.25,90.50,91.00,5149600,11.235083
1982-12-13,94.00,94.75,93.125,93.875,2616800,11.590037
1982-12-10,93.75,95.125,92.375,92.75,3830000,11.451142
1982-12-09,94.25,96.00,92.50,93.625,4474000,11.559172
1982-12-08,96.00,97.50,94.50,94.50,5254000,11.667201
1982-12-07,94.875,96.375,93.25,95.125,6839200,11.744365
1982-12-06,90.875,93.75,87.875,92.75,4616000,11.451142
1982-12-03,88.625,89.375,87.875,88.25,3086800,10.895561
1982-12-02,87.875,89.25,86.50,88.25,6156400,10.895561
1982-12-01,87.25,88.25,86.125,86.50,6100400,10.679502
1982-11-30,84.50,86.50,82.50,86.50,4063200,10.679502
1982-11-29,82.875,83.75,82.00,82.50,2068400,10.185652
1982-11-26,83.375,83.625,83.00,83.375,1506800,10.293681
1982-11-24,82.25,82.75,81.75,82.75,2862400,10.216517
1982-11-23,81.375,82.125,80.625,81.25,3073200,10.031324
1982-11-22,81.75,83.00,80.50,80.50,2529600,9.938727
1982-11-19,83.625,84.375,82.875,83.50,2769200,10.309114
1982-11-18,84.00,84.50,83.50,83.75,2855200,10.33998
1982-11-17,83.50,84.50,82.375,84.00,3532400,10.370845
1982-11-16,82.125,83.125,81.00,82.125,3944000,10.139353
1982-11-15,82.375,82.75,82.00,82.25,3645600,10.154786
1982-11-12,84.375,85.375,83.375,85.375,3382400,10.540606
1982-11-11,84.50,85.375,83.50,85.375,2209200,10.540606
1982-11-10,85.125,86.50,83.75,84.375,3814000,10.417144
1982-11-09,84.75,85.875,83.625,85.75,3976400,10.586905
1982-11-08,83.375,83.75,83.00,83.375,2873600,10.293681
1982-11-05,84.375,85.00,83.625,84.25,3981200,10.401711
1982-11-04,84.625,85.375,83.75,84.00,6549200,10.370845
1982-11-03,83.875,85.50,82.25,85.25,5954800,10.418996
1982-11-02,82.25,83.00,81.50,81.875,4142000,10.006514
1982-11-01,80.50,81.50,79.50,81.50,3329200,9.960682
1982-10-29,79.875,80.50,79.125,79.875,2825600,9.76208
1982-10-28,80.50,81.50,79.50,79.625,4330400,9.731526
1982-10-27,81.50,82.375,80.50,81.625,3756000,9.97596
1982-10-26,80.75,82.125,79.375,82.00,5037200,10.021791
1982-10-25,81.00,81.875,80.00,80.00,4294400,9.777357
1982-10-22,83.75,84.75,82.75,82.75,4556000,10.113454
1982-10-21,83.375,84.75,82.00,84.75,4819600,10.357888
1982-10-20,83.00,84.50,81.50,84.50,4570400,10.327333
1982-10-19,82.375,83.50,81.25,82.125,4862000,10.037068
1982-10-18,79.75,83.00,79.625,83.00,4541600,10.144008
1982-10-15,79.75,80.375,79.00,79.50,4874400,9.716249
1982-10-14,80.75,81.875,79.50,80.125,4619600,9.792634
1982-10-13,82.875,84.125,81.25,83.50,5607600,10.205116
1982-10-12,83.25,84.375,82.375,82.75,6001600,10.113454
1982-10-11,83.00,84.50,81.375,83.50,5757200,10.205116
1982-10-08,80.25,81.125,79.25,81.125,5370000,9.914851
1982-10-07,79.375,80.375,78.375,80.375,830400,9.823188
1982-10-06,77.25,79.00,75.375,79.00,5384400,9.65514
1982-10-05,75.375,76.125,74.625,75.125,3009200,9.181549
1982-10-04,74.00,74.625,73.25,74.50,2459600,9.105164
1982-10-01,74.00,74.625,73.375,74.125,2990000,9.059332
1982-09-30,74.125,74.875,73.25,73.375,3991600,8.96767
1982-09-29,75.50,76.375,74.50,74.75,3324000,9.135718
1982-09-28,76.75,77.25,76.25,76.25,3473200,9.319043
1982-09-27,76.375,77.00,75.75,76.625,1962000,9.364875
1982-09-24,76.125,76.50,75.625,76.00,3548400,9.288489
1982-09-23,76.00,76.625,75.25,76.375,5016000,9.33432
1982-09-22,76.625,77.625,75.50,75.50,6416400,9.227381
1982-09-21,75.75,76.75,74.75,76.75,5286800,9.380152
1982-09-20,74.125,74.75,73.375,74.75,3248400,9.135718
1982-09-17,74.25,74.75,73.75,74.125,2907200,9.059332
1982-09-16,74.125,75.00,73.25,74.125,5638800,9.059332
1982-09-15,73.00,73.625,72.25,73.375,3763200,8.96767
1982-09-14,73.125,74.00,72.25,72.50,4880400,8.86073
1982-09-13,72.125,73.00,71.125,72.875,2910400,8.906561
1982-09-10,71.50,72.125,70.75,71.375,3786800,8.723236
1982-09-09,72.50,73.25,71.75,71.875,3124400,8.784344
1982-09-08,72.875,73.625,72.125,72.50,5719600,8.86073
1982-09-07,72.25,72.75,71.75,72.50,4485200,8.86073
1982-09-03,72.875,74.00,71.625,72.125,6651200,8.814898
1982-09-02,70.75,72.00,69.375,71.375,3798800,8.723236
1982-09-01,70.25,71.00,69.50,69.75,4469600,8.524633
1982-08-31,70.375,71.00,69.625,70.50,4940000,8.616296
1982-08-30,69.25,70.00,68.375,69.875,3125600,8.53991
1982-08-27,68.875,69.25,68.375,69.00,2758000,8.43297
1982-08-26,69.75,70.50,69.00,69.125,5921200,8.448248
1982-08-25,69.25,70.125,68.375,69.125,5709600,8.448248
1982-08-24,68.75,69.25,68.125,68.375,5964000,8.356585
1982-08-23,68.625,69.50,67.75,69.375,6181600,8.478802
1982-08-20,67.375,68.625,66.00,68.25,5424800,8.341308
1982-08-19,66.00,66.75,65.25,66.00,5444400,8.06632
1982-08-18,66.75,67.625,65.75,65.75,6828000,8.035765
1982-08-17,64.625,66.125,63.00,66.00,4728800,8.06632
1982-08-16,63.25,63.625,62.75,62.875,2138000,7.684392
1982-08-13,62.625,63.00,62.25,62.875,2327600,7.684392
1982-08-12,62.50,62.875,62.125,62.25,2220400,7.608006
1982-08-11,62.75,63.125,62.375,62.375,2972800,7.623283
1982-08-10,63.375,63.75,63.00,63.00,4338000,7.699669
1982-08-09,62.875,63.25,62.375,63.25,2694400,7.730223
1982-08-06,63.625,64.25,63.00,63.125,1353600,7.714946
1982-08-05,64.25,64.75,63.75,63.875,2754800,7.806608
1982-08-04,65.875,66.125,65.50,65.625,3399600,7.915381
1982-08-03,66.625,67.25,66.00,66.00,2604000,7.960612
1982-08-02,66.625,67.125,66.125,66.75,2507200,8.051073
1982-07-30,65.875,66.25,65.50,65.625,1964400,7.915381
1982-07-29,65.00,65.625,64.375,65.50,2296400,7.900304
1982-07-28,65.00,66.00,64.875,64.875,2701200,7.82492
1982-07-27,65.875,66.25,65.50,65.50,1574000,7.900304
1982-07-26,66.25,66.625,65.75,65.875,1570400,7.945535
1982-07-23,66.75,67.00,66.375,66.50,1616000,8.02092
1982-07-22,67.00,67.375,66.50,66.625,4144800,8.035997
1982-07-21,68.00,68.625,67.25,67.50,5098000,8.141535
1982-07-20,66.75,67.625,65.875,67.375,5227600,8.126458
1982-07-19,66.125,66.625,65.625,65.875,3990800,7.945535
1982-07-16,67.125,67.75,66.50,66.75,5810400,8.051073
1982-07-15,67.00,67.50,66.375,66.75,6314800,8.051073
1982-07-14,65.00,66.875,64.75,66.875,6752400,8.06615
1982-07-13,64.375,65.00,63.125,64.50,6225200,7.779689
1982-07-12,65.875,66.875,64.75,66.875,6752400,8.06615
1982-07-09,62.00,62.50,61.375,62.50,4988400,7.538458
1982-07-08,60.75,61.625,59.75,61.50,3855600,7.417843
1982-07-07,60.875,61.25,60.375,61.00,2553200,7.357535
1982-07-06,60.125,60.75,59.375,60.375,1435200,7.282151
1982-07-02,60.375,60.625,60.00,60.00,1160400,7.23692
1982-07-01,60.625,60.875,60.25,60.625,1568000,7.312305
1982-06-30,61.125,61.50,60.625,60.625,2885200,7.312305
1982-06-29,61.00,61.375,60.625,61.125,1381200,7.372612
1982-06-28,60.875,61.50,60.125,61.125,1818400,7.372612
1982-06-25,60.375,60.625,60.125,60.25,1794400,7.267074
1982-06-24,60.875,61.25,60.375,60.50,2762400,7.297228
1982-06-23,60.625,61.50,59.625,61.125,3335200,7.372612
1982-06-22,59.375,59.875,58.75,59.875,2364000,7.221843
1982-06-21,59.00,59.625,58.25,58.625,2787200,7.071074
1982-06-18,58.50,58.625,58.375,58.375,1333200,7.04092
1982-06-17,58.875,59.25,58.375,58.50,3472000,7.055997
1982-06-16,59.625,60.00,59.25,59.50,1862400,7.176612
1982-06-15,59.375,59.75,58.875,59.75,2130400,7.206766
1982-06-14,59.375,59.50,59.125,59.125,1586000,7.131382
1982-06-11,59.625,60.125,59.125,59.625,4286000,7.191689
1982-06-10,58.50,59.00,58.00,58.75,2736800,7.086151
1982-06-09,58.125,58.625,57.50,58.125,4291200,7.010766
1982-06-08,59.00,59.875,58.125,58.25,8139200,7.025843
1982-06-07,60.125,60.625,59.50,60.00,3297200,7.23692
1982-06-04,60.875,61.625,60.125,60.25,1610000,7.267074
1982-06-03,61.75,62.125,61.25,61.50,1803200,7.417843
1982-06-02,61.875,62.125,61.50,62.00,2468000,7.478151
1982-06-01,61.625,61.875,61.375,61.75,1650800,7.447997
1982-05-28,61.75,62.125,61.25,61.50,2348800,7.417843
1982-05-27,62.125,62.375,61.75,62.00,1703200,7.478151
1982-05-26,62.00,62.375,61.625,62.00,2004800,7.478151
1982-05-25,62.25,62.625,61.875,61.875,1850800,7.463074
1982-05-24,62.375,62.625,62.00,62.25,1634800,7.508304
1982-05-21,62.75,63.00,62.375,62.625,3298000,7.553535
1982-05-20,62.50,63.00,62.00,63.00,2156800,7.598766
1982-05-19,62.875,63.25,62.375,62.50,1909600,7.538458
1982-05-18,63.00,63.25,62.75,62.75,1787600,7.568612
1982-05-17,63.25,63.75,62.75,62.875,2404000,7.583689
1982-05-14,63.875,64.00,63.625,63.625,1858800,7.674151
1982-05-13,64.00,64.25,63.625,63.625,1472000,7.674151
1982-05-12,64.125,64.625,63.50,63.875,2090400,7.704304
1982-05-11,64.375,64.75,64.00,64.375,1489600,7.764612
1982-05-10,64.375,64.875,63.875,63.875,2279200,7.704304
1982-05-07,65.00,65.125,64.75,64.75,1951600,7.809843
1982-05-06,65.00,65.125,64.75,64.875,3108800,7.82492
1982-05-05,65.00,65.25,64.75,65.125,3422400,7.751344
1982-05-04,64.875,65.25,64.50,64.75,1990000,7.706711
1982-05-03,64.375,64.75,64.00,64.50,1538400,7.676955
1982-04-30,64.375,64.75,64.00,64.25,3036800,7.6472
1982-04-29,64.375,64.625,64.125,64.125,1966400,7.632322
1982-04-28,64.875,65.25,64.50,64.875,2868800,7.721589
1982-04-27,65.25,65.75,64.625,65.125,2634400,7.751344
1982-04-26,65.625,66.125,65.00,66.00,3646800,7.855489
1982-04-23,65.125,65.75,64.50,65.75,4856400,7.825734
1982-04-22,64.375,64.75,64.00,64.375,2583200,7.662077
1982-04-21,63.625,63.875,63.25,63.875,2048800,7.602566
1982-04-20,63.50,63.875,63.00,63.25,3571200,7.528177
1982-04-19,64.375,65.125,63.625,63.75,4562400,7.587688
1982-04-16,64.625,64.875,64.25,64.50,2757600,7.676955
1982-04-15,64.00,64.625,63.375,64.625,4235200,7.691833
1982-04-14,62.625,64.00,61.25,63.625,5109600,7.572811
1982-04-13,62.375,62.75,61.875,62.00,1694000,7.379399
1982-04-12,62.25,62.50,62.00,62.125,1552800,7.394277
1982-04-08,62.125,62.50,61.625,62.25,2616000,7.409155
1982-04-07,61.875,62.125,61.50,61.75,2358800,7.349643
1982-04-06,61.50,61.875,61.00,61.75,1957600,7.349643
1982-04-05,61.50,61.75,61.125,61.50,1888800,7.319888
1982-04-02,61.50,61.875,61.00,61.50,3357600,7.319888
1982-04-01,60.50,61.125,59.875,61.00,2601200,7.260376
1982-03-31,60.125,60.625,59.625,59.75,2658800,7.111598
1982-03-30,60.125,60.50,59.625,60.375,2697200,7.185987
1982-03-29,59.50,60.25,58.75,59.875,1919600,7.126476
1982-03-26,59.375,59.75,59.00,59.00,2467600,7.022331
1982-03-25,59.625,60.125,59.125,59.75,2244400,7.111598
1982-03-24,59.125,59.375,58.875,59.125,2226000,7.037209
1982-03-23,59.25,59.625,58.75,59.50,3130000,7.081843
1982-03-22,58.75,59.50,57.875,59.125,2950800,7.037209
1982-03-19,57.875,58.00,57.25,57.625,2382000,6.858675
1982-03-18,58.00,58.375,57.625,57.875,3086400,6.888431
1982-03-17,57.75,58.125,57.375,57.375,2941600,6.82892
1982-03-16,58.125,58.875,57.25,57.375,2516800,6.82892
1982-03-15,58.125,58.875,57.375,58.875,2482800,7.007453
1982-03-12,57.75,58.125,57.375,57.875,3262400,6.888431
1982-03-11,59.00,59.375,58.125,58.25,3354400,6.933064
1982-03-10,59.125,59.625,58.625,59.00,2349600,7.022331
1982-03-09,58.375,59.50,57.125,58.625,4868400,6.977698
1982-03-08,58.375,59.25,57.375,57.50,2919200,6.843797
1982-03-05,58.75,59.375,58.125,58.50,4276400,6.96282
1982-03-04,59.25,60.00,58.50,59.125,3549600,7.037209
1982-03-03,60.25,60.875,59.625,59.875,4235600,7.126476
1982-03-02,61.625,62.375,60.875,61.00,2580400,7.260376
1982-03-01,62.125,62.75,61.50,62.125,2670800,7.394277
1982-02-26,61.50,61.875,61.125,61.875,1859600,7.364521
1982-02-25,62.00,62.50,61.50,61.625,2520000,7.334765
1982-02-24,61.125,62.125,60.125,62.00,2816400,7.379399
1982-02-23,60.625,61.375,59.75,60.875,2709200,7.245499
1982-02-22,61.50,62.875,60.125,60.375,4695200,7.185987
1982-02-19,62.375,63.00,61.625,62.375,2377200,7.424032
1982-02-18,62.75,63.00,62.50,62.75,2553200,7.468666
1982-02-17,62.625,63.25,62.00,62.25,2815200,7.409155
1982-02-16,61.25,62.375,60.125,62.25,3097600,7.409155
1982-02-12,61.375,61.75,61.00,61.00,1186400,7.260376
1982-02-11,61.50,62.00,60.875,61.25,1705600,7.290132
1982-02-10,62.00,62.375,61.625,61.875,3331200,7.364521
1982-02-09,61.375,61.75,61.00,61.375,3375200,7.30501
1982-02-08,62.25,63.00,61.375,61.50,2002800,7.319888
1982-02-05,63.50,64.00,62.875,63.25,3088400,7.528177
1982-02-04,62.625,63.50,61.625,63.25,2980000,7.528177
1982-02-03,62.375,63.25,61.50,62.75,3114400,7.366307
1982-02-02,63.00,63.50,62.375,63.00,2472000,7.395654
1982-02-01,63.00,63.375,62.50,62.625,2739600,7.351633
1982-01-29,64.25,64.75,63.625,63.625,2809600,7.469024
1982-01-28,63.75,64.50,63.00,64.375,4598000,7.557068
1982-01-27,62.125,62.75,61.50,62.625,2203200,7.351633
1982-01-26,62.125,62.50,61.625,61.75,2625200,7.248915
1982-01-25,61.625,62.25,61.00,62.00,2805200,7.278263
1982-01-22,62.00,62.625,61.375,61.625,3040800,7.234241
1982-01-21,62.375,63.00,61.625,62.50,3919600,7.336959
1982-01-20,61.375,62.00,60.75,61.50,4676800,7.219567
1982-01-19,61.50,62.125,60.75,61.00,4164800,7.160872
1982-01-18,60.75,62.125,59.375,61.875,5539200,7.263589
1982-01-15,59.375,60.125,58.50,59.75,6116400,7.014133
1982-01-14,58.125,58.875,57.375,58.875,3440800,6.911415
1982-01-13,57.625,58.25,57.00,57.375,3657600,6.735328
1982-01-12,57.625,58.375,56.75,57.50,4947600,6.750002
1982-01-11,57.75,58.75,56.75,56.75,7280400,6.661959
1982-01-08,56.75,56.75,56.75,56.75,000,6.661959
1982-01-07,56.50,57.25,55.625,56.75,3030400,6.661959
1982-01-06,56.50,57.00,56.00,56.75,2710000,6.661959
1982-01-05,57.375,57.875,56.75,57.00,3924800,6.691306
1982-01-04,57.625,58.375,56.875,58.25,2911200,6.838046
1981-12-31,57.00,57.375,56.625,56.875,1590400,6.676632
1981-12-30,56.00,57.625,56.00,57.25,3176000,6.720654
1981-12-29,56.50,57.00,55.75,56.00,1582800,6.573915
1981-12-28,57.00,57.375,56.25,56.50,1631200,6.632611
1981-12-24,56.25,57.00,56.25,57.00,1157200,6.691306
1981-12-23,56.875,56.875,56.00,56.125,1823600,6.588589
1981-12-22,56.625,57.25,56.625,56.875,2748000,6.676632
1981-12-21,56.75,56.875,56.125,56.375,2364000,6.617937
1981-12-18,55.75,57.00,55.50,56.75,548400,6.661959
1981-12-17,54.125,55.75,54.125,55.75,3725200,6.544567
1981-12-16,53.625,54.50,53.125,54.125,2617600,6.353806
1981-12-15,53.375,53.875,53.00,53.625,2441600,6.295111
1981-12-14,53.875,53.875,53.25,53.375,2274400,6.265763
1981-12-11,54.625,54.75,53.375,54.375,2321200,6.383154
1981-12-10,53.875,54.75,53.75,54.625,3011600,6.412502
1981-12-09,53.375,54.00,53.375,53.875,1704800,6.324458
1981-12-08,53.50,53.75,53.00,53.25,2004800,6.251089
1981-12-07,54.625,55.375,53.375,53.50,1645600,6.280437
1981-12-04,54.00,55.125,54.00,54.625,3848400,6.412502
1981-12-03,53.00,54.00,53.00,54.00,1989200,6.339132
1981-12-02,53.75,53.75,53.00,53.00,1495600,6.221741
1981-12-01,54.50,54.625,53.875,54.125,2107600,6.353806
1981-11-30,54.50,54.50,53.75,54.50,2533200,6.397828
1981-11-27,52.875,54.50,52.875,54.50,2373200,6.397828
1981-11-25,52.50,53.125,52.50,52.625,3487600,6.177719
1981-11-24,50.50,52.375,50.50,52.25,2669200,6.133698
1981-11-23,50.625,50.875,50.50,50.50,1769600,5.928263
1981-11-20,50.375,50.875,50.25,50.625,1448400,5.942937
1981-11-19,50.375,50.375,49.875,50.375,1977200,5.913589
1981-11-18,51.00,51.125,50.25,50.375,2169600,5.913589
1981-11-17,51.00,51.375,50.625,51.00,1890000,5.986958
1981-11-16,51.25,51.25,50.50,51.00,1509200,5.986958
1981-11-13,52.625,52.625,51.50,51.625,1672400,6.060328
1981-11-12,52.50,53.125,52.25,52.75,2064000,6.192393
1981-11-11,52.25,52.625,51.25,52.50,1484400,6.163045
1981-11-10,52.00,53.00,52.00,52.25,3142800,6.133698
1981-11-09,50.875,51.75,50.875,51.625,2080400,6.060328
1981-11-06,51.50,51.75,50.75,50.875,2535600,5.972284
1981-11-05,52.375,52.75,51.50,51.50,1865600,6.045654
1981-11-04,52.375,52.375,51.75,52.375,1613200,6.148371
1981-11-03,53.00,53.00,52.25,53.00,2831600,6.120784
1981-11-02,52.00,53.125,52.00,53.00,3648400,6.120784
1981-10-30,49.125,51.75,49.125,51.50,3505600,5.947555
1981-10-29,49.50,49.75,48.375,49.00,3794000,5.658838
1981-10-28,50.75,50.875,49.50,49.50,3204000,5.716582
1981-10-27,50.75,51.25,50.75,50.75,1787200,5.86094
1981-10-26,50.875,50.875,50.375,50.625,1441200,5.846504
1981-10-23,51.125,51.125,50.75,51.00,1699200,5.889811
1981-10-22,51.375,51.625,50.875,51.125,1037200,5.904247
1981-10-21,51.625,52.25,51.125,51.375,1912400,5.933119
1981-10-20,51.50,51.875,51.50,51.625,1773200,5.96199
1981-10-19,51.25,51.625,50.625,51.25,2921600,5.918683
1981-10-16,52.25,52.375,51.00,51.25,2338400,5.918683
1981-10-15,52.50,52.875,52.125,52.25,2014400,6.034169
1981-10-14,53.375,53.375,52.25,52.50,3665600,6.063041
1981-10-13,55.125,55.125,53.50,53.75,3259200,6.207399
1981-10-12,55.875,56.00,55.125,55.50,2144400,6.4095
1981-10-09,55.50,56.25,55.125,55.875,3919200,6.452808
1981-10-08,55.00,55.50,54.50,55.50,2074400,6.4095
1981-10-07,54.25,55.00,54.125,55.00,1580400,6.351757
1981-10-06,55.125,55.125,54.25,54.25,1610800,6.265142
1981-10-05,55.00,55.50,54.75,55.125,2338800,6.366193
1981-10-02,54.25,55.125,54.25,55.00,2520800,6.351757
1981-10-01,54.125,54.375,53.75,54.00,1847600,6.236271
1981-09-30,53.25,54.50,53.125,54.125,2119600,6.250707
1981-09-29,54.875,54.875,53.125,53.25,2132400,6.149656
1981-09-28,53.625,55.00,52.25,54.875,3280000,6.337321
1981-09-25,54.25,54.25,53.25,53.625,2096800,6.192963
1981-09-24,54.50,55.25,54.25,54.625,1990400,6.30845
1981-09-23,54.375,54.625,53.375,54.50,1559200,6.294014
1981-09-22,54.875,55.00,54.125,54.375,1709200,6.279578
1981-09-21,54.00,55.125,53.75,54.875,1930000,6.337321
1981-09-18,54.125,54.50,53.875,54.00,1384400,6.236271
1981-09-17,54.875,55.125,53.50,54.125,2206400,6.250707
1981-09-16,55.375,55.375,54.50,54.875,1490000,6.337321
1981-09-15,55.875,56.50,55.50,55.50,1586400,6.4095
1981-09-14,55.75,56.75,55.00,55.875,1549200,6.452808
1981-09-11,54.75,56.125,54.75,55.75,2192000,6.438372
1981-09-10,54.125,55.00,54.125,54.75,1756000,6.322886
1981-09-09,54.00,54.50,53.625,54.125,1559600,6.250707
1981-09-08,54.00,54.125,53.375,54.00,2224000,6.236271
1981-09-04,54.625,54.875,54.00,54.00,1912800,6.236271
1981-09-03,55.75,56.125,54.50,54.625,1751200,6.30845
1981-09-02,56.00,56.25,55.625,55.75,1548800,6.438372
1981-09-01,55.125,56.125,55.00,56.00,2226400,6.467244
1981-08-31,55.875,56.375,55.00,55.125,1510800,6.366193
1981-08-28,55.375,56.125,55.375,55.875,1918000,6.452808
1981-08-27,55.50,56.375,55.00,55.25,1826800,6.380629
1981-08-26,55.875,56.125,55.375,55.50,1296800,6.4095
1981-08-25,55.875,56.625,55.125,55.875,2182400,6.452808
1981-08-24,56.625,56.625,55.625,55.875,1656400,6.452808
1981-08-21,57.25,57.375,56.75,56.875,814400,6.568294
1981-08-20,57.00,57.50,57.00,57.25,1712800,6.611602
1981-08-19,56.625,57.25,56.625,57.00,1405200,6.58273
1981-08-18,56.75,57.125,56.25,56.625,1929200,6.539423
1981-08-17,58.00,58.25,56.75,56.75,910000,6.553859
1981-08-14,58.25,58.75,58.00,58.00,1408400,6.698217
1981-08-13,58.125,58.625,58.125,58.25,1346000,6.727088
1981-08-12,58.75,58.75,57.875,57.875,1571600,6.683781
1981-08-11,57.875,58.875,57.875,58.75,2186000,6.784832
1981-08-10,57.00,58.125,56.75,57.875,1684400,6.683781
1981-08-07,56.875,57.25,56.75,57.00,1354000,6.58273
1981-08-06,57.50,57.50,56.875,56.875,1216800,6.568294
1981-08-05,58.25,58.75,58.00,58.375,2232400,6.642206
1981-08-04,56.50,58.25,56.25,58.25,1981600,6.627983
1981-08-03,56.125,56.75,56.125,56.50,1162800,6.428859
1981-07-31,56.375,56.625,56.00,56.125,1076000,6.386189
1981-07-30,55.375,56.625,55.25,56.375,1522000,6.414636
1981-07-29,55.375,55.75,55.25,55.375,936000,6.30085
1981-07-28,55.50,55.50,55.00,55.375,996400,6.30085
1981-07-27,55.00,55.625,54.875,55.625,1327200,6.329297
1981-07-24,54.875,55.125,54.625,55.00,1237600,6.258181
1981-07-23,55.125,55.25,54.75,54.875,1742800,6.243958
1981-07-22,55.50,55.875,55.125,55.125,1391200,6.272404
1981-07-21,55.375,55.625,55.125,55.50,1543200,6.315074
1981-07-20,55.875,55.875,55.25,55.375,1789600,6.30085
1981-07-17,56.625,56.625,56.125,56.125,1076800,6.386189
1981-07-16,56.625,56.875,56.125,56.625,1342800,6.443082
1981-07-15,56.875,56.875,56.375,56.625,2028000,6.443082
1981-07-14,55.875,56.875,55.625,56.875,2139600,6.471528
1981-07-13,56.25,56.25,55.75,55.875,1862400,6.357743
1981-07-10,56.50,56.50,56.25,56.375,1503200,6.414636
1981-07-09,56.625,56.875,56.375,56.625,1288000,6.443082
1981-07-08,57.00,57.125,56.375,56.625,1360000,6.443082
1981-07-07,57.00,57.375,56.375,57.00,2439200,6.485751
1981-07-06,56.875,57.125,56.375,57.00,1346400,6.485751
1981-07-02,56.875,57.25,56.375,56.875,1739200,6.471528
1981-07-01,57.875,57.875,56.75,56.875,1581200,6.471528
1981-06-30,57.875,58.00,57.25,57.875,1108400,6.585313
1981-06-29,58.75,59.125,57.625,57.875,1193600,6.585313
1981-06-26,59.00,59.625,58.625,58.75,1618000,6.684875
1981-06-25,59.50,60.125,58.75,59.00,1720400,6.713322
1981-06-24,59.375,59.50,58.625,59.50,1674400,6.770214
1981-06-23,58.125,59.625,58.125,59.375,2332000,6.755991
1981-06-22,57.625,58.25,57.625,58.125,1435600,6.61376
1981-06-19,57.625,58.00,57.375,57.50,1313600,6.542644
1981-06-18,58.50,58.50,57.25,57.625,1285600,6.556867
1981-06-17,58.875,58.875,58.00,58.50,2179600,6.656429
1981-06-16,59.75,59.75,58.75,58.875,2974000,6.699098
1981-06-15,59.625,60.375,59.625,59.875,2075200,6.812883
1981-06-12,59.00,59.625,58.75,59.375,3307200,6.755991
1981-06-11,57.875,59.50,57.875,59.00,2127200,6.713322
1981-06-10,57.375,58.25,57.375,57.875,2202800,6.585313
1981-06-09,58.125,58.125,57.125,57.375,1298800,6.528421
1981-06-08,58.375,58.875,58.25,58.25,1416000,6.627983
1981-06-05,58.00,58.50,58.00,58.375,1958000,6.642206
1981-06-04,59.125,59.125,57.625,58.00,1881200,6.599536
1981-06-03,59.75,59.75,58.50,59.125,2435600,6.727545
1981-06-02,60.25,60.50,59.875,59.875,2990400,6.812883
1981-06-01,59.75,60.75,59.75,60.25,4356000,6.855553
1981-05-29,58.00,59.125,57.875,58.75,3187600,6.684875
1981-05-28,57.875,58.50,57.25,58.00,2800800,6.599536
1981-05-27,56.125,58.125,55.875,57.875,2695600,6.585313
1981-05-26,55.50,56.375,55.125,56.125,2059600,6.386189
1981-05-22,55.625,55.875,55.25,55.50,1753600,6.315074
1981-05-21,56.375,56.375,55.50,55.625,1847200,6.329297
1981-05-20,56.625,56.625,56.125,56.375,1392000,6.414636
1981-05-19,56.625,56.625,55.75,56.625,2464800,6.443082
1981-05-18,56.375,56.875,56.25,56.75,1970000,6.457305
1981-05-15,56.625,56.875,56.00,56.375,2595600,6.414636
1981-05-14,56.75,57.125,56.375,56.625,2279200,6.443082
1981-05-13,56.75,57.25,56.50,56.75,1419600,6.457305
1981-05-12,56.125,56.875,56.125,56.75,2399200,6.457305
1981-05-11,57.625,57.625,56.00,56.00,2767600,6.371966
1981-05-08,57.375,57.875,57.00,57.875,1955200,6.585313
1981-05-07,57.625,57.625,57.00,57.375,1760000,6.528421
1981-05-06,57.75,58.125,57.625,57.875,2408800,6.487458
1981-05-05,58.25,58.25,57.375,57.75,4684000,6.473447
1981-05-04,58.375,58.375,58.125,58.375,1956000,6.543506
1981-05-01,58.625,59.375,58.50,59.125,2274400,6.627576
1981-04-30,59.625,59.75,58.625,58.625,2212800,6.571529
1981-04-29,60.25,60.25,59.50,59.625,2802800,6.683623
1981-04-28,61.125,61.25,59.875,60.375,2668400,6.767694
1981-04-27,60.625,61.375,60.625,61.125,3434800,6.851765
1981-04-24,60.375,61.125,59.75,60.625,2577600,6.795718
1981-04-23,60.375,61.375,60.25,60.375,2778400,6.767694
1981-04-22,60.50,61.00,60.125,60.375,2868800,6.767694
1981-04-21,61.375,61.375,60.375,60.50,2939600,6.781706
1981-04-20,60.00,61.75,59.75,61.625,3373600,6.907812
1981-04-16,59.75,60.25,59.75,60.00,2994000,6.725659
1981-04-15,59.125,59.875,59.00,59.625,3999600,6.683623
1981-04-14,60.00,60.00,59.125,59.125,4136000,6.627576
1981-04-13,60.75,60.75,60.125,60.125,3816800,6.739671
1981-04-10,61.75,63.25,60.50,60.75,5072000,6.80973
1981-04-09,60.00,61.75,59.75,61.75,3431600,6.921824
1981-04-08,60.00,60.50,59.875,60.00,2669200,6.725659
1981-04-07,60.375,60.625,60.00,60.00,2415200,6.725659
1981-04-06,61.00,61.00,59.875,60.375,2306000,6.767694
1981-04-03,62.125,62.375,60.75,61.125,2483600,6.851765
1981-04-02,62.75,62.75,61.875,62.125,1932400,6.963859
1981-04-01,62.375,63.375,62.00,63.00,3568400,7.061942
1981-03-31,61.875,62.625,61.875,62.375,1892800,6.991883
1981-03-30,61.75,62.125,61.375,61.50,1450000,6.8938
1981-03-27,63.125,63.375,61.625,61.75,2298000,6.921824
1981-03-26,63.875,64.25,62.625,63.125,4628000,7.075954
1981-03-25,62.25,64.125,62.125,63.875,1703200,7.160024
1981-03-24,62.875,63.25,62.125,62.25,2607200,6.977871
1981-03-23,63.125,63.375,62.625,62.875,2463200,7.04793
1981-03-20,63.75,64.125,62.75,63.125,2599600,7.075954
1981-03-19,64.75,64.75,63.25,63.75,2048000,7.146012
1981-03-18,64.25,65.25,64.25,64.75,1755600,7.258107
1981-03-17,64.625,65.25,64.125,64.25,2835600,7.20206
1981-03-16,63.25,64.75,62.875,64.625,2077600,7.244095
1981-03-13,64.00,64.625,63.25,63.25,1608400,7.089965
1981-03-12,62.375,64.125,62.375,64.00,1595200,7.174036
1981-03-11,62.50,62.75,61.75,62.25,1592000,6.977871
1981-03-10,63.00,63.375,62.25,62.50,1938800,7.005895
1981-03-09,61.75,63.25,61.75,63.00,1662000,7.061942
1981-03-06,62.00,62.375,61.50,61.875,1276400,6.935836
1981-03-05,61.875,62.375,61.875,62.00,1227600,6.949847
1981-03-04,62.50,62.875,61.625,61.875,1257200,6.935836
1981-03-03,63.625,63.75,62.50,62.50,1380400,7.005895
1981-03-02,64.25,64.25,63.375,63.625,1156800,7.132001
1981-02-27,64.50,64.50,63.75,64.25,1870000,7.20206
1981-02-26,64.25,64.875,63.375,64.75,2561200,7.258107
1981-02-25,62.125,64.25,61.875,64.25,2006000,7.20206
1981-02-24,62.00,62.625,61.875,62.125,2092000,6.963859
1981-02-23,60.50,62.375,60.50,62.00,2345600,6.949847
1981-02-20,61.25,61.625,60.25,60.50,1366800,6.781706
1981-02-19,62.00,62.25,61.125,61.25,1753200,6.865777
1981-02-18,62.00,62.375,61.625,62.00,1597200,6.949847
1981-02-17,61.75,62.50,61.625,62.00,1563600,6.949847
1981-02-13,61.75,62.125,61.25,61.75,1498000,6.921824
1981-02-12,62.625,62.75,61.75,61.75,1276400,6.921824
1981-02-11,63.00,63.25,62.375,62.625,1434800,7.019906
1981-02-10,63.50,63.625,62.75,63.00,1570400,7.061942
1981-02-09,64.25,64.375,63.25,63.50,1141600,7.117989
1981-02-06,64.00,64.75,64.00,64.25,1825600,7.20206
1981-02-05,64.50,64.50,63.875,64.00,1162400,7.174036
1981-02-04,64.25,64.75,63.625,64.50,1708000,7.133682
1981-02-03,63.375,64.25,63.375,64.25,1399600,7.106032
1981-02-02,64.375,64.375,63.00,63.375,1526400,7.009257
1981-01-30,64.875,65.50,64.00,64.375,1432400,7.119857
1981-01-29,64.625,65.50,64.50,64.875,1469200,7.175157
1981-01-28,65.50,65.625,64.50,64.625,1102400,7.147507
1981-01-27,65.00,65.875,65.00,65.50,1280800,7.244282
1981-01-26,65.00,65.50,64.625,65.00,1224400,7.188982
1981-01-23,65.25,65.625,64.875,65.00,1094800,7.188982
1981-01-22,65.125,65.375,64.50,65.25,1398800,7.216632
1981-01-21,65.00,65.625,64.625,65.125,1707600,7.202807
1981-01-20,66.625,67.125,64.75,65.00,2385600,7.188982
1981-01-19,66.875,67.25,66.375,66.625,2223600,7.368706
1981-01-16,65.75,67.00,65.75,66.875,3370800,7.396356
1981-01-15,66.75,66.75,65.625,65.75,1822800,7.271932
1981-01-14,66.50,67.50,66.375,66.75,1796800,7.382531
1981-01-13,66.75,66.75,65.25,66.50,2766400,7.354881
1981-01-12,67.375,68.00,66.25,66.75,2350800,7.382531
1981-01-09,67.625,68.00,66.75,67.375,1534000,7.451656
1981-01-08,69.50,69.75,67.375,67.625,2539200,7.479306
1981-01-07,70.125,70.125,69.125,69.50,4768000,7.68668
1981-01-06,70.25,71.50,69.625,71.50,3896000,7.90788
1981-01-05,69.50,70.75,69.50,70.25,3114000,7.76963
1981-01-02,67.875,69.25,67.625,69.125,1170400,7.645206
1980-12-31,68.625,69.125,67.50,67.875,1500800,7.506956
1980-12-30,68.00,69.25,67.875,68.625,1491200,7.589906
1980-12-29,69.00,69.50,67.75,68.00,1384400,7.520781
1980-12-26,68.50,69.00,68.375,69.00,685200,7.631381
1980-12-24,67.25,68.75,67.00,68.50,1161200,7.576081
1980-12-23,67.125,68.125,66.875,67.25,2344400,7.437831
1980-12-22,64.625,67.25,64.50,67.125,2181200,7.424006
1980-12-19,63.75,64.875,63.75,64.625,4044000,7.147507
1980-12-18,65.25,65.625,63.625,63.625,2619200,7.036907
1980-12-17,66.00,66.00,64.75,65.25,2041600,7.216632
1980-12-16,64.50,66.25,64.375,66.25,1830400,7.327231
1980-12-15,65.75,66.375,64.50,64.50,1346400,7.133682
1980-12-12,64.50,66.00,64.375,65.75,2434800,7.271932
1980-12-11,63.75,64.50,63.25,64.50,2897200,7.133682
1980-12-10,66.125,66.50,63.75,63.75,1950400,7.050732
1980-12-09,66.375,66.75,65.625,66.125,3502000,7.313406
1980-12-08,67.25,67.25,66.00,66.375,2826800,7.341056
1980-12-05,68.375,68.875,67.50,67.50,1920000,7.465481
1980-12-04,68.00,69.50,67.50,68.375,2234800,7.562256
1980-12-03,67.875,69.00,67.50,68.00,2240000,7.520781
1980-12-02,66.50,68.00,66.25,67.875,2468400,7.506956
1980-12-01,68.00,68.00,66.50,66.50,2004000,7.354881
1980-11-28,68.75,68.875,67.625,68.125,1613200,7.534606
1980-11-26,69.50,69.75,68.625,68.75,2110800,7.603731
1980-11-25,70.375,70.625,69.50,69.50,1882000,7.68668
1980-11-24,70.375,70.375,69.50,70.375,2059200,7.783455
1980-11-21,71.625,71.625,70.125,70.375,1511200,7.783455
1980-11-20,71.375,72.25,70.625,72.00,1931200,7.96318
1980-11-19,72.00,72.75,71.25,71.375,2577200,7.894055
1980-11-18,71.625,72.625,71.625,72.00,3418400,7.96318
1980-11-17,71.625,71.75,70.625,71.625,3044000,7.921705
1980-11-14,71.25,72.25,70.375,71.625,3612400,7.921705
1980-11-13,70.875,71.625,70.25,71.25,5276000,7.88023
1980-11-12,67.25,71.125,67.25,70.875,4296000,7.838755
1980-11-11,67.25,67.75,66.875,67.125,1244400,7.424006
1980-11-10,67.125,67.25,66.50,67.25,1409600,7.437831
1980-11-07,66.50,67.125,66.50,67.125,1749200,7.424006
1980-11-06,68.125,68.125,66.25,66.50,2395600,7.354881
1980-11-05,68.00,70.25,68.00,68.50,4428000,7.576081
1980-11-03,66.75,67.625,66.75,67.50,1518400,7.370365
1980-10-31,65.25,67.25,65.25,66.625,2159200,7.274824
1980-10-30,65.50,66.25,65.125,65.125,1576400,7.111038
1980-10-29,66.625,67.125,65.50,65.50,1536400,7.151984
1980-10-28,66.125,66.75,65.875,66.625,1947600,7.274824
1980-10-27,66.50,66.50,65.75,66.125,975200,7.220228
1980-10-24,65.875,66.625,65.50,66.625,1856400,7.274824
1980-10-23,67.75,67.75,65.625,65.875,1807200,7.192931
1980-10-22,68.00,68.125,67.50,67.75,1756800,7.397663
1980-10-21,68.50,68.875,67.50,68.00,2516800,7.424961
1980-10-20,68.00,68.50,66.50,68.50,1889200,7.479556
1980-10-17,68.625,69.375,67.75,68.00,2231200,7.424961
1980-10-16,70.375,71.125,68.50,68.625,3717200,7.493205
1980-10-15,69.625,70.375,69.625,70.375,1394800,7.684288
1980-10-14,70.50,70.875,69.50,69.75,2873200,7.616044
1980-10-13,69.25,70.75,69.25,70.50,1478400,7.697937
1980-10-10,70.125,71.50,69.125,69.25,4416000,7.561449
1980-10-09,70.00,70.875,69.75,70.125,4740000,7.656991
1980-10-08,68.00,70.375,68.00,70.00,4680000,7.643342
1980-10-07,68.00,68.25,67.125,67.75,2792000,7.397663
1980-10-06,66.50,68.25,66.50,68.00,2954400,7.424961
1980-10-03,65.50,67.00,65.50,66.25,1988800,7.233877
1980-10-02,64.625,65.375,64.125,65.375,1912400,7.138335
1980-10-01,64.125,65.625,63.625,64.625,2420400,7.056442
1980-09-30,63.875,64.50,63.875,64.125,2072000,7.001847
1980-09-29,64.25,64.25,63.375,63.75,2665600,6.960901
1980-09-26,65.875,65.875,64.25,64.625,2769200,7.056442
1980-09-25,67.50,67.875,66.125,66.125,2560800,7.220228
1980-09-24,66.875,68.00,66.75,67.50,2190800,7.370365
1980-09-23,68.125,69.00,65.625,66.875,3675600,7.302121
1980-09-22,67.00,68.375,66.50,68.125,2275600,7.438609
1980-09-19,66.50,67.50,66.25,67.00,2195200,7.31577
1980-09-18,67.25,67.375,66.25,66.50,4104000,7.261175
1980-09-17,65.625,67.875,65.625,67.25,3318000,7.343068
1980-09-16,66.125,66.375,65.25,65.625,1712800,7.165633
1980-09-15,65.875,66.25,65.00,66.125,1303600,7.220228
1980-09-12,66.375,66.50,65.75,65.875,1729600,7.192931
1980-09-11,65.75,66.375,65.75,66.375,1704000,7.247526
1980-09-10,66.125,66.25,65.25,65.75,1506000,7.179282
1980-09-09,64.25,66.25,64.125,66.125,1650400,7.220228
1980-09-08,66.50,66.625,64.25,64.25,1010800,7.015496
1980-09-05,66.625,67.25,66.125,66.50,958800,7.261175
1980-09-04,67.50,68.125,66.25,66.625,2194800,7.274824
1980-09-03,66.125,67.50,66.125,67.50,1427200,7.370365
1980-09-02,65.50,66.50,65.375,66.125,1168800,7.220228
1980-08-29,65.00,65.625,64.75,65.50,1512800,7.151984
1980-08-28,65.875,66.00,64.875,65.00,1687600,7.097389
1980-08-27,66.75,67.00,65.875,65.875,2367600,7.192931
1980-08-26,67.125,67.75,66.625,66.75,1892800,7.288472
1980-08-25,67.375,67.50,66.625,67.125,983600,7.329419
1980-08-22,67.50,68.875,67.375,67.375,1638400,7.356717
1980-08-21,66.875,67.75,66.625,67.50,1094400,7.370365
1980-08-20,66.00,67.875,65.875,66.875,1359200,7.302121
1980-08-19,66.375,67.00,65.875,66.00,1808000,7.206579
1980-08-18,68.00,68.00,66.375,66.375,2203600,7.247526
1980-08-15,68.875,69.125,68.25,68.75,2068000,7.506854
1980-08-14,66.75,69.125,66.75,68.875,1890800,7.520502
1980-08-13,66.75,67.50,66.50,66.75,1808800,7.288472
1980-08-12,66.75,68.00,66.375,66.75,2811600,7.288472
1980-08-11,65.25,66.75,65.125,66.75,1697600,7.288472
1980-08-08,65.75,66.25,65.25,65.25,2981200,7.124687
1980-08-07,65.625,65.75,64.75,65.75,2045600,7.179282
1980-08-06,64.25,65.625,64.00,65.625,1603200,7.071729
1980-08-05,64.75,65.375,64.125,64.25,1263200,6.923559
1980-08-04,65.00,65.00,64.50,64.75,1494400,6.977439
1980-08-01,65.25,65.375,64.375,65.125,1802800,7.017849
1980-07-31,65.375,65.375,64.375,65.25,2576400,7.031319
1980-07-30,65.125,66.00,65.125,65.50,2222800,7.058259
1980-07-29,65.00,65.50,64.375,65.125,1642400,7.017849
1980-07-28,64.375,65.25,64.00,65.00,1083200,7.004379
1980-07-25,64.625,64.625,63.875,64.375,1503200,6.937029
1980-07-24,64.875,65.00,64.25,64.75,1589600,6.977439
1980-07-23,65.125,65.375,64.375,64.875,1796000,6.990909
1980-07-22,66.00,66.125,64.75,65.125,2212000,7.017849
1980-07-21,65.125,66.00,64.25,66.00,1748800,7.112139
1980-07-18,65.625,65.75,64.875,65.125,1752400,7.017849
1980-07-17,64.25,65.625,64.00,65.625,1220000,7.071729
1980-07-16,63.75,64.625,63.625,64.25,2113200,6.923559
1980-07-15,65.00,65.25,63.75,63.75,2213200,6.869679
1980-07-14,62.75,65.00,62.75,65.00,2019200,7.004379
1980-07-11,61.625,62.875,61.625,62.75,1725200,6.76192
1980-07-10,61.50,62.375,61.25,61.625,1407600,6.64069
1980-07-09,61.75,62.875,61.25,61.50,1911200,6.62722
1980-07-08,62.00,62.25,61.25,61.75,2012000,6.65416
1980-07-07,61.125,62.25,61.00,62.00,2354000,6.6811
1980-07-03,60.625,61.50,60.625,61.125,1863200,6.58681
1980-07-02,59.50,61.00,59.375,60.625,2556400,6.53293
1980-07-01,58.75,59.625,58.375,59.50,1628000,6.411701
1980-06-30,59.50,59.50,58.375,58.75,1212400,6.330881
1980-06-27,59.25,60.00,58.75,59.75,1364400,6.438641
1980-06-26,59.75,60.25,59.125,59.25,1948800,6.384761
1980-06-25,59.375,60.25,59.00,59.75,2288400,6.438641
1980-06-24,58.875,59.375,58.50,59.375,1778800,6.398231
1980-06-23,57.875,59.25,57.875,58.875,2190000,6.344351
1980-06-20,57.875,58.375,57.75,57.875,1177200,6.236591
1980-06-19,59.625,59.75,57.625,57.875,1340800,6.236591
1980-06-18,58.875,59.75,58.875,59.625,1978000,6.425171
1980-06-17,60.375,60.375,58.875,58.875,2148400,6.344351
1980-06-16,58.875,60.375,58.75,60.375,3239600,6.50599
1980-06-13,58.00,59.125,57.875,58.875,1805200,6.344351
1980-06-12,58.00,58.375,57.25,58.00,2094400,6.250061
1980-06-11,57.50,58.375,57.25,58.00,2044800,6.250061
1980-06-10,56.75,57.75,56.625,57.50,1480000,6.196181
1980-06-09,57.125,57.50,56.625,56.75,1271600,6.115362
1980-06-06,57.125,57.875,57.125,57.125,1293600,6.155772
1980-06-05,58.125,58.375,56.875,57.00,2614800,6.142302
1980-06-04,56.50,58.125,56.50,58.125,3623600,6.263531
1980-06-03,56.00,57.125,56.00,56.375,2618400,6.074952
1980-06-02,55.375,57.375,55.25,56.00,2727600,6.034542
1980-05-30,54.375,55.50,54.125,55.375,1763200,5.967192
1980-05-29,56.125,56.125,54.375,54.375,1849200,5.859432
1980-05-28,55.25,56.625,55.125,56.375,2527200,6.074952
1980-05-27,54.875,55.625,54.875,55.25,2623200,5.953722
1980-05-23,53.875,55.00,53.875,54.75,3206000,5.899842
1980-05-22,52.875,54.125,52.75,53.75,2283200,5.792083
1980-05-21,52.75,52.875,52.125,52.875,1300400,5.697793
1980-05-20,53.375,53.50,52.625,52.75,2470800,5.684323
1980-05-19,53.00,53.75,52.875,53.375,1998800,5.751673
1980-05-16,52.50,53.00,52.50,53.00,1220000,5.711263
1980-05-15,53.00,53.25,52.50,52.50,1702000,5.657383
1980-05-14,53.25,53.50,53.00,53.00,1717200,5.711263
1980-05-13,52.375,53.25,52.375,53.25,1758800,5.738203
1980-05-12,52.125,53.00,52.125,52.25,1241600,5.630443
1980-05-09,53.75,53.75,52.00,52.125,4180000,5.616973
1980-05-08,54.375,54.375,53.50,53.875,1553200,5.805553
1980-05-07,54.875,55.75,54.75,55.125,1659200,5.847579
1980-05-06,55.375,55.75,54.75,54.875,1418400,5.821059
1980-05-05,54.00,55.75,53.75,55.375,1379200,5.874098
1980-05-02,54.375,54.375,53.875,54.00,975200,5.728241
1980-05-01,54.875,54.875,53.75,54.375,1167600,5.76802
1980-04-30,54.875,55.125,53.625,54.875,1403200,5.821059
1980-04-29,54.50,55.125,54.125,54.875,1195600,5.821059
1980-04-28,55.375,55.375,54.375,54.50,1856000,5.78128
1980-04-25,53.75,55.375,52.875,55.375,1631200,5.874098
1980-04-24,53.50,54.25,53.25,53.75,1488000,5.701721
1980-04-23,53.875,54.375,53.25,53.50,3045600,5.675201
1980-04-22,52.00,54.50,52.00,53.875,3287200,5.714981
1980-04-21,51.25,51.625,50.50,51.25,2655200,5.436525
1980-04-18,51.25,51.75,50.875,51.25,1647600,5.436525
1980-04-17,51.125,51.625,50.375,51.25,1804000,5.436525
1980-04-16,52.00,52.875,51.00,51.125,2689200,5.423265
1980-04-15,53.00,53.50,51.875,52.00,2319600,5.516083
1980-04-14,53.50,53.75,52.75,53.00,1336400,5.622162
1980-04-11,54.25,55.00,53.50,53.50,2606800,5.675201
1980-04-10,54.625,55.25,54.00,54.25,2019600,5.75476
1980-04-09,53.50,54.75,53.375,54.625,2051600,5.79454
1980-04-08,53.375,55.75,53.00,53.50,2088000,5.675201
1980-04-07,54.875,54.875,53.375,53.375,2193200,5.661941
1980-04-03,55.50,55.875,54.625,54.875,1355200,5.821059
1980-04-02,54.875,56.00,54.625,55.50,14942000,5.887358
1980-04-01,55.75,55.75,54.50,54.875,2158000,5.821059
1980-03-31,55.875,55.875,54.625,55.75,1556000,5.913878
1980-03-28,56.375,56.375,54.125,55.875,2313600,5.927138
1980-03-27,53.00,57.50,51.375,57.50,3421200,6.099515
1980-03-26,54.75,55.875,52.50,53.00,3122400,5.622162
1980-03-25,54.125,55.125,54.00,54.75,3000800,5.807799
1980-03-24,56.375,56.375,54.00,54.125,2879200,5.7415
1980-03-21,58.125,58.125,56.25,56.75,5920000,6.019956
1980-03-20,58.875,59.25,58.00,58.25,1917200,6.179074
1980-03-19,59.625,59.75,58.75,58.875,1474000,6.245373
1980-03-18,59.125,60.25,58.625,59.625,1974400,6.324932
1980-03-17,59.875,60.375,59.125,59.125,1658800,6.271893
1980-03-14,60.125,60.75,59.625,59.875,1943600,6.351452
1980-03-13,61.25,61.25,59.875,60.125,2244000,6.377971
1980-03-12,62.125,62.125,60.875,61.375,1982400,6.51057
1980-03-11,61.625,62.25,61.50,62.25,2009200,6.603388
1980-03-10,61.125,62.25,61.125,61.625,1965200,6.537089
1980-03-07,61.125,61.875,60.875,61.00,2501200,6.47079
1980-03-06,62.00,62.25,60.625,61.125,2749600,6.48405
1980-03-05,63.125,63.125,61.75,62.00,1833600,6.576869
1980-03-04,62.75,63.375,62.25,63.25,1790800,6.709467
1980-03-03,63.50,63.50,62.625,62.75,1362000,6.656428
1980-02-29,63.375,63.75,63.00,63.50,2609200,6.735987
1980-02-28,62.125,64.00,62.125,63.375,2758800,6.722727
1980-02-27,65.00,65.125,62.00,62.00,2754800,6.576869
1980-02-26,65.125,65.375,64.625,65.00,2112000,6.895104
1980-02-25,65.875,65.875,64.875,65.125,2173200,6.908364
1980-02-22,66.25,66.25,65.50,66.00,1826800,7.001183
1980-02-21,67.125,67.125,65.875,66.25,1436000,7.027702
1980-02-20,67.125,67.75,67.125,67.25,1064000,7.133781
1980-02-19,67.625,67.75,66.375,67.00,1796000,7.107261
1980-02-15,68.00,68.00,67.125,67.625,2331200,7.17356
1980-02-14,69.375,70.25,68.125,68.125,1920000,7.2266
1980-02-13,69.25,70.50,69.25,69.375,3228000,7.359198
1980-02-12,66.75,68.875,66.375,68.875,1548400,7.306159
1980-02-11,67.25,67.50,66.50,66.75,1590000,7.080742
1980-02-08,67.125,67.625,66.25,67.25,2515600,7.133781
1980-02-07,68.25,68.25,67.125,67.125,2051200,7.120521
1980-02-06,69.00,69.00,67.75,68.375,2039200,7.253119
1980-02-05,69.125,69.625,68.75,69.625,1525600,7.29449
1980-02-04,69.375,69.625,68.625,69.125,1152800,7.242106
1980-02-01,68.625,69.50,68.375,69.375,1446800,7.268298
1980-01-31,70.375,71.125,68.25,68.625,2344000,7.189722
1980-01-30,70.375,70.625,69.625,70.375,1388400,7.373066
1980-01-29,71.00,71.375,69.375,70.375,1430800,7.373066
1980-01-28,70.125,72.00,70.125,71.00,1456000,7.438547
1980-01-25,70.625,70.75,69.875,70.125,1343600,7.346874
1980-01-24,71.25,71.50,70.125,70.625,2190400,7.399258
1980-01-23,69.00,71.25,69.00,71.25,2120800,7.464739
1980-01-22,69.00,69.875,69.00,69.00,1688400,7.22901
1980-01-21,69.625,69.875,69.00,69.00,1488800,7.22901
1980-01-18,69.25,69.75,68.625,69.625,2612400,7.29449
1980-01-17,70.00,70.375,69.25,69.25,2452000,7.255202
1980-01-16,70.125,70.875,69.75,70.00,6008000,7.333778
1980-01-15,66.875,70.25,66.50,70.125,3750000,7.346874
1980-01-14,67.00,67.25,66.25,66.875,1590800,7.006377
1980-01-11,67.50,68.25,65.625,67.00,2180000,7.019474
1980-01-10,66.00,67.75,66.00,67.50,2121600,7.071858
1980-01-09,67.375,68.00,65.375,65.375,3232000,6.849225
1980-01-08,63.125,67.50,62.625,67.375,2837600,7.058762
1980-01-07,63.375,63.375,62.625,63.125,1415600,6.613496
1980-01-04,63.50,63.75,63.00,63.375,1891200,6.639689
1980-01-03,62.50,63.50,61.25,63.50,2441200,6.652785
1980-01-02,63.00,64.50,62.50,62.50,1648000,6.548016
1979-12-31,64.25,64.625,64.00,64.375,1234400,6.744457
1979-12-28,64.625,64.625,64.00,64.25,1116800,6.731361
1979-12-27,64.875,65.00,64.25,64.75,1015200,6.783745
1979-12-26,64.875,65.125,64.375,64.875,653200,6.796841
1979-12-24,64.00,64.875,64.00,64.875,705200,6.796841
1979-12-21,65.125,65.25,64.00,64.00,1386400,6.705169
1979-12-20,64.375,65.75,64.125,65.125,1478000,6.823033
1979-12-19,64.00,64.625,63.25,64.375,1996000,6.744457
1979-12-18,65.25,65.25,63.875,64.00,2102000,6.705169
1979-12-17,65.875,65.875,65.375,65.375,1114800,6.849225
1979-12-14,65.00,66.125,64.875,66.00,1649600,6.914705
1979-12-13,65.25,65.25,64.625,65.00,1318800,6.809937
1979-12-12,65.625,65.75,65.125,65.25,1182000,6.836129
1979-12-11,66.375,66.75,65.625,65.625,1575600,6.875417
1979-12-10,66.625,66.625,66.125,66.375,1028800,6.953993
1979-12-07,67.25,67.625,66.375,66.625,2329600,6.980185
1979-12-06,65.75,67.25,65.375,67.25,1134000,7.045666
1979-12-05,65.50,66.375,65.50,65.75,1510400,6.888513
1979-12-04,65.00,65.375,64.875,65.375,1167200,6.849225
1979-12-03,65.125,65.125,64.50,65.00,835600,6.809937
1979-11-30,65.50,65.50,64.875,65.25,1135600,6.836129
1979-11-29,65.75,66.25,65.375,65.75,1306800,6.888513
1979-11-28,64.50,67.00,64.125,65.75,2090000,6.888513
1979-11-27,64.625,65.25,64.25,64.50,2714800,6.757553
1979-11-26,62.375,64.625,62.375,64.625,2154800,6.770649
1979-11-23,61.75,62.25,61.75,62.00,1174400,6.495632
1979-11-21,61.625,61.875,61.25,61.625,1567200,6.456344
1979-11-20,61.875,62.50,61.50,61.625,1648000,6.456344
1979-11-19,62.00,62.375,61.75,61.875,1312800,6.482536
1979-11-16,62.375,62.375,61.75,62.00,1421600,6.495632
1979-11-15,62.50,63.25,62.00,62.50,2076000,6.548016
1979-11-14,62.25,63.00,62.00,62.50,1750000,6.548016
1979-11-13,62.75,62.75,62.00,62.25,1369200,6.521824
1979-11-12,61.75,62.875,61.625,62.875,1743600,6.587304
1979-11-09,61.875,62.50,61.625,61.75,2100400,6.46944
1979-11-08,61.50,62.125,61.125,61.875,2174800,6.482536
1979-11-07,62.00,62.00,61.25,61.50,1569200,6.443248
1979-11-06,63.125,63.125,62.50,62.75,1198400,6.484108
1979-11-05,63.25,63.25,62.75,63.125,1002800,6.522857
1979-11-02,63.50,63.75,63.25,63.25,1046800,6.535774
1979-11-01,62.375,63.625,62.25,63.50,1332000,6.561607
1979-10-31,64.00,64.125,62.375,62.375,1664400,6.445358
1979-10-30,62.50,64.00,62.50,64.00,1417600,6.613273
1979-10-29,62.25,62.875,62.25,62.50,1023600,6.458275
1979-10-26,62.125,62.375,61.75,62.25,1200400,6.432441
1979-10-25,62.50,62.875,61.75,62.125,1348400,6.419525
1979-10-24,62.75,63.125,62.375,62.50,2394000,6.458275
1979-10-23,62.50,63.375,62.00,62.75,2263600,6.484108
1979-10-22,61.875,64.375,61.125,62.50,2487200,6.458275
1979-10-19,62.875,63.00,61.75,61.875,2287600,6.393692
1979-10-18,63.25,63.75,62.875,62.875,2502400,6.497024
1979-10-17,64.125,64.50,63.125,63.25,2012400,6.535774
1979-10-16,65.375,65.75,64.00,64.125,3821600,6.62619
1979-10-15,65.75,65.875,65.00,65.375,2604400,6.755355
1979-10-12,66.50,67.125,65.625,65.75,1872400,6.794105
1979-10-11,67.625,67.625,66.25,66.50,2263600,6.871604
1979-10-10,66.00,67.75,65.00,67.75,4156000,7.00077
1979-10-09,67.375,67.375,66.00,66.00,2308400,6.819938
1979-10-08,68.875,69.00,67.00,67.375,1693200,6.96202
1979-10-05,68.625,69.50,68.50,68.875,1468000,7.117019
1979-10-04,68.25,68.875,68.25,68.625,1079200,7.091185
1979-10-03,68.25,69.00,68.125,68.25,1420000,7.052436
1979-10-02,67.625,68.75,67.25,68.25,1590800,7.052436
1979-10-01,67.625,67.625,67.00,67.625,1048000,6.987853
1979-09-28,68.25,68.50,67.50,67.75,1280000,7.00077
1979-09-27,68.125,68.75,67.625,68.25,1458000,7.052436
1979-09-26,68.625,69.50,68.00,68.125,1980400,7.039519
1979-09-25,67.875,69.25,66.50,68.625,2541600,7.091185
1979-09-24,69.875,69.875,67.75,67.875,2102800,7.013686
1979-09-21,71.00,71.00,69.375,70.00,2504400,7.233268
1979-09-20,67.75,71.375,67.625,71.25,1759600,7.362433
1979-09-19,67.875,68.625,67.75,67.75,1586000,7.00077
1979-09-18,68.50,68.50,67.75,67.875,1630800,7.013686
1979-09-17,68.375,69.25,68.375,68.50,2155600,7.078269
1979-09-14,66.75,68.375,66.50,67.875,2008400,7.013686
1979-09-13,66.25,66.875,66.125,66.75,1597200,6.897437
1979-09-12,66.50,66.625,65.75,66.25,2611200,6.845771
1979-09-11,67.50,67.75,66.125,66.50,1866000,6.871604
1979-09-10,67.75,67.875,67.375,67.50,1223200,6.974937
1979-09-07,67.625,68.00,67.375,67.75,1626400,7.00077
1979-09-06,68.25,68.25,67.50,67.625,1264400,6.987853
1979-09-05,68.50,68.50,67.25,68.25,2772800,7.052436
1979-09-04,69.875,69.875,68.50,68.625,1526000,7.091185
1979-08-31,69.75,70.00,69.75,70.00,1073200,7.233268
1979-08-30,69.625,70.00,69.50,69.50,821200,7.181601
1979-08-29,70.00,70.25,69.625,69.625,1172800,7.194518
1979-08-28,70.00,70.125,69.625,70.00,1573600,7.233268
1979-08-27,69.625,70.625,69.50,70.00,1355600,7.233268
1979-08-24,69.625,70.50,69.125,69.625,1348000,7.194518
1979-08-23,70.50,70.75,69.50,69.625,1567600,7.194518
1979-08-22,70.875,71.125,70.375,70.50,2126800,7.284934
1979-08-21,71.625,71.625,70.50,70.875,1046000,7.323683
1979-08-20,71.25,71.875,70.875,71.625,1401200,7.401183
1979-08-17,71.625,71.875,71.00,71.25,1130400,7.362433
1979-08-16,72.25,72.50,71.00,71.625,1907200,7.401183
1979-08-15,70.25,72.375,69.875,72.25,1993200,7.465765
1979-08-14,70.25,70.375,69.75,70.25,2134800,7.259101
1979-08-13,70.375,70.375,69.75,70.25,1956000,7.259101
1979-08-10,68.875,70.50,68.50,70.375,2010400,7.272017
1979-08-09,69.25,69.25,68.75,68.875,2331600,7.117019
1979-08-08,70.375,70.375,69.125,69.375,2331600,7.168685
1979-08-07,69.50,71.125,69.50,70.75,2619200,7.221901
1979-08-06,68.875,69.375,68.25,69.25,1253600,7.068786
1979-08-03,69.50,69.50,68.75,68.875,1050800,7.030508
1979-08-02,70.00,70.25,69.25,69.625,1371600,7.107065
1979-08-01,69.75,70.00,69.25,70.00,1281600,7.145344
1979-07-31,69.25,70.00,69.25,69.75,1246000,7.119824
1979-07-30,68.50,69.75,68.50,69.125,870000,7.056027
1979-07-27,68.50,69.50,68.00,68.50,1544400,6.992229
1979-07-26,69.375,69.375,68.50,68.50,1976800,6.992229
1979-07-25,69.125,69.625,69.125,69.50,1472400,7.094305
1979-07-24,69.125,69.625,68.875,68.875,1226000,7.030508
1979-07-23,69.375,69.375,68.375,69.125,1671200,7.056027
1979-07-20,69.50,70.125,69.50,69.75,2029600,7.119824
1979-07-19,69.50,70.00,69.375,69.50,1510800,7.094305
1979-07-18,69.25,69.50,68.50,69.50,2218000,7.094305
1979-07-17,70.375,70.375,69.25,69.25,2236400,7.068786
1979-07-16,70.00,70.625,69.75,70.50,1461600,7.196382
1979-07-13,70.00,70.00,69.00,70.00,3950000,7.145344
1979-07-12,71.50,71.50,70.00,70.125,2434800,7.158103
1979-07-11,72.25,72.375,71.125,71.625,1520400,7.311218
1979-07-10,73.50,73.625,72.00,72.25,1510800,7.375015
1979-07-09,73.625,74.00,72.875,73.50,1173200,7.502611
1979-07-06,72.125,76.75,71.875,73.625,1598400,7.51537
1979-07-05,72.375,72.375,71.75,72.125,1244800,7.362256
1979-07-03,72.375,72.50,72.125,72.375,836400,7.387775
1979-07-02,73.375,73.625,71.875,72.375,1423200,7.387775
1979-06-29,73.875,74.125,73.00,73.375,1240000,7.489851
1979-06-28,73.625,74.125,73.625,73.875,964800,7.540889
1979-06-27,73.00,74.50,73.00,73.50,1353200,7.502611
1979-06-26,74.25,74.25,72.50,72.75,1532400,7.426053
1979-06-25,74.125,74.50,73.375,73.875,1156800,7.540889
1979-06-22,73.875,74.25,73.875,74.125,1217600,7.566408
1979-06-21,73.00,74.50,72.875,73.50,1800800,7.502611
1979-06-20,72.625,73.75,72.125,73.00,2396800,7.451573
1979-06-19,72.75,73.50,72.25,72.625,1578400,7.413294
1979-06-18,74.00,74.00,72.625,72.75,1433200,7.426053
1979-06-15,74.625,75.00,73.875,74.25,2069200,7.579168
1979-06-14,75.25,75.25,73.75,74.625,2513200,7.617447
1979-06-13,78.00,78.00,75.25,75.375,2430800,7.694004
1979-06-12,77.50,78.50,77.50,78.00,2048400,7.961954
1979-06-11,77.375,77.625,76.625,77.50,1138000,7.910916
1979-06-08,77.875,77.875,76.875,77.375,1248400,7.898157
1979-06-07,77.625,78.25,77.625,77.875,1098000,7.949195
1979-06-06,77.875,78.25,77.375,77.50,1414000,7.910916
1979-06-05,76.125,78.00,76.125,77.875,1302000,7.949195
1979-06-04,76.25,76.375,75.75,76.00,783200,7.757802
1979-06-01,76.375,76.375,75.875,76.25,916800,7.783321
1979-05-31,303.624969,304.750092,302.249908,304.00,2072000,7.757802
1979-05-30,306.375031,306.375031,303.00,303.624969,1161600,7.748231
1979-05-29,306.750092,307.249908,305.750092,307.00,902400,7.834359
1979-05-25,306.750092,307.375031,306.249908,306.750092,657600,7.827981
1979-05-24,306.00,307.50,305.249908,306.750092,1150400,7.827981
1979-05-23,309.00,310.50,306.00,306.00,1054400,7.80884
1979-05-22,308.249908,310.50,307.50,309.00,1206400,7.885397
1979-05-21,307.50,308.875031,307.249908,308.249908,1052800,7.866255
1979-05-18,309.50,309.750092,307.00,307.50,1148800,7.847118
1979-05-17,306.750092,309.50,306.00,309.50,1137600,7.898157
1979-05-16,305.00,307.00,302.750092,306.750092,1380800,7.827981
1979-05-15,308.00,310.00,305.00,305.00,1536000,7.783321
1979-05-14,308.375031,309.750092,307.50,308.00,798400,7.859878
1979-05-11,307.50,309.00,307.50,308.375031,1076800,7.869448
1979-05-10,309.750092,310.124969,306.00,307.249908,1187200,7.840736
1979-05-09,312.00,312.750092,309.750092,309.750092,1356800,7.904539
1979-05-08,309.00,312.249908,308.624969,312.00,2024000,7.961954
1979-05-07,309.875031,309.875031,308.124969,309.00,1350400,7.885397
1979-05-04,317.50,317.50,311.00,311.249908,1950400,7.942813
1979-05-03,318.00,321.50,318.00,319.750092,2384000,8.071944
1979-05-02,315.624969,318.50,315.00,318.00,1579200,8.027764
1979-05-01,314.249908,317.50,314.249908,315.624969,1897600,7.967807
1979-04-30,310.50,314.249908,309.750092,314.249908,1870400,7.933094
1979-04-27,308.875031,310.50,307.50,310.50,1572800,7.83843
1979-04-26,312.00,312.00,308.50,308.875031,1854400,7.797408
1979-04-25,310.249908,312.249908,309.875031,312.00,1286400,7.876296
1979-04-24,310.00,312.875031,309.750092,310.249908,1641600,7.832116
1979-04-23,307.00,310.249908,307.00,310.00,1972800,7.825807
1979-04-20,308.875031,309.249908,306.249908,306.750092,1984000,7.743765
1979-04-19,312.00,312.875031,308.249908,308.875031,1289600,7.797408
1979-04-18,312.50,314.00,312.00,312.00,1395200,7.876296
1979-04-17,311.624969,313.50,311.249908,312.50,1496000,7.888919
1979-04-16,311.750092,313.375031,311.00,311.624969,1572800,7.866829
1979-04-12,312.00,314.249908,311.00,311.750092,1784000,7.869988
1979-04-11,320.00,321.50,312.00,312.00,3224000,7.876296
1979-04-10,319.00,322.00,318.875031,320.00,1624000,8.078253
1979-04-09,318.50,319.750092,317.00,319.00,1358400,8.053008
1979-04-06,320.375031,320.375031,317.750092,318.50,1235200,8.040386
1979-04-05,317.50,320.750092,317.249908,320.750092,1648000,8.097188
1979-04-04,319.50,321.375031,316.00,317.50,2280000,8.015141
1979-04-03,314.50,319.750092,314.50,319.50,2008000,8.06563
1979-04-02,315.50,315.50,312.50,314.124969,1536000,7.92994
1979-03-30,317.750092,318.624969,314.50,315.50,1430400,7.964652
1979-03-29,317.750092,319.375031,316.750092,317.750092,1803200,8.021455
1979-03-28,319.875031,319.875031,317.00,317.750092,2452800,8.021455
1979-03-27,312.750092,320.750092,312.750092,320.750092,2260800,8.097188
1979-03-26,314.50,314.50,312.00,312.249908,1444800,7.882605
1979-03-23,316.00,317.00,314.750092,315.00,1491200,7.95203
1979-03-22,316.00,317.50,314.750092,316.00,2068800,7.977275
1979-03-21,310.50,316.00,310.249908,316.00,1915200,7.977275
1979-03-20,310.624969,311.624969,309.50,310.50,1147200,7.83843
1979-03-19,309.375031,312.249908,309.375031,310.624969,1470400,7.841584
1979-03-16,306.875031,309.249908,306.750092,308.750092,1084800,7.794254
1979-03-15,307.50,308.624969,305.249908,306.875031,1096000,7.746919
1979-03-14,308.50,309.750092,306.750092,307.50,1288000,7.762696
1979-03-13,310.00,311.750092,308.124969,308.50,1939200,7.78794
1979-03-12,307.750092,310.00,305.50,310.00,1777600,7.825807
1979-03-09,309.00,309.875031,307.50,307.750092,1435200,7.769009
1979-03-08,304.750092,309.50,304.249908,309.00,1156800,7.800563
1979-03-07,304.124969,307.750092,304.124969,304.750092,1238400,7.693276
1979-03-06,306.124969,306.50,303.750092,303.875031,1481600,7.671185
1979-03-05,302.124969,307.750092,302.124969,306.124969,1496000,7.727984
1979-03-02,301.00,301.249908,299.249908,300.750092,998400,7.592298
1979-03-01,300.00,301.50,298.624969,301.00,1304000,7.598606
1979-02-28,299.124969,301.00,298.624969,300.00,1324800,7.573362
1979-02-27,304.00,304.00,298.124969,299.124969,1910400,7.551272
1979-02-26,302.50,304.750092,302.50,304.00,739200,7.67434
1979-02-23,303.50,303.50,301.249908,302.249908,801600,7.63016
1979-02-22,305.50,305.50,302.124969,303.624969,1364800,7.664873
1979-02-21,308.00,308.624969,305.624969,306.00,1100800,7.724829
1979-02-20,306.50,308.375031,305.00,308.00,1252800,7.775318
1979-02-16,308.00,308.00,306.00,306.50,1120000,7.737451
1979-02-15,305.50,308.50,304.50,308.249908,1073600,7.781627
1979-02-14,308.124969,308.249908,304.00,305.50,1318400,7.712207
1979-02-13,306.750092,310.00,306.750092,308.124969,2121600,7.778473
1979-02-12,301.750092,307.00,299.750092,306.624969,1259200,7.740606
1979-02-09,300.124969,301.875031,300.124969,301.750092,1457600,7.617542
1979-02-08,299.124969,300.624969,299.124969,299.624969,1246400,7.563894
1979-02-07,299.750092,299.750092,297.124969,298.50,2694400,7.535495
1979-02-06,305.750092,306.50,303.00,303.50,2131200,7.574877
1979-02-05,306.624969,306.624969,304.50,305.750092,1907200,7.631035
1979-02-02,311.00,311.00,307.624969,308.249908,1360000,7.693427
1979-02-01,308.750092,311.00,308.124969,311.00,1550400,7.762065
1979-01-31,312.00,312.50,308.624969,308.750092,1584000,7.705911
1979-01-30,311.375031,314.50,311.375031,312.00,1627200,7.787023
1979-01-29,313.00,313.249908,310.750092,311.249908,1387200,7.768302
1979-01-26,312.00,313.50,311.00,313.00,1760000,7.811982
1979-01-25,309.249908,312.00,309.249908,312.00,1529600,7.787023
1979-01-24,311.249908,311.249908,307.750092,308.50,1844800,7.699669
1979-01-23,311.50,313.00,310.00,311.249908,1952000,7.768302
1979-01-22,306.50,312.00,305.249908,311.50,2691200,7.774544
1979-01-19,310.750092,310.750092,306.00,306.50,1929600,7.649752
1979-01-18,310.249908,312.00,309.00,311.00,1342400,7.762065
1979-01-17,309.624969,312.00,306.50,310.249908,2033600,7.743344
1979-01-16,314.624969,314.624969,308.750092,309.624969,2481600,7.727746
1979-01-15,312.750092,316.249908,312.249908,315.50,3456000,7.874378
1979-01-12,311.50,313.875031,310.750092,312.750092,3940800,7.805744
1979-01-11,305.375031,312.00,304.750092,311.50,2707200,7.774544
1979-01-10,306.00,307.50,304.875031,305.375031,1246400,7.621674
1979-01-09,306.00,308.375031,306.00,306.00,1800000,7.637273
1979-01-08,305.750092,305.750092,302.50,304.50,1980800,7.599835
1979-01-05,305.124969,307.00,305.124969,306.00,1732800,7.637273
1979-01-04,306.50,309.00,304.00,305.00,3256000,7.612314
1979-01-03,304.50,308.750092,304.50,306.50,2920000,7.649752
1979-01-02,298.50,305.00,294.50,303.50,2672000,7.574877
1978-12-29,304.00,306.50,298.00,298.50,2115200,7.450085
1978-12-28,302.50,308.00,302.50,304.00,2923200,7.587356
1978-12-27,306.50,306.50,300.50,302.50,3648000,7.549918
1978-12-26,295.249908,310.00,295.249908,309.50,5168000,7.724627
1978-12-22,285.00,295.00,285.00,295.00,3225600,7.36273
1978-12-21,284.375031,284.875031,282.00,283.750092,2220800,7.08195
1978-12-20,282.875031,285.50,281.375031,284.375031,4214400,7.097548
1978-12-19,270.375031,283.249908,270.375031,282.875031,3227200,7.06011
1978-12-18,271.875031,271.875031,269.375031,270.124969,1716800,6.741889
1978-12-15,274.249908,275.375031,272.00,275.375031,1304000,6.872922
1978-12-14,274.249908,275.00,273.00,274.249908,1651200,6.844841
1978-12-13,276.00,276.50,274.124969,274.249908,1233600,6.844841
1978-12-12,278.00,278.50,275.50,276.00,1412800,6.88852
1978-12-11,274.50,278.750092,274.50,278.00,1505600,6.938437
1978-12-08,276.00,276.50,273.750092,274.249908,892800,6.844841
1978-12-07,278.00,278.249908,275.00,276.00,1516800,6.88852
1978-12-06,277.875031,279.50,276.00,278.00,2180800,6.938437
1978-12-05,274.375031,278.375031,274.375031,277.875031,2136000,6.935318
1978-12-04,273.375031,274.624969,271.750092,273.750092,1390400,6.832366
1978-12-01,270.624969,274.50,270.624969,273.375031,2315200,6.823005
1978-11-30,265.50,270.00,265.00,269.50,1464000,6.726291
1978-11-29,267.50,267.50,264.750092,265.50,1584000,6.626457
1978-11-28,271.249908,272.00,267.50,267.875031,2224000,6.685734
1978-11-27,269.375031,271.750092,268.249908,271.249908,1112000,6.769966
1978-11-24,270.50,270.50,266.750092,269.375031,1372800,6.723172
1978-11-22,264.00,268.00,264.00,268.00,1211200,6.688853
1978-11-21,263.750092,265.249908,262.375031,264.00,1892800,6.58902
1978-11-20,261.249908,264.50,261.249908,263.750092,1475200,6.582782
1978-11-17,261.00,262.249908,261.00,261.00,1491200,6.514144
1978-11-16,259.249908,261.249908,259.249908,261.00,1500800,6.514144
1978-11-15,260.00,262.249908,258.00,258.50,2014400,6.451748
1978-11-14,259.750092,260.375031,256.00,260.00,1939200,6.489186
1978-11-13,263.624969,264.50,259.624969,259.750092,1435200,6.482949
1978-11-10,263.750092,265.50,263.249908,263.624969,1040000,6.579659
1978-11-09,265.875031,266.750092,262.750092,263.750092,2051200,6.582782
1978-11-08,262.249908,266.00,260.624969,265.875031,2086400,6.635817
1978-11-07,263.249908,263.249908,259.375031,262.249908,2435200,6.54534
1978-11-06,268.249908,268.249908,264.00,264.124969,1401600,6.592139
1978-11-03,269.375031,271.50,267.249908,268.50,2889600,6.701332
1978-11-02,272.750092,272.750092,268.00,269.375031,3564800,6.723172
1978-11-01,265.249908,276.50,265.249908,276.124969,3569600,6.89164
1978-10-31,263.50,272.50,263.50,264.249908,3100800,6.523377
1978-10-30,269.50,273.00,266.50,273.00,3030400,6.739385
1978-10-27,272.624969,273.875031,269.00,269.50,2374400,6.652983
1978-10-26,273.750092,275.124969,271.00,272.624969,1560000,6.730127
1978-10-25,275.00,277.50,272.50,273.750092,2257600,6.757902
1978-10-24,278.00,278.249908,275.00,275.00,1712000,6.788758
1978-10-23,277.124969,278.50,274.00,278.00,2300800,6.862817
1978-10-20,276.00,277.50,273.624969,277.124969,2928000,6.841216
1978-10-19,279.750092,280.750092,276.00,276.00,1996800,6.813444
1978-10-18,279.00,279.750092,277.00,279.750092,2300800,6.906021
1978-10-17,279.00,279.750092,275.249908,279.00,2816000,6.887503
1978-10-16,286.00,286.00,279.00,279.00,1464000,6.887503
1978-10-13,287.00,288.50,284.750092,286.00,1716800,7.060308
1978-10-12,290.50,293.50,285.249908,287.00,3908800,7.084995
1978-10-11,281.249908,290.50,280.50,290.50,1449600,7.171397
1978-10-10,283.00,283.50,280.50,281.249908,1211200,6.943046
1978-10-09,279.249908,283.00,279.249908,283.00,1340800,6.986249
1978-10-06,279.00,281.50,278.750092,278.750092,1036800,6.881334
1978-10-05,282.00,282.00,278.124969,279.00,1996800,6.887503
1978-10-04,276.624969,282.00,275.00,282.00,2017600,6.961563
1978-10-03,280.50,281.50,276.50,276.624969,1507200,6.828873
1978-10-02,277.00,280.50,276.875031,280.50,1179200,6.924533
1978-09-29,277.00,278.50,276.249908,277.00,1454400,6.838131
1978-09-28,275.00,279.00,273.50,277.00,1552000,6.838131
1978-09-27,281.00,282.00,274.50,275.00,1369600,6.788758
1978-09-26,280.50,282.50,279.624969,281.00,1363200,6.936876
1978-09-25,280.00,281.50,277.50,280.50,1788800,6.924533
1978-09-22,284.00,284.50,284.00,284.00,1563200,7.010935
1978-09-21,284.50,285.750092,280.50,284.00,1784000,7.010935
1978-09-20,286.50,288.50,282.50,284.50,1604800,7.023279
1978-09-19,289.00,291.249908,286.50,286.50,1276800,7.072651
1978-09-18,289.750092,291.875031,287.50,289.00,2632000,7.134367
1978-09-15,293.50,294.50,289.00,289.750092,1467200,7.152884
1978-09-14,295.00,296.375031,292.875031,293.50,1344000,7.245456
1978-09-13,300.875031,301.375031,295.00,295.00,1793600,7.282486
1978-09-12,299.50,300.875031,298.750092,300.875031,1401600,7.427519
1978-09-11,303.375031,303.375031,299.50,299.50,1334400,7.393575
1978-09-08,299.249908,304.50,298.750092,304.50,2000000,7.517006
1978-09-07,300.00,302.50,297.50,299.249908,1724800,7.387401
1978-09-06,301.00,303.00,299.50,300.00,2520000,7.405918
1978-09-05,293.875031,301.00,293.875031,301.00,1940800,7.430604
1978-09-01,292.00,294.875031,292.00,293.50,1025600,7.245456
1978-08-31,293.00,294.00,291.50,291.875031,734400,7.205342
1978-08-30,292.50,295.00,292.50,293.00,779200,7.233113
1978-08-29,295.00,296.249908,291.50,292.50,984000,7.22077
1978-08-28,297.249908,297.375031,294.50,295.00,966400,7.282486
1978-08-25,297.00,299.50,296.624969,297.249908,1252800,7.338028
1978-08-24,297.750092,300.00,296.50,297.00,1606400,7.331859
1978-08-23,297.00,300.750092,297.00,297.750092,2126400,7.350376
1978-08-22,293.375031,297.624969,293.00,296.50,1729600,7.319515
1978-08-21,293.750092,295.750092,292.249908,293.375031,1323200,7.242371
1978-08-18,295.249908,299.750092,293.50,293.750092,1771200,7.25163
1978-08-17,296.750092,299.375031,294.750092,295.249908,2377600,7.288655
1978-08-16,291.50,298.50,290.750092,296.750092,3454400,7.325689
1978-08-15,288.624969,291.50,286.750092,291.50,1316800,7.196083
1978-08-14,289.00,291.50,288.624969,288.624969,1465600,7.125109
1978-08-11,287.624969,290.750092,287.624969,289.00,1334400,7.134367
1978-08-10,288.750092,291.249908,286.750092,287.50,1793600,7.097338
1978-08-09,289.750092,293.249908,288.50,288.750092,4968000,7.128198
1978-08-08,286.00,289.750092,285.00,289.750092,3105600,7.152884
1978-08-07,288.50,290.50,286.00,286.00,3656000,7.060308
1978-08-04,285.00,289.624969,284.50,288.50,2819200,7.122024
1978-08-03,293.00,295.00,285.00,285.00,4214400,7.035622
1978-08-02,279.124969,293.00,279.00,293.00,3564800,7.162016
1978-08-01,281.00,281.750092,279.00,279.124969,2854400,6.822858
1978-07-31,278.750092,281.50,278.750092,281.00,2123200,6.868691
1978-07-28,276.249908,279.50,275.50,278.624969,2764800,6.810636
1978-07-27,273.50,276.249908,273.00,276.249908,2404800,6.752581
1978-07-26,273.00,276.750092,273.00,273.50,4206400,6.685363
1978-07-25,271.00,273.00,269.249908,273.00,2390400,6.673141
1978-07-24,270.249908,271.00,267.750092,271.00,1715200,6.624254
1978-07-21,268.124969,270.249908,267.00,270.249908,1294400,6.605919
1978-07-20,269.750092,272.00,267.750092,268.124969,2891200,6.553977
1978-07-19,266.00,269.750092,266.00,269.750092,1891200,6.593701
1978-07-18,266.00,266.875031,264.00,264.50,1872000,6.465369
1978-07-17,267.50,270.124969,266.00,266.00,3859200,6.502035
1978-07-14,259.375031,267.750092,259.375031,267.50,2728000,6.5387
1978-07-13,258.375031,259.50,256.624969,259.375031,990400,6.340096
1978-07-12,258.750092,259.750092,258.375031,258.375031,1118400,6.315652
1978-07-11,260.00,260.750092,258.750092,258.750092,1806400,6.32482
1978-07-10,260.50,260.875031,258.750092,260.00,961600,6.355372
1978-07-07,258.375031,260.624969,257.750092,260.50,816000,6.367594
1978-07-06,258.00,259.00,256.624969,258.375031,1276800,6.315652
1978-07-05,256.750092,259.50,255.249924,258.00,1638400,6.306485
1978-07-03,257.249908,257.50,255.00,256.750092,638400,6.275932
1978-06-30,259.624969,260.249908,257.249908,257.249908,728000,6.28815
1978-06-29,261.750092,262.249908,259.00,259.624969,1094400,6.346205
1978-06-28,260.875031,261.875031,258.50,261.750092,1360000,6.398151
1978-06-27,258.249908,262.00,258.249908,260.875031,1689600,6.376761
1978-06-26,262.50,262.50,257.750092,258.249908,1457600,6.312594
1978-06-23,266.375031,266.50,262.249908,262.50,1393600,6.416482
1978-06-22,267.00,267.00,265.249908,266.375031,1521600,6.511202
1978-06-21,265.875031,268.249908,265.124969,268.00,1524800,6.550922
1978-06-20,269.249908,269.750092,265.50,265.875031,1411200,6.49898
1978-06-19,266.249908,270.00,265.750092,269.249908,1350400,6.581475
1978-06-16,270.00,270.624969,266.00,266.249908,1473600,6.508144
1978-06-15,271.124969,272.50,269.00,270.00,1208000,6.59981
1978-06-14,274.249908,276.249908,271.00,271.124969,3136000,6.627308
1978-06-13,266.750092,274.249908,266.750092,274.249908,1307200,6.703693
1978-06-12,269.00,271.375031,267.50,267.875031,1752000,6.547868
1978-06-09,268.00,270.00,267.249908,269.00,2080000,6.575366
1978-06-08,265.249908,269.750092,265.00,268.00,2790400,6.550922
1978-06-07,266.00,266.624969,264.50,265.249908,2286400,6.4837
1978-06-06,266.00,268.50,266.00,266.00,2310400,6.502035
1978-06-05,260.750092,266.00,260.50,265.875031,1848000,6.49898
1978-06-02,257.124969,260.750092,256.875031,260.750092,1107200,6.373707
1978-06-01,258.249908,259.50,256.00,257.124969,2372800,6.285096
1978-05-31,261.124969,262.375031,258.249908,258.249908,1292800,6.312594
1978-05-30,260.750092,261.750092,259.875031,261.124969,1270400,6.382871
1978-05-26,261.249908,261.875031,260.50,260.750092,1208000,6.373707
1978-05-25,262.50,264.00,260.50,261.249908,1190400,6.385925
1978-05-24,262.50,262.50,260.00,262.50,1240000,6.416482
1978-05-23,266.00,266.00,262.50,263.124969,1336000,6.431758
1978-05-22,262.124969,266.750092,262.00,266.750092,1337600,6.52037
1978-05-19,264.50,264.624969,261.00,262.124969,1598400,6.407315
1978-05-18,266.00,266.249908,264.50,264.50,1609600,6.465369
1978-05-17,267.249908,267.624969,265.00,266.00,3400000,6.502035
1978-05-16,266.124969,268.50,266.124969,267.249908,3638400,6.532587
1978-05-15,262.624969,266.249908,261.249908,266.00,1694400,6.502035
1978-05-12,265.249908,266.249908,262.50,262.624969,1843200,6.419536
1978-05-11,259.750092,265.249908,259.375031,265.249908,1364800,6.4837
1978-05-10,260.249908,260.875031,259.00,259.750092,1190400,6.349264
1978-05-09,259.624969,260.375031,258.50,260.249908,1222400,6.361481
1978-05-08,262.50,263.50,259.00,259.624969,1089600,6.346205
1978-05-05,261.124969,264.50,261.124969,262.50,1459200,6.416482
1978-05-04,261.249908,261.249908,258.00,260.624969,3747200,6.370649
1978-05-03,266.00,266.249908,262.750092,263.249908,2280000,6.364415
1978-05-02,267.00,267.624969,265.50,266.00,1649600,6.430902
1978-05-01,266.00,268.750092,264.375031,267.00,2176000,6.455078
1978-04-28,261.50,266.00,260.375031,266.00,2561600,6.430902
1978-04-27,261.750092,261.750092,259.875031,261.50,2715200,6.322108
1978-04-26,261.750092,265.00,261.375031,262.375031,4401600,6.343263
1978-04-25,261.249908,264.00,261.249908,261.750092,5987200,6.328154
1978-04-24,254.00,258.249908,253.00,258.00,1760000,6.237491
1978-04-21,253.50,255.50,252.124954,254.00,2268800,6.140786
1978-04-20,253.00,257.875031,252.50,253.50,2801600,6.128698
1978-04-19,251.249924,254.00,249.624954,253.00,2444800,6.116609
1978-04-18,251.124954,253.00,248.875046,251.249924,3696000,6.074299
1978-04-17,253.624954,253.624954,248.375046,251.124954,4876800,6.071278
1978-04-14,240.50,244.00,240.50,243.50,3864000,5.886934
1978-04-13,236.249924,239.50,235.50,239.50,5729600,5.790229
1978-04-12,239.875046,242.00,236.249924,236.249924,2337600,5.711654
1978-04-11,240.50,240.50,239.375046,239.875046,1617600,5.799296
1978-04-10,240.875046,241.50,239.750076,241.00,1865600,5.826494
1978-04-07,240.624954,243.00,239.750076,240.875046,1796800,5.823473
1978-04-06,241.375046,244.00,240.50,240.624954,2856000,5.817426
1978-04-05,238.249924,241.50,238.249924,241.375046,2155200,5.835561
1978-04-04,236.249924,238.375046,236.124954,238.00,2838400,5.753965
1978-04-03,236.249924,236.249924,234.750076,236.249924,1817600,5.711654
1978-03-31,237.624954,237.624954,235.249924,235.50,2732800,5.693524
1978-03-30,238.375046,238.375046,237.375046,237.875046,1219200,5.750944
1978-03-29,239.624954,240.00,238.50,238.50,1270400,5.766053
1978-03-28,238.249924,239.875046,237.124954,239.624954,1342400,5.79325
1978-03-27,239.00,239.00,237.249924,238.249924,1464000,5.760007
1978-03-23,239.50,240.750076,239.124954,239.750076,1164800,5.796275
1978-03-22,239.249924,240.750076,238.375046,239.50,2008000,5.790229
1978-03-21,240.750076,241.00,238.00,239.249924,2409600,5.784183
1978-03-20,243.875046,244.375046,240.750076,240.750076,1923200,5.820451
1978-03-17,243.249924,244.249924,241.50,243.875046,1484800,5.896002
1978-03-16,240.124954,243.50,239.249924,243.249924,1609600,5.880888
1978-03-15,242.124954,242.124954,239.50,240.124954,1854400,5.805338
1978-03-14,239.249924,243.00,239.249924,242.249924,3280000,5.856712
1978-03-13,242.750076,243.750076,238.750076,239.00,3552000,5.778141
1978-03-10,244.249924,245.750076,242.249924,242.750076,3918400,5.868804
1978-03-09,246.124954,247.375046,243.750076,244.249924,2739200,5.905065
1978-03-08,244.750076,246.750076,241.375046,246.124954,2582400,5.950396
1978-03-07,241.124954,244.750076,241.124954,244.750076,2897600,5.917157
1978-03-06,244.249924,244.249924,240.249924,240.875046,2640000,5.823473
1978-03-03,249.00,249.750076,245.00,245.249924,3064000,5.929241
1978-03-02,251.50,252.249924,248.750076,249.00,2836800,6.019904
1978-03-01,251.249924,252.50,250.375046,251.50,1932800,6.080345
1978-02-28,253.750076,253.750076,250.249924,251.249924,1960000,6.074299
1978-02-27,256.624969,257.124969,253.50,253.750076,1064000,6.134744
1978-02-24,256.00,257.50,255.375046,256.624969,2072000,6.204248
1978-02-23,254.750076,256.00,253.624954,256.00,1678400,6.189138
1978-02-22,255.249924,256.249908,254.750076,254.750076,1566400,6.15892
1978-02-21,255.249924,255.624954,254.249924,255.249924,2219200,6.171004
1978-02-17,256.00,256.375031,255.124954,255.249924,1641600,6.171004
1978-02-16,256.249908,256.249908,254.750076,256.00,1798400,6.189138
1978-02-15,257.249908,258.00,256.50,257.249908,1384000,6.219357
1978-02-14,257.750092,257.750092,256.50,257.249908,1030400,6.219357
1978-02-13,258.00,258.50,257.249908,258.375031,1614400,6.246558
1978-02-10,259.750092,260.249908,258.00,258.00,979200,6.237491
1978-02-09,260.124969,260.124969,258.624969,259.750092,961600,6.279802
1978-02-08,260.750092,261.875031,259.50,260.124969,1160000,6.288865
1978-02-07,258.50,260.750092,258.249908,260.750092,1099200,6.303978
1978-02-06,258.624969,258.750092,257.124969,258.50,942400,6.249579
1978-02-03,260.50,260.50,258.00,258.624969,1681600,6.252601
1978-02-02,265.50,266.249908,262.750092,263.249908,1870400,6.294787
1978-02-01,265.50,266.375031,264.624969,265.50,1131200,6.34859
1978-01-31,266.875031,266.875031,264.50,265.50,1280000,6.34859
1978-01-30,265.00,266.875031,264.50,266.875031,1118400,6.38147
1978-01-27,264.249908,265.750092,264.249908,265.00,1710400,6.336634
1978-01-26,265.875031,266.624969,264.00,264.249908,1609600,6.318698
1978-01-25,266.00,267.375031,265.750092,265.875031,1340800,6.357558
1978-01-24,265.375031,267.00,264.750092,266.00,1816000,6.360546
1978-01-23,266.249908,266.249908,264.50,265.375031,2814400,6.345602
1978-01-20,267.249908,267.249908,265.124969,266.249908,1339200,6.366522
1978-01-19,269.249908,269.249908,267.00,267.50,1574400,6.396414
1978-01-18,269.00,269.750092,267.00,269.249908,1420800,6.438258
1978-01-17,267.50,269.249908,266.750092,269.00,1571200,6.432282
1978-01-16,266.00,268.00,264.00,267.50,1803200,6.396414
1978-01-13,266.624969,267.750092,265.50,266.00,1320000,6.360546
1978-01-12,266.375031,268.249908,266.375031,266.624969,1984000,6.37549
1978-01-11,267.00,268.124969,265.50,266.124969,2214400,6.363535
1978-01-10,268.875031,269.750092,266.50,267.00,3768000,6.384458
1978-01-09,267.00,268.875031,265.249908,268.875031,2963200,6.429294
1978-01-06,266.875031,267.00,264.624969,267.00,1700800,6.384458
1978-01-05,270.750092,271.750092,266.00,266.875031,1961600,6.38147
1978-01-04,268.750092,270.750092,267.50,270.750092,2448000,6.47413
1978-01-03,268.50,273.00,268.50,268.750092,1430400,6.426306
1977-12-30,272.750092,275.249908,272.750092,273.50,1907200,6.539885
1977-12-29,271.00,273.50,269.875031,272.750092,1721600,6.521953
1977-12-28,270.249908,271.249908,269.249908,271.00,1257600,6.480105
1977-12-27,270.249908,270.624969,269.00,270.249908,1436800,6.462169
1977-12-23,267.50,270.249908,267.50,270.249908,3190400,6.462169
1977-12-22,266.624969,268.00,266.624969,267.50,2337600,6.396414
1977-12-21,264.249908,266.750092,264.249908,266.00,1569600,6.360546
1977-12-20,263.124969,264.375031,261.624969,264.249908,1761600,6.318698
1977-12-19,263.750092,264.750092,262.50,263.124969,876800,6.291799
1977-12-16,264.750092,266.00,263.750092,263.750092,1030400,6.306747
1977-12-15,266.249908,267.624969,264.750092,264.750092,1697600,6.330659
1977-12-14,264.249908,266.375031,263.124969,266.249908,923200,6.366522
1977-12-13,263.249908,264.50,262.624969,264.249908,958400,6.318698
1977-12-12,264.50,265.875031,263.249908,263.249908,1041600,6.294787
1977-12-09,262.375031,265.875031,260.249908,264.50,1726400,6.324679
1977-12-08,261.124969,262.750092,261.124969,262.375031,1100800,6.273867
1977-12-07,260.50,261.50,259.750092,261.00,1736000,6.240987
1977-12-06,262.375031,262.375031,259.249908,260.50,2400000,6.229031
1977-12-05,264.50,264.750092,262.50,263.124969,1160000,6.291799
1977-12-02,263.00,264.50,262.249908,264.50,1217600,6.324679
1977-12-01,264.00,264.249908,262.249908,263.00,956800,6.288811
1977-11-30,262.875031,265.00,261.750092,264.00,2140800,6.312723
1977-11-29,267.00,267.124969,262.750092,262.875031,1710400,6.285823
1977-11-28,268.750092,268.875031,267.00,267.00,1766400,6.384458
1977-11-25,268.50,269.249908,267.249908,268.750092,923200,6.426306
1977-11-23,266.249908,269.249908,264.50,268.50,1737600,6.420326
1977-11-22,261.624969,266.249908,261.624969,266.249908,2008000,6.366522
1977-11-21,260.249908,261.00,259.00,260.50,958400,6.229031
1977-11-18,258.375031,260.875031,258.375031,260.249908,1542400,6.223051
1977-11-17,257.875031,259.249908,257.00,258.00,1083200,6.169252
1977-11-16,261.00,261.50,257.50,257.875031,1193600,6.166263
1977-11-15,258.249908,263.00,258.249908,261.00,1904000,6.240987
1977-11-14,260.00,260.00,258.124969,258.249908,1147200,6.175227
1977-11-11,259.50,260.750092,259.50,260.124969,1784000,6.220064
1977-11-10,252.750076,259.50,252.750076,259.249908,2387200,6.199139
1977-11-09,251.00,252.750076,250.624954,252.750076,1451200,6.043716
1977-11-08,252.00,252.375046,250.50,251.00,1444800,6.001869
1977-11-07,253.00,253.249924,251.50,252.00,1339200,6.025781
1977-11-04,250.375046,253.00,250.375046,253.00,2996800,6.049693
1977-11-03,249.624954,250.750076,249.00,250.00,2316800,5.977957
1977-11-02,253.375046,253.375046,249.00,249.624954,2948800,5.968989
1977-11-01,257.249908,257.624969,255.750076,255.750076,1611200,6.055672
1977-10-31,258.875031,259.249908,257.00,257.249908,950400,6.091186
1977-10-28,260.124969,260.124969,258.50,258.875031,833600,6.129665
1977-10-27,260.50,261.249908,259.00,260.249908,1652800,6.16222
1977-10-26,257.249908,261.00,257.00,260.50,3012800,6.168142
1977-10-25,257.249908,257.50,255.750076,257.249908,1969600,6.091186
1977-10-24,258.750092,259.624969,258.50,258.750092,1584000,6.126707
1977-10-21,257.750092,259.50,257.375031,258.750092,1494400,6.126707
1977-10-20,256.00,258.624969,255.624954,257.750092,1219200,6.103029
1977-10-19,257.375031,257.50,255.375046,256.00,835200,6.06159
1977-10-18,258.750092,259.249908,257.249908,257.375031,859200,6.094148
1977-10-17,257.875031,258.750092,257.124969,258.750092,828800,6.126707
1977-10-14,257.50,258.750092,256.750092,257.875031,1734400,6.105987
1977-10-13,255.249924,258.50,255.124954,257.50,1467200,6.097107
1977-10-12,256.00,256.00,254.124954,255.249924,1260800,6.04383
1977-10-11,257.624969,257.624969,256.249908,256.50,806400,6.073429
1977-10-10,257.249908,258.00,256.50,258.00,358400,6.108946
1977-10-07,257.875031,258.375031,256.750092,257.249908,1115200,6.091186
1977-10-06,257.375031,258.750092,257.375031,257.875031,920000,6.105987
1977-10-05,259.00,259.249908,257.00,257.375031,1273600,6.094148
1977-10-04,262.00,262.00,258.50,259.00,1345600,6.132624
1977-10-03,261.00,262.50,259.249908,262.50,1161600,6.215498
1977-09-30,260.375031,261.249908,259.624969,261.00,838400,6.179981
1977-09-29,259.624969,260.624969,259.624969,260.375031,1035200,6.165183
1977-09-28,258.249908,260.50,258.249908,259.50,1030400,6.144463
1977-09-27,259.50,259.750092,258.00,258.249908,1190400,6.114864
1977-09-26,257.00,260.00,256.750092,259.50,416000,6.144463
1977-09-23,257.624969,258.50,256.375031,257.00,1126400,6.085268
1977-09-22,256.249908,258.624969,256.00,257.624969,1240000,6.100066
1977-09-21,259.00,259.00,255.249924,256.249908,1214400,6.067508
1977-09-20,255.750076,259.00,255.624954,259.00,1446400,6.132624
1977-09-19,258.00,258.00,255.50,255.750076,1408000,6.055672
1977-09-16,262.50,262.50,259.124969,259.249908,1579200,6.138542
1977-09-15,263.124969,263.875031,261.750092,262.750092,864000,6.221419
1977-09-14,262.750092,264.249908,262.50,263.124969,664000,6.230296
1977-09-13,262.750092,263.375031,261.624969,262.750092,793600,6.221419
1977-09-12,262.750092,263.124969,261.249908,262.750092,1201600,6.221419
1977-09-09,265.249908,265.249908,262.750092,262.750092,1368000,6.221419
1977-09-08,267.750092,267.750092,265.249908,265.375031,1064000,6.283573
1977-09-07,268.375031,268.50,267.124969,267.875031,704000,6.342768
1977-09-06,268.50,268.624969,266.50,268.375031,816000,6.354607
1977-09-02,267.50,268.50,267.50,268.50,1027200,6.357566
1977-09-01,268.375031,269.00,266.750092,267.124969,836800,6.325008
1977-08-31,266.624969,268.750092,265.624969,268.375031,998400,6.354607
1977-08-30,269.50,270.875031,266.624969,266.624969,876800,6.313169
1977-08-29,267.750092,269.50,267.750092,269.50,939200,6.381244
1977-08-26,267.249908,267.875031,266.00,267.624969,1091200,6.336847
1977-08-25,268.00,268.750092,266.875031,267.249908,734400,6.327967
1977-08-24,270.124969,270.375031,267.124969,268.00,1000000,6.345727
1977-08-23,271.249908,272.00,269.50,270.124969,980800,6.396042
1977-08-22,269.124969,271.50,269.00,271.249908,888000,6.422679
1977-08-19,268.50,269.375031,267.249908,269.124969,908800,6.372364
1977-08-18,267.750092,271.249908,267.50,268.50,1147200,6.357566
1977-08-17,267.750092,270.124969,267.750092,268.750092,864000,6.363488
1977-08-16,269.249908,269.249908,267.50,267.750092,752000,6.33981
1977-08-15,266.00,269.375031,265.750092,269.375031,840000,6.378285
1977-08-12,266.124969,267.375031,265.50,266.00,676800,6.298371
1977-08-11,268.249908,268.750092,265.750092,266.124969,1097600,6.30133
1977-08-10,265.624969,268.249908,265.00,268.249908,984000,6.351645
1977-08-09,264.249908,266.249908,264.249908,265.624969,1270400,6.289491
1977-08-08,266.50,266.50,263.875031,264.00,1102400,6.251015
1977-08-05,269.00,269.624969,266.50,266.50,976000,6.31021
1977-08-04,269.00,269.00,266.624969,269.00,1952000,6.369405
1977-08-03,269.249908,270.50,268.249908,269.750092,1171200,6.327971
1977-08-02,269.624969,269.624969,268.624969,269.249908,740800,6.316237
1977-08-01,268.124969,270.750092,268.124969,269.750092,673600,6.327971
1977-07-29,267.00,268.124969,265.875031,268.124969,876800,6.289847
1977-07-28,267.50,268.50,266.249908,267.00,1148800,6.263457
1977-07-27,271.50,271.50,267.249908,267.50,1388800,6.275186
1977-07-26,273.249908,273.249908,271.249908,271.624969,952000,6.371953
1977-07-25,273.249908,274.249908,272.50,273.875031,988800,6.424736
1977-07-22,273.00,274.375031,272.624969,273.249908,1368000,6.410072
1977-07-21,273.00,273.249908,270.750092,273.00,1512000,6.404209
1977-07-20,274.750092,274.750092,272.624969,273.00,1404800,6.404209
1977-07-19,274.00,275.50,272.750092,274.875031,2142400,6.448195
1977-07-18,270.50,274.249908,270.50,274.00,3131200,6.427668
1977-07-15,262.124969,270.750092,262.124969,270.124969,3744000,6.336765
1977-07-13,259.124969,261.624969,259.124969,261.124969,936000,6.125637
1977-07-12,259.50,261.50,259.50,259.50,1072000,6.087517
1977-07-11,259.124969,259.875031,258.124969,259.875031,851200,6.096315
1977-07-08,261.50,262.249908,258.00,259.124969,1049600,6.07872
1977-07-07,259.875031,261.50,259.249908,261.50,1035200,6.134435
1977-07-06,261.50,261.750092,259.249908,259.875031,1612800,6.096315
1977-07-05,261.624969,263.624969,261.249908,261.50,920000,6.134435
1977-07-01,263.875031,263.875031,261.00,261.624969,1112000,6.137366
1977-06-30,265.249908,266.375031,264.00,264.00,1510400,6.193081
1977-06-29,264.124969,265.750092,261.50,265.249908,2177600,6.222402
1977-06-28,267.124969,268.875031,264.124969,264.124969,1864000,6.196013
1977-06-27,266.00,267.249908,265.00,267.124969,851200,6.266389
1977-06-24,262.375031,266.50,262.375031,266.00,1744000,6.239999
1977-06-23,260.375031,262.249908,260.375031,262.00,1472000,6.146164
1977-06-22,259.750092,260.375031,259.124969,260.375031,1393600,6.108044
1977-06-21,260.00,261.249908,259.124969,259.750092,1945600,6.093384
1977-06-20,257.875031,260.249908,257.875031,260.00,1059200,6.099247
1977-06-17,257.249908,258.750092,256.875031,257.50,987200,6.0406
1977-06-16,258.375031,258.375031,255.249924,257.249908,2136000,6.034733
1977-06-15,258.50,259.875031,257.00,258.750092,2424000,6.069926
1977-06-14,254.124954,258.50,254.124954,258.50,2203200,6.064059
1977-06-13,251.750076,253.750076,251.750076,253.50,785600,5.946765
1977-06-10,251.249924,252.249924,250.50,251.624954,934400,5.902779
1977-06-09,252.875046,253.50,251.249924,251.249924,1030400,5.893982
1977-06-08,252.875046,253.750076,252.249924,252.875046,1468800,5.932105
1977-06-07,250.50,253.00,249.624954,252.875046,404800,5.932105
1977-06-06,250.750076,252.00,250.00,250.50,1201600,5.87639
1977-06-03,247.375046,250.750076,247.375046,250.750076,1444800,5.882256
1977-06-02,248.00,248.375046,246.124954,246.50,1529600,5.782555
1977-06-01,246.00,249.00,246.00,248.00,1812800,5.817743
1977-05-31,245.249924,246.624954,244.50,245.50,1046400,5.759096
1977-05-27,249.00,249.249924,245.00,245.249924,1494400,5.75323
1977-05-26,247.124954,249.124954,246.750076,249.00,1014400,5.841202
1977-05-25,247.50,248.375046,245.875046,247.124954,1200000,5.797216
1977-05-24,245.375046,248.124954,245.375046,247.50,1926400,5.806014
1977-05-23,249.624954,249.624954,245.249924,245.375046,2132800,5.756165
1977-05-20,251.00,251.00,249.375046,249.875046,2232000,5.861729
1977-05-19,254.00,254.50,252.249924,252.249924,1004800,5.91744
1977-05-18,255.375046,256.50,253.750076,254.00,1609600,5.958495
1977-05-17,253.249924,255.375046,251.750076,255.375046,1472000,5.990752
1977-05-16,253.249924,255.124954,253.249924,253.249924,1283200,5.940899
1977-05-13,252.375046,254.249924,252.00,253.249924,1222400,5.940899
1977-05-12,252.750076,252.875046,250.50,252.375046,1739200,5.920376
1977-05-11,255.249924,255.50,251.624954,252.750076,1536000,5.929173
1977-05-10,255.249924,257.249908,255.124954,255.249924,1291200,5.987816
1977-05-09,256.249908,257.00,253.624954,255.249924,1361600,5.987816
1977-05-06,260.00,260.00,256.00,256.249908,1692800,6.011275
1977-05-05,262.00,262.00,259.50,260.50,1441600,6.110976
1977-05-04,261.249908,263.750092,260.375031,262.875031,1323200,6.108044
1977-05-03,260.00,262.00,259.50,261.249908,1382400,6.070284
1977-05-02,258.750092,260.00,257.375031,260.00,1182400,6.041242
1977-04-29,259.750092,259.750092,257.124969,258.750092,1304000,6.012199
1977-04-28,261.249908,261.624969,259.249908,259.750092,1904000,6.035435
1977-04-27,259.50,262.00,259.249908,261.249908,1544000,6.070284
1977-04-26,258.249908,260.50,257.50,259.50,1529600,6.029624
1977-04-25,258.00,259.624969,256.50,258.249908,2467200,6.000577
1977-04-22,263.249908,263.249908,257.50,258.00,3444800,5.99477
1977-04-21,270.00,270.50,263.50,264.00,2872000,6.134184
1977-04-20,271.124969,271.50,269.875031,270.00,1820800,6.273597
1977-04-19,272.00,272.875031,270.750092,271.124969,1209600,6.299736
1977-04-18,272.50,272.624969,271.375031,272.00,1276800,6.320068
1977-04-15,272.00,272.50,270.124969,272.50,2112000,6.331686
1977-04-14,273.750092,275.50,271.249908,272.00,2072000,6.320068
1977-04-13,278.00,278.00,269.00,273.750092,3809600,6.360732
1977-04-12,276.624969,279.249908,275.624969,278.750092,1635200,6.47691
1977-04-11,276.750092,277.249908,273.750092,276.624969,1408000,6.427532
1977-04-07,275.50,276.875031,275.00,276.750092,800000,6.430439
1977-04-06,274.50,275.50,274.249908,275.50,1246400,6.401393
1977-04-05,275.750092,276.750092,274.50,274.50,1766400,6.378157
1977-04-04,278.00,278.124969,275.624969,275.750092,923200,6.407204
1977-04-01,276.50,278.50,276.50,278.00,1702400,6.459481
1977-03-31,276.624969,278.50,275.750092,276.50,971200,6.424628
1977-03-30,280.50,280.50,275.750092,276.624969,2430400,6.427532
1977-03-29,279.50,281.249908,279.50,280.624969,915200,6.520474
1977-03-28,277.50,279.50,277.50,279.249908,1163200,6.488524
1977-03-25,280.124969,280.750092,277.50,277.50,1329600,6.447864
1977-03-24,282.50,282.624969,279.624969,280.124969,1540800,6.508856
1977-03-23,285.50,285.624969,282.50,282.50,1886400,6.564041
1977-03-22,283.249908,285.50,282.50,285.50,1657600,6.633748
1977-03-21,283.50,284.00,282.50,283.249908,822400,6.581466
1977-03-18,283.50,284.750092,282.624969,283.50,1339200,6.587277
1977-03-17,284.00,284.124969,282.50,283.50,1380800,6.587277
1977-03-16,285.249908,285.624969,283.624969,284.00,2099200,6.598895
1977-03-15,284.00,286.124969,284.00,285.249908,1356800,6.627937
1977-03-14,283.249908,285.00,282.50,284.00,1136000,6.598895
1977-03-11,284.375031,284.375031,282.249908,283.249908,1500800,6.581466
1977-03-10,279.624969,284.50,278.750092,284.50,2286400,6.610512
1977-03-09,280.124969,280.124969,279.624969,279.624969,4632000,6.497238
1977-03-08,280.50,281.249908,280.124969,280.124969,1992000,6.508856
1977-03-07,278.00,280.50,278.00,280.50,1228800,6.51757
1977-03-04,278.249908,279.00,276.50,278.00,2107200,6.459481
1977-03-03,276.750092,278.50,276.750092,278.249908,1529600,6.465288
1977-03-02,277.00,277.50,276.375031,276.50,1147200,6.424628
1977-03-01,276.124969,277.750092,276.124969,277.00,1408000,6.436246
1977-02-28,275.50,276.00,275.375031,276.00,828800,6.41301
1977-02-25,275.50,276.124969,275.375031,275.50,1366400,6.401393
1977-02-24,276.00,276.00,275.249908,275.50,830400,6.401393
1977-02-23,275.750092,276.624969,275.124969,276.249908,1614400,6.418817
1977-02-22,275.00,277.00,275.00,275.750092,1788800,6.407204
1977-02-18,270.50,270.875031,269.00,270.124969,1073600,6.276501
1977-02-17,271.50,271.875031,269.375031,270.50,1112000,6.285215
1977-02-16,272.249908,274.00,271.00,271.50,1700800,6.30845
1977-02-15,274.249908,274.50,271.750092,272.249908,1560000,6.325875
1977-02-14,267.750092,274.249908,267.750092,274.249908,1720000,6.372346
1977-02-11,269.00,269.624969,267.00,267.00,1246400,6.20389
1977-02-10,268.00,270.00,267.624969,269.00,1324800,6.250361
1977-02-09,270.00,270.249908,266.00,268.00,1601600,6.227126
1977-02-08,270.50,272.124969,269.50,270.00,1420800,6.273597
1977-02-07,269.00,270.50,268.50,270.50,1083200,6.285215
1977-02-04,271.124969,272.249908,268.124969,269.00,1433600,6.250361
1977-02-03,271.750092,271.750092,269.750092,271.124969,1302400,6.299736
1977-02-02,276.50,276.750092,273.50,274.249908,1342400,6.314257
1977-02-01,275.249908,277.875031,275.249908,276.50,1401600,6.366062
1977-01-31,272.50,275.249908,271.50,275.249908,1228800,6.337281
1977-01-28,268.750092,274.249908,268.750092,272.50,1390400,6.273967
1977-01-27,268.249908,269.50,267.249908,268.50,1140800,6.181873
1977-01-26,269.50,269.50,267.249908,268.249908,1684800,6.176115
1977-01-25,271.750092,273.00,269.00,269.750092,1934400,6.210654
1977-01-24,274.00,276.00,271.249908,271.750092,1859200,6.256702
1977-01-21,273.00,275.50,271.00,274.00,2238400,6.308503
1977-01-20,277.50,279.00,272.375031,273.00,1657600,6.285479
1977-01-19,275.249908,279.624969,274.750092,277.50,1902400,6.389086
1977-01-18,273.00,275.750092,271.249908,275.249908,2036800,6.337281
1977-01-17,270.50,273.00,270.00,273.00,1979200,6.285479
1977-01-14,270.50,271.00,268.249908,270.50,1812800,6.22792
1977-01-13,269.00,271.249908,269.00,270.50,1470400,6.22792
1977-01-12,269.00,269.00,266.124969,269.00,1817600,6.193384
1977-01-11,271.249908,272.00,268.00,269.00,1233600,6.193384
1977-01-10,272.00,273.00,269.124969,271.249908,1209600,6.245186
1977-01-07,274.00,274.124969,271.624969,272.00,1072000,6.262456
1977-01-06,274.00,276.50,273.750092,274.00,1035200,6.308503
1977-01-05,273.00,274.750092,271.750092,274.00,1182400,6.308503
1977-01-04,276.50,277.249908,272.375031,273.00,1443200,6.285479
1977-01-03,276.50,280.50,276.50,276.50,1118400,6.366062
1976-12-31,280.50,282.00,279.00,279.124969,1126400,6.426499
1976-12-30,277.249908,280.50,277.249908,280.50,1009600,6.458157
1976-12-29,278.50,279.00,276.50,276.50,942400,6.366062
1976-12-28,277.750092,280.124969,277.750092,278.50,1915200,6.41211
1976-12-27,273.50,278.00,273.50,277.50,1124800,6.389086
1976-12-23,270.249908,271.750092,270.249908,271.624969,1251200,6.253821
1976-12-22,270.375031,272.375031,270.124969,270.249908,1412800,6.222162
1976-12-21,265.750092,270.375031,265.249908,270.375031,1708800,6.225043
1976-12-20,265.00,266.249908,264.750092,265.750092,830400,6.118559
1976-12-17,267.249908,269.249908,265.00,265.00,1011200,6.101289
1976-12-16,268.750092,268.875031,267.00,267.249908,1356800,6.153091
1976-12-15,269.875031,270.50,267.750092,268.750092,1264000,6.187631
1976-12-14,270.00,270.50,268.249908,269.875031,1652800,6.213531
1976-12-13,271.00,271.249908,269.50,270.00,1147200,6.216408
1976-12-10,271.50,272.624969,270.00,271.00,1116800,6.239432
1976-12-09,272.750092,274.124969,271.50,271.50,1368000,6.250944
1976-12-08,270.750092,273.00,270.750092,272.750092,1219200,6.279726
1976-12-07,273.00,273.750092,270.750092,270.750092,1371200,6.233678
1976-12-06,272.50,274.50,272.50,273.00,1028800,6.285479
1976-12-03,270.249908,272.00,270.249908,272.00,1152000,6.262456
1976-12-02,272.00,273.875031,269.50,269.50,1278400,6.204896
1976-12-01,271.00,273.875031,269.50,269.50,1278400,6.204896
1976-11-30,271.375031,271.624969,269.249908,271.00,889600,6.239432
1976-11-29,274.00,274.00,271.124969,271.375031,1508800,6.248066
1976-11-26,272.750092,275.50,272.750092,274.124969,868800,6.31138
1976-11-24,270.00,272.50,270.00,272.249908,673600,6.268209
1976-11-23,271.50,271.750092,269.249908,269.375031,803200,6.202019
1976-11-22,270.00,273.00,269.50,271.50,1182400,6.250944
1976-11-19,270.750092,270.750092,268.249908,270.00,1216000,6.216408
1976-11-18,268.00,271.375031,268.00,271.00,1539200,6.239432
1976-11-17,263.50,267.50,262.750092,267.50,1329600,6.158849
1976-11-16,264.249908,266.249908,263.50,263.50,1417600,6.066754
1976-11-15,262.00,265.00,260.50,264.249908,1753600,6.08402
1976-11-12,264.50,264.50,261.249908,262.00,1262400,6.032218
1976-11-11,261.00,264.875031,260.187531,264.50,710400,6.089778
1976-11-10,260.249908,261.875031,258.875031,261.00,1185600,6.009195
1976-11-09,259.50,260.624969,257.50,260.249908,1444800,5.991925
1976-11-08,261.750092,261.750092,257.50,259.50,2337600,5.974659
1976-11-05,267.375031,267.750092,262.00,262.249908,1424000,6.037972
1976-11-04,268.00,269.375031,266.249908,267.375031,1201600,6.155972
1976-11-03,270.750092,270.750092,265.750092,268.00,1825600,6.118556
1976-11-01,271.750092,272.50,270.124969,271.249908,1499200,6.192753
1976-10-29,266.50,272.00,266.50,271.750092,1694400,6.204172
1976-10-28,266.00,268.375031,265.249908,266.50,1273600,6.08431
1976-10-27,263.50,266.00,261.50,266.00,1374400,6.072895
1976-10-26,259.875031,263.50,259.875031,263.50,1326400,6.015819
1976-10-25,256.50,259.750092,255.50,259.50,1192000,5.924497
1976-10-22,257.249908,257.249908,253.00,256.50,1763200,5.856006
1976-10-21,263.50,264.00,256.50,257.249908,1680000,5.873127
1976-10-20,263.50,264.750092,263.50,263.50,1084800,6.015819
1976-10-19,263.624969,265.50,261.50,263.50,1816000,6.015819
1976-10-18,262.750092,265.249908,262.750092,263.624969,1448000,6.018672
1976-10-15,264.50,265.375031,262.50,262.50,2555200,5.992988
1976-10-14,271.50,271.50,263.50,264.50,2409600,6.038649
1976-10-13,271.750092,273.249908,269.750092,272.50,2614400,6.221293
1976-10-12,278.00,279.124969,271.00,271.750092,1894400,6.204172
1976-10-11,278.249908,278.750092,277.249908,278.00,1006400,6.34686
1976-10-08,281.249908,281.624969,277.50,278.249908,1481600,6.352566
1976-10-07,279.50,281.875031,278.00,281.249908,1627200,6.421057
1976-10-06,279.00,280.375031,276.50,279.50,1694400,6.381106
1976-10-05,280.00,281.00,277.750092,279.00,1491200,6.369691
1976-10-04,280.50,281.00,279.124969,280.00,929600,6.392521
1976-10-01,281.375031,283.249908,278.750092,280.50,1460800,6.403936
1976-09-30,281.50,283.50,280.750092,281.375031,1008000,6.423914
1976-09-29,283.875031,285.00,280.00,281.50,1702400,6.426767
1976-09-28,286.750092,287.50,282.750092,283.875031,1417600,6.48099
1976-09-27,284.50,287.50,284.50,286.750092,841600,6.546629
1976-09-24,284.249908,285.50,283.375031,283.750092,944000,6.478137
1976-09-23,285.50,286.124969,284.00,284.249908,1347200,6.489548
1976-09-22,287.750092,288.50,285.00,285.50,1846400,6.518088
1976-09-21,284.624969,287.750092,284.624969,287.750092,1369600,6.569459
1976-09-20,284.00,286.750092,283.50,284.249908,1294400,6.489548
1976-09-17,284.00,285.624969,282.50,284.00,1921600,6.483843
1976-09-16,278.249908,284.00,277.750092,284.00,1529600,6.483843
1976-09-15,278.00,279.50,277.124969,278.249908,987200,6.352566
1976-09-14,277.624969,278.50,277.00,278.00,585600,6.34686
1976-09-13,279.50,280.124969,277.624969,277.624969,969600,6.338298
1976-09-10,278.00,279.624969,277.50,279.50,673600,6.381106
1976-09-09,277.50,279.00,277.50,278.00,835200,6.34686
1976-09-08,280.00,280.124969,277.00,277.00,1512000,6.32403
1976-09-07,278.50,280.124969,278.00,280.00,1363200,6.392521
1976-09-03,276.375031,278.50,275.750092,278.50,632000,6.358275
1976-09-02,276.875031,278.00,276.00,276.375031,884800,6.309761
1976-09-01,273.624969,277.249908,273.249908,276.875031,868800,6.321177
1976-08-31,272.249908,274.750092,272.124969,273.624969,936000,6.246976
1976-08-30,270.00,272.750092,270.00,272.249908,785600,6.215583
1976-08-27,268.875031,270.375031,267.750092,269.750092,752000,6.158511
1976-08-26,272.00,272.00,268.50,268.875031,1060800,6.138533
1976-08-25,269.50,272.750092,268.750092,272.00,1102400,6.209878
1976-08-24,273.50,273.750092,269.50,269.50,905600,6.152801
1976-08-23,273.00,273.50,270.875031,273.50,896000,6.244123
1976-08-20,275.124969,275.124969,272.249908,273.00,793600,6.232708
1976-08-19,279.50,279.624969,274.624969,275.249908,902400,6.284074
1976-08-18,280.00,280.50,278.50,279.50,777600,6.381106
1976-08-17,279.375031,280.750092,279.249908,280.00,1160000,6.392521
1976-08-16,278.249908,280.00,277.50,279.375031,1417600,6.378253
1976-08-13,277.50,278.875031,277.50,278.249908,464000,6.352566
1976-08-12,277.375031,278.00,275.875031,277.50,803200,6.335445
1976-08-11,278.50,279.750092,277.249908,277.375031,1382400,6.332592
1976-08-10,274.50,278.50,274.50,278.50,990400,6.358275
1976-08-09,275.249908,275.249908,274.249908,274.50,657600,6.266954
1976-08-06,274.624969,275.249908,274.249908,275.249908,657600,6.284074
1976-08-05,275.624969,275.624969,274.249908,274.624969,646400,6.269807
1976-08-04,276.00,277.50,276.00,276.750092,1344000,6.266954
1976-08-03,271.750092,275.875031,271.50,275.875031,984000,6.247138
1976-08-02,272.124969,272.875031,271.00,271.750092,593600,6.15373
1976-07-30,273.00,273.50,271.750092,272.124969,825600,6.162219
1976-07-29,273.00,273.750092,272.249908,273.00,790400,6.182034
1976-07-28,272.249908,273.124969,270.875031,273.00,771200,6.182034
1976-07-27,275.50,275.50,272.00,272.249908,1174400,6.165048
1976-07-26,273.750092,275.50,273.750092,275.50,883200,6.238646
1976-07-23,272.50,273.875031,272.00,273.00,899200,6.182034
1976-07-22,271.00,272.50,270.249908,272.50,688000,6.170711
1976-07-21,270.50,272.50,270.50,271.00,1056000,6.136744
1976-07-20,272.00,272.750092,268.00,270.50,1776000,6.125422
1976-07-19,274.249908,275.50,272.00,272.00,1684800,6.159389
1976-07-16,276.249908,276.375031,272.750092,274.249908,2993600,6.210338
1976-07-15,276.624969,279.50,276.00,276.249908,1817600,6.255627
1976-07-14,277.624969,280.375031,276.624969,276.624969,1596800,6.26412
1976-07-13,279.750092,280.375031,276.750092,277.624969,1368000,6.286765
1976-07-12,278.00,280.00,277.124969,279.750092,1003200,6.334888
1976-07-09,276.750092,279.00,276.750092,278.00,1046400,6.295258
1976-07-08,278.00,279.375031,276.00,276.50,1211200,6.261291
1976-07-07,275.00,278.00,274.624969,278.00,900800,6.295258
1976-07-06,276.00,277.249908,274.50,275.00,1051200,6.227323
1976-07-02,274.50,276.00,274.50,276.00,792000,6.249968
1976-07-01,276.750092,278.00,273.750092,274.50,1457600,6.216001
1976-06-30,276.249908,278.875031,276.249908,276.750092,928000,6.266954
1976-06-29,273.624969,276.00,273.50,275.50,905600,6.238646
1976-06-28,274.50,276.00,273.624969,273.624969,1004800,6.196186
1976-06-25,275.249908,276.750092,274.00,274.50,1499200,6.216001
1976-06-24,272.00,275.249908,271.50,275.249908,1960000,6.232982
1976-06-23,268.750092,272.00,268.375031,272.00,1676800,6.159389
1976-06-22,270.50,272.875031,268.50,268.750092,1657600,6.085795
1976-06-21,266.50,270.50,266.50,270.50,1422400,6.125422
1976-06-18,269.00,270.00,266.00,266.00,1734400,6.02352
1976-06-17,263.624969,269.00,263.624969,269.00,2014400,6.091454
1976-06-16,259.00,263.00,259.00,262.249908,1793600,5.9386
1976-06-15,260.249908,260.50,257.750092,259.00,1272000,5.865006
1976-06-14,259.00,260.750092,259.00,260.249908,1748800,5.89331
1976-06-11,255.50,257.875031,254.750076,257.750092,1091200,5.836702
1976-06-10,253.750076,255.750076,253.750076,255.50,931200,5.78575
1976-06-09,253.00,255.124954,252.750076,253.249924,812800,5.734797
1976-06-08,253.375046,254.624954,252.50,253.00,998400,5.729137
1976-06-07,253.00,253.624954,252.00,253.375046,844800,5.73763
1976-06-04,256.00,256.249908,252.50,253.00,820800,5.729137
1976-06-03,257.50,258.50,255.750076,256.00,971200,5.797072
1976-06-02,254.00,258.249908,253.875046,257.50,1142400,5.831039
1976-06-01,256.50,256.50,253.249924,254.00,780800,5.751782
1976-05-28,253.50,257.249908,253.50,256.624969,1096000,5.811224
1976-05-27,250.00,254.00,249.875046,253.249924,1057600,5.734797
1976-05-26,251.00,252.750076,249.50,250.00,723200,5.661203
1976-05-25,249.750076,251.50,248.50,251.00,1392000,5.683848
1976-05-24,253.00,253.00,249.124954,249.750076,1112000,5.655544
1976-05-21,257.00,257.50,253.50,253.50,724800,5.74046
1976-05-20,253.750076,257.624969,253.750076,257.00,771200,5.819717
1976-05-19,253.50,255.249924,253.50,253.750076,1051200,5.746123
1976-05-18,253.00,254.249924,253.00,253.00,753600,5.729137
1976-05-17,252.249924,253.750076,251.50,252.249924,630400,5.712152
1976-05-14,255.00,255.00,252.124954,252.249924,681600,5.712152
1976-05-13,257.00,257.00,255.375046,255.50,675200,5.78575
1976-05-12,256.50,257.249908,256.00,257.00,958400,5.819717
1976-05-11,258.00,259.50,255.50,256.50,1232000,5.808394
1976-05-10,252.249924,258.249908,252.249924,258.00,1310400,5.842362
1976-05-07,249.624954,251.249924,249.624954,250.50,859200,5.672525
1976-05-06,250.00,250.00,248.00,249.624954,852800,5.65271
1976-05-05,251.50,251.50,245.249924,250.00,1078400,5.621572
1976-05-04,249.249924,252.875046,249.249924,252.50,883200,5.677788
1976-05-03,252.750076,252.750076,249.00,249.00,1022400,5.599086
1976-04-30,253.50,254.375046,252.50,253.375046,609600,5.697465
1976-04-29,256.00,256.750092,252.375046,253.50,1104000,5.700275
1976-04-28,255.875046,256.00,253.750076,256.00,1222400,5.75649
1976-04-27,259.249908,259.750092,255.50,255.875046,926400,5.75368
1976-04-26,258.624969,259.249908,257.00,259.249908,881600,5.829569
1976-04-23,260.00,260.00,256.750092,258.624969,1192000,5.815516
1976-04-22,260.50,262.249908,260.00,260.00,1184000,5.846435
1976-04-21,261.249908,262.00,258.50,260.50,1675200,5.857679
1976-04-20,259.249908,261.750092,259.249908,261.249908,1492800,5.874541
1976-04-19,256.50,259.249908,255.750076,259.124969,1352000,5.826759
1976-04-15,255.50,257.50,254.375046,256.50,1939200,5.767733
1976-04-14,262.875031,262.875031,255.50,255.50,1505600,5.745247
1976-04-13,261.624969,263.750092,258.50,263.50,2051200,5.925137
1976-04-12,267.875031,270.750092,261.249908,261.624969,2022400,5.882975
1976-04-09,268.249908,269.50,266.750092,267.875031,1201600,6.023516
1976-04-08,269.00,269.249908,266.124969,268.249908,1489600,6.031945
1976-04-07,269.750092,271.750092,268.00,269.00,929600,6.048812
1976-04-06,272.00,273.249908,269.50,269.750092,1387200,6.065679
1976-04-05,268.249908,272.00,268.249908,272.00,1886400,6.116271
1976-04-02,261.750092,267.249908,260.750092,267.00,1396800,6.003839
1976-04-01,262.00,263.750092,260.249908,261.750092,900800,5.885788
1976-03-31,260.50,262.750092,260.50,262.00,988800,5.891408
1976-03-30,260.249908,260.750092,258.50,260.249908,912000,5.852055
1976-03-29,259.50,261.750092,259.249908,260.249908,705600,5.852055
1976-03-26,258.50,260.50,258.00,259.50,1089600,5.835192
1976-03-25,261.750092,262.50,258.50,258.50,921600,5.812706
1976-03-24,262.00,265.124969,261.00,261.750092,1608000,5.885788
1976-03-23,258.249908,262.00,258.249908,262.00,1057600,5.891408
1976-03-22,258.750092,260.249908,257.50,258.249908,968000,5.807082
1976-03-19,258.00,259.249908,257.00,258.750092,896000,5.81833
1976-03-18,258.124969,259.624969,257.00,258.00,939200,5.801463
1976-03-17,261.875031,262.50,258.00,258.124969,1176000,5.804273
1976-03-16,259.624969,262.750092,259.00,261.875031,1147200,5.888598
1976-03-15,261.249908,261.249908,258.50,259.624969,1124800,5.838002
1976-03-12,265.750092,265.875031,261.249908,261.50,1214400,5.880165
1976-03-11,261.750092,265.875031,261.750092,265.750092,1553600,5.975734
1976-03-10,259.249908,262.249908,259.249908,261.750092,1014400,5.885788
1976-03-09,260.00,262.50,258.750092,258.750092,1164800,5.81833
1976-03-08,258.50,260.124969,258.50,260.00,1062400,5.846435
1976-03-05,256.249908,257.50,255.249924,257.50,913600,5.79022
1976-03-04,259.249908,259.249908,255.750076,256.249908,1080000,5.76211
1976-03-03,259.249908,260.375031,257.750092,259.375031,972800,5.832382
1976-03-02,259.249908,260.750092,258.00,259.249908,972800,5.829569
1976-03-01,255.624954,259.249908,254.249924,259.249908,918400,5.829569
1976-02-27,256.00,256.375031,252.50,255.624954,1600000,5.748057
1976-02-26,260.00,261.50,256.00,256.00,1144000,5.75649
1976-02-25,262.50,262.50,259.00,260.00,1112000,5.846435
1976-02-24,261.00,263.124969,261.00,262.50,1097600,5.902651
1976-02-23,262.00,262.00,259.00,260.249908,1160000,5.852055
1976-02-20,262.00,264.50,262.00,262.00,1526400,5.891408
1976-02-19,258.50,262.249908,258.50,261.249908,1560000,5.874541
1976-02-18,253.124954,257.249908,252.50,255.750076,840000,5.75087
1976-02-17,254.00,255.249924,252.875046,253.124954,878400,5.691841
1976-02-13,252.50,255.00,251.750076,254.00,921600,5.711518
1976-02-12,255.249924,258.00,252.50,252.50,804800,5.677788
1976-02-11,258.00,260.50,255.249924,255.249924,1289600,5.739624
1976-02-10,253.50,258.00,253.00,258.00,1195200,5.801463
1976-02-09,254.00,257.750092,252.750076,253.50,1254400,5.700275
1976-02-06,257.249908,257.249908,254.00,254.00,2008000,5.711518
1976-02-05,263.249908,263.249908,257.750092,258.00,1937600,5.801463
1976-02-04,261.249908,264.50,261.249908,263.750092,1214400,5.891409
1976-02-03,259.249908,261.249908,259.249908,261.00,1777600,5.82998
1976-02-02,257.750092,259.249908,256.00,259.249908,1395200,5.790888
1976-01-30,257.624969,259.750092,257.624969,257.750092,1776000,5.757386
1976-01-29,251.00,257.00,251.00,256.50,1446400,5.729463
1976-01-28,249.875046,252.249924,248.124954,251.00,1446400,5.606609
1976-01-27,254.249924,255.00,249.624954,249.875046,1560000,5.581481
1976-01-26,254.249924,256.00,253.375046,254.249924,1952000,5.679203
1976-01-23,250.00,255.50,249.875046,254.249924,1241600,5.679203
1976-01-22,247.50,251.00,246.750076,250.00,1152000,5.584272
1976-01-21,252.50,252.50,247.00,247.50,2364800,5.528429
1976-01-20,250.00,253.00,248.249924,252.875046,2060800,5.648492
1976-01-19,242.875046,250.00,242.875046,250.00,1604800,5.584272
1976-01-16,239.624954,242.750076,238.50,242.00,1872000,5.405575
1976-01-15,241.249924,242.875046,239.00,239.624954,2300800,5.352523
1976-01-14,234.249924,241.249924,234.249924,241.249924,1811200,5.38882
1976-01-13,235.750076,238.375046,233.750076,234.249924,2401600,5.232461
1976-01-12,231.249924,236.249924,230.124954,235.750076,1977600,5.26597
1976-01-09,230.375046,231.750076,230.00,231.249924,1483200,5.16545
1976-01-08,228.50,230.750076,228.50,230.375046,2182400,5.145907
1976-01-07,229.375046,231.00,228.375046,228.50,2033600,5.104024
1976-01-06,230.00,230.875046,229.00,229.375046,1888000,5.12357
1976-01-05,226.50,230.00,226.249924,230.00,1420800,5.13753
1976-01-02,224.249924,226.50,223.375046,226.50,700800,5.05935
1975-12-31,223.50,225.249924,223.50,224.249924,763200,5.00909
1975-12-30,222.50,223.50,221.50,223.249924,688000,4.986753
1975-12-29,223.249924,224.624954,222.249924,222.50,731200,4.970002
1975-12-26,221.375046,223.50,221.124954,223.249924,286400,4.986753
1975-12-24,221.124954,223.50,221.124954,223.249924,286400,4.986753
1975-12-23,216.249924,220.750076,216.249924,220.00,1068800,4.914159
1975-12-22,217.750076,218.00,215.875046,216.00,625600,4.824811
1975-12-19,219.50,219.875046,207.750076,217.750076,803200,4.863902
1975-12-18,219.750076,221.50,219.00,219.50,1052800,4.90299
1975-12-17,219.875046,220.750076,218.50,219.750076,902400,4.908576
1975-12-16,216.750076,219.875046,216.750076,219.875046,1075200,4.911368
1975-12-15,215.624954,216.875046,215.00,216.750076,662400,4.841565
1975-12-12,214.750076,215.750076,214.249924,215.624954,654400,4.816433
1975-12-11,217.50,217.750076,214.750076,214.750076,993600,4.796891
1975-12-10,215.875046,218.00,215.00,217.50,731200,4.858316
1975-12-09,215.00,215.875046,210.50,215.875046,912000,4.82202
1975-12-08,214.624954,217.00,214.00,215.00,1379200,4.802474
1975-12-05,220.124954,220.624954,214.624954,214.624954,1203200,4.794096
1975-12-04,219.00,220.124954,217.249924,220.124954,1350400,4.91695
1975-12-03,219.624954,219.624954,217.00,219.00,1865600,4.891822
1975-12-02,224.124954,224.249924,220.624954,220.750076,1048000,4.930914
1975-12-01,226.375046,227.249924,224.00,224.124954,1000000,5.006298
1975-11-28,225.00,226.50,224.50,226.375046,774400,5.056559
1975-11-26,224.624954,226.00,223.750076,225.00,1012800,5.025844
1975-11-25,222.249924,225.249924,222.124954,224.624954,1166400,5.017467
1975-11-24,221.750076,222.875046,220.50,222.249924,728000,4.964416
1975-11-21,221.00,222.750076,220.50,221.750076,948800,4.953251
1975-11-20,219.624954,222.00,219.624954,221.00,867200,4.936496
1975-11-19,220.375046,220.750076,217.50,219.50,1208000,4.90299
1975-11-18,225.00,225.750076,220.124954,220.375046,1092800,4.922536
1975-11-17,223.124954,225.249924,223.124954,225.00,961600,5.025844
1975-11-14,221.375046,223.249924,220.750076,222.50,963200,4.970002
1975-11-13,224.750076,225.00,221.00,221.375046,1632000,4.944874
1975-11-12,220.50,224.750076,220.50,224.750076,1846400,5.020262
1975-11-11,217.00,219.875046,217.00,219.750076,936000,4.908576
1975-11-10,216.249924,216.875046,215.00,216.624954,524800,4.83877
1975-11-07,217.00,217.624954,215.750076,216.249924,1054400,4.830393
1975-11-06,215.750076,218.00,213.00,217.00,1368000,4.847148
1975-11-05,213.50,217.00,213.249924,215.750076,1652800,4.819228
1975-11-04,211.624954,214.249924,211.624954,213.50,787200,4.729876
1975-11-03,212.249924,212.750076,211.00,211.249924,496000,4.680028
1975-10-31,211.124954,212.750076,210.50,212.249924,731200,4.702182
1975-10-30,211.00,213.50,210.50,211.124954,1214400,4.677259
1975-10-29,214.249924,214.249924,209.750076,211.00,1713600,4.674491
1975-10-28,211.875046,215.50,211.875046,215.00,1446400,4.763107
1975-10-27,209.00,211.750076,208.750076,211.124954,1307200,4.677259
1975-10-24,214.750076,214.750076,209.00,209.00,1649600,4.630183
1975-10-23,213.249924,215.750076,212.00,215.375046,1236800,4.771416
1975-10-22,212.875046,213.750076,210.249924,213.249924,1121600,4.724336
1975-10-21,212.50,214.750076,212.50,212.875046,1652800,4.716031
1975-10-20,208.00,211.875046,208.00,211.50,912000,4.685568
1975-10-17,209.375046,210.50,207.249924,207.249924,912000,4.591412
1975-10-16,208.750076,212.50,208.624954,209.375046,1300800,4.638492
1975-10-15,208.50,210.00,207.50,208.750076,1136000,4.624646
1975-10-14,210.50,213.00,208.00,208.50,1566400,4.619106
1975-10-13,206.00,210.50,205.249924,210.50,947200,4.663414
1975-10-10,205.249924,207.00,203.750076,206.00,1182400,4.563721
1975-10-09,206.00,209.249924,204.750076,205.249924,2057600,4.547104
1975-10-08,201.249924,206.750076,201.00,206.00,1624000,4.563721
1975-10-07,201.00,202.375046,197.50,201.249924,1718400,4.458488
1975-10-06,200.124954,203.50,200.124954,201.00,2494400,4.452951
1975-10-03,189.00,195.50,189.00,195.249924,1441600,4.325564
1975-10-02,183.750076,188.750076,183.750076,188.750076,920000,4.181567
1975-10-01,188.249924,189.750076,183.249924,183.375046,1124800,4.062488
1975-09-30,190.750076,191.00,188.00,188.249924,937600,4.170486
1975-09-29,195.00,195.00,190.750076,190.750076,1056000,4.225875
1975-09-26,192.124954,196.249924,192.124954,196.00,860800,4.342181
1975-09-25,191.00,193.00,190.00,192.00,902400,4.253565
1975-09-24,190.50,193.249924,190.50,191.00,1451200,4.231411
1975-09-23,186.50,188.750076,185.50,188.50,1043200,4.176026
1975-09-22,189.249924,190.249924,186.00,186.50,985600,4.131719
1975-09-19,186.249924,190.00,185.750076,189.249924,1520000,4.19264
1975-09-18,180.00,186.50,180.00,186.249924,976000,4.126178
1975-09-17,178.624954,180.624954,178.624954,179.750076,497600,3.982181
1975-09-16,179.875046,180.249924,177.750076,178.124954,689600,3.946178
1975-09-15,180.00,180.00,178.00,179.875046,440000,3.984949
1975-09-12,181.249924,183.00,179.00,180.00,928000,3.987718
1975-09-11,180.00,182.750076,179.50,181.249924,915200,4.015408
1975-09-10,179.00,180.750076,177.624954,180.00,964800,3.987718
1975-09-09,183.50,185.875046,179.00,179.00,1116800,3.965564
1975-09-08,180.00,183.50,179.50,183.50,510400,4.065257
1975-09-05,182.00,182.00,179.750076,180.00,644800,3.987718
1975-09-04,182.750076,183.750076,181.50,182.00,774400,4.032026
1975-09-03,181.249924,182.750076,179.624954,182.750076,800000,4.048643
1975-09-02,186.249924,186.50,180.750076,181.249924,609600,4.015408
1975-08-29,186.249924,187.50,185.750076,186.249924,836800,4.126178
1975-08-28,181.50,186.50,181.50,186.249924,948800,4.126178
1975-08-27,178.249924,181.00,178.249924,181.00,692800,4.009872
1975-08-26,181.750076,181.750076,178.249924,178.249924,552000,3.948946
1975-08-25,180.249924,182.00,180.00,182.00,740800,4.032026
1975-08-22,177.750076,180.249924,177.750076,180.249924,712000,3.993254
1975-08-21,176.50,178.750076,176.249924,177.50,889600,3.932333
1975-08-20,178.124954,178.124954,176.00,176.50,1046400,3.910179
1975-08-19,182.00,182.249924,177.750076,178.249924,644800,3.948946
1975-08-18,182.249924,183.750076,181.624954,182.00,467200,4.032026
1975-08-15,179.750076,182.249924,179.750076,182.249924,619200,4.037562
1975-08-14,177.750076,181.00,177.750076,179.750076,705600,3.982181
1975-08-13,182.00,182.249924,177.124954,177.50,1060800,3.932333
1975-08-12,183.50,185.375046,181.624954,182.00,1080000,4.032026
1975-08-11,180.124954,183.50,180.124954,183.50,459200,4.065257
1975-08-08,183.00,183.750076,179.50,180.00,1120000,3.987718
1975-08-07,185.750076,185.750076,182.00,183.00,828800,4.05418
1975-08-06,184.375046,186.249924,184.375046,186.00,1139200,4.08187
1975-08-05,187.750076,188.750076,184.375046,184.375046,1192000,4.04621
1975-08-04,189.249924,190.249924,187.750076,187.750076,840000,4.120277
1975-08-01,190.249924,190.750076,188.00,189.249924,1006400,4.153192
1975-07-31,194.875046,195.249924,190.00,190.249924,1105600,4.175137
1975-07-30,192.00,194.875046,191.249924,194.875046,1064000,4.276638
1975-07-29,190.624954,194.00,190.375046,192.00,1158400,4.213544
1975-07-28,190.50,192.249924,190.249924,190.624954,723200,4.183368
1975-07-25,194.249924,194.50,189.750076,190.50,1516800,4.180625
1975-07-24,193.00,194.50,191.50,194.249924,1360000,4.262919
1975-07-23,197.50,198.750076,192.00,193.00,1396800,4.235489
1975-07-22,199.249924,199.249924,197.124954,197.50,1467200,4.334244
1975-07-21,201.875046,203.50,199.50,201.00,1011200,4.411054
1975-07-18,201.875046,201.875046,199.249924,201.875046,1569600,4.430257
1975-07-17,204.624954,205.249924,201.50,202.375046,1150400,4.44123
1975-07-16,206.750076,207.750076,203.50,204.624954,1006400,4.490605
1975-07-15,208.00,209.50,206.249924,206.750076,878400,4.537242
1975-07-14,205.50,208.00,205.00,208.00,793600,4.564672
1975-07-11,204.750076,208.00,202.50,205.50,1451200,4.509808
1975-07-10,209.249924,209.249924,204.750076,204.750076,1168000,4.493351
1975-07-09,206.750076,210.00,206.750076,209.50,961600,4.597591
1975-07-08,204.00,206.50,203.624954,206.124954,832000,4.523523
1975-07-07,206.50,207.00,203.875046,204.00,902400,4.47689
1975-07-03,206.875046,208.00,206.249924,206.50,689600,4.531754
1975-07-02,207.50,207.50,205.50,206.875046,857600,4.539985
1975-07-01,209.00,210.750076,208.124954,208.50,710400,4.575645
1975-06-30,209.00,211.00,208.249924,209.00,720000,4.586618
1975-06-27,209.249924,211.50,208.249924,209.00,601600,4.586618
1975-06-26,210.50,210.50,208.00,209.249924,998400,4.592103
1975-06-25,211.50,213.249924,210.00,210.50,883200,4.619536
1975-06-24,213.00,215.375046,211.249924,211.50,1137600,4.641482
1975-06-23,206.375046,213.00,206.249924,213.00,678400,4.6744
1975-06-20,208.375046,210.249924,204.50,206.375046,1275200,4.529012
1975-06-19,204.249924,208.375046,204.00,208.375046,1064000,4.572903
1975-06-18,203.50,205.50,203.00,204.249924,905600,4.482375
1975-06-17,208.249924,209.00,203.50,203.50,1024000,4.465917
1975-06-16,206.124954,208.50,205.750076,208.249924,806400,4.570157
1975-06-13,208.50,208.750076,206.00,206.124954,1430400,4.523523
1975-06-12,210.249924,211.750076,208.00,208.50,836800,4.575645
1975-06-11,211.50,213.249924,210.249924,210.249924,980800,4.614048
1975-06-10,212.00,212.875046,210.50,211.50,811200,4.641482
1975-06-09,213.50,215.00,212.00,212.00,776000,4.652454
1975-06-06,217.624954,217.624954,213.249924,213.50,841600,4.685373
1975-06-05,216.624954,218.00,214.50,218.00,937600,4.784128
1975-06-04,218.50,218.750076,216.624954,216.624954,721600,4.753952
1975-06-03,218.00,219.750076,216.50,218.50,913600,4.7951
1975-06-02,217.00,219.249924,217.00,218.00,622400,4.784128
1975-05-30,213.50,215.750076,213.50,215.00,739200,4.718291
1975-05-29,213.375046,215.00,212.50,212.50,608000,4.663427
1975-05-28,216.124954,216.50,213.00,213.375046,579200,4.682631
1975-05-27,218.875046,219.00,215.50,216.124954,702400,4.742979
1975-05-23,214.249924,219.375046,214.249924,218.875046,851200,4.803331
1975-05-22,212.750076,216.00,212.750076,214.00,846400,4.696346
1975-05-21,216.00,216.50,212.00,212.750076,1363200,4.668915
1975-05-20,219.00,220.00,216.00,216.00,886400,4.740237
1975-05-19,216.624954,219.249924,214.50,219.00,801600,4.806073
1975-05-16,217.50,219.249924,216.249924,216.624954,976000,4.753952
1975-05-15,223.50,226.375046,216.00,217.50,1713600,4.773155
1975-05-14,223.50,227.375046,223.00,223.50,1958400,4.904828
1975-05-13,216.249924,223.50,216.249924,223.50,1976000,4.904828
1975-05-12,215.249924,218.750076,215.249924,216.00,1555200,4.740237
1975-05-09,210.50,214.50,210.50,214.50,1112000,4.707318
1975-05-08,211.50,211.50,208.50,209.750076,745600,4.603079
1975-05-07,209.750076,212.50,208.50,212.375046,1008000,4.627767
1975-05-06,213.750076,214.875046,208.750076,209.750076,1305600,4.570567
1975-05-05,207.624954,215.00,206.249924,213.750076,1195200,4.657729
1975-05-02,209.249924,210.750076,206.00,207.624954,1121600,4.524259
1975-05-01,209.875046,212.50,207.624954,209.249924,1110400,4.559668
1975-04-30,202.249924,210.00,201.750076,209.875046,1099200,4.57329
1975-04-29,202.50,204.00,200.00,202.249924,1236800,4.407135
1975-04-28,206.00,207.00,202.50,202.50,1120000,4.412584
1975-04-25,206.875046,210.00,205.124954,206.00,872000,4.488851
1975-04-24,208.00,209.00,206.249924,206.875046,1139200,4.507919
1975-04-23,211.750076,211.750076,208.00,208.00,980800,4.532432
1975-04-22,213.750076,215.750076,211.00,211.875046,745600,4.616871
1975-04-21,210.249924,215.249924,210.249924,213.750076,894400,4.657729
1975-04-18,212.50,212.875046,208.00,209.375046,1041600,4.562395
1975-04-17,212.750076,217.375046,212.249924,212.50,1659200,4.630489
1975-04-16,209.50,212.750076,207.750076,212.750076,1156800,4.635939
1975-04-15,209.50,212.00,207.50,209.50,1315200,4.565118
1975-04-14,205.00,209.50,204.750076,209.50,793600,4.565118
1975-04-11,206.249924,206.249924,201.50,205.00,1558400,4.46706
1975-04-10,209.50,212.50,207.00,208.124954,1660800,4.535155
1975-04-09,202.249924,210.50,202.249924,209.50,1595200,4.565118
1975-04-08,198.750076,201.50,198.750076,201.50,787200,4.390793
1975-04-07,198.00,198.375046,196.249924,197.875046,668800,4.311804
1975-04-04,198.00,200.50,197.249924,198.00,1400000,4.314527
1975-04-03,203.750076,204.249924,198.00,198.00,1393600,4.314527
1975-04-02,206.124954,207.750076,203.50,203.750076,1056000,4.439824
1975-04-01,206.624954,207.50,204.875046,206.124954,872000,4.491574
1975-03-31,207.50,208.50,205.750076,206.624954,796800,4.502469
1975-03-27,209.875046,210.50,206.249924,207.50,889600,4.521537
1975-03-26,210.00,212.00,208.750076,209.875046,892800,4.57329
1975-03-25,204.624954,210.50,203.249924,210.00,1361600,4.576013
1975-03-24,206.249924,206.249924,203.50,204.624954,1188800,4.458888
1975-03-21,209.50,210.00,208.124954,209.124954,956800,4.556945
1975-03-20,214.50,216.375046,209.00,209.50,1201600,4.565118
1975-03-19,214.750076,214.750076,213.00,214.50,1099200,4.67407
1975-03-18,218.750076,219.375046,214.124954,214.750076,1089600,4.67952
1975-03-17,215.750076,218.750076,215.750076,218.750076,942400,4.766682
1975-03-14,217.00,218.249924,215.249924,215.50,934400,4.695861
1975-03-13,213.00,217.00,212.50,217.00,939200,4.728547
1975-03-12,215.50,216.00,213.00,213.00,1243200,4.641385
1975-03-11,219.50,221.00,215.50,215.50,1081600,4.695861
1975-03-10,217.00,220.50,215.750076,219.50,931200,4.783023
1975-03-07,219.249924,220.124954,217.00,217.00,980800,4.728547
1975-03-06,215.375046,219.249924,213.750076,219.249924,902400,4.777574
1975-03-05,214.50,220.249924,214.249924,215.375046,1867200,4.693138
1975-03-04,220.00,224.750076,214.249924,214.50,2065600,4.67407
1975-03-03,216.00,220.00,216.00,220.00,1267200,4.793918
1975-02-28,212.249924,215.750076,211.875046,215.50,1094400,4.695861
1975-02-27,212.00,214.00,211.50,212.249924,1184000,4.62504
1975-02-26,207.50,212.50,207.50,212.00,1521600,4.619594
1975-02-25,209.750076,209.750076,206.00,207.50,1883200,4.521537
1975-02-24,217.750076,217.750076,212.00,212.00,1427200,4.619594
1975-02-21,217.750076,220.750076,217.50,218.249924,1390400,4.755783
1975-02-20,217.750076,218.875046,214.750076,217.750076,1156800,4.744891
1975-02-19,212.00,217.750076,211.50,217.750076,1296000,4.744891
1975-02-18,220.124954,220.750076,210.50,212.00,1796800,4.619594
1975-02-14,215.50,221.00,214.00,220.124954,1913600,4.796641
1975-02-13,213.249924,218.249924,213.249924,215.50,2873600,4.695861
1975-02-12,201.624954,210.50,201.624954,210.249924,1700800,4.581459
1975-02-11,198.624954,201.875046,196.750076,201.624954,1390400,4.393516
1975-02-10,198.249924,201.875046,198.249924,198.624954,1233600,4.328145
1975-02-07,196.00,197.750076,192.50,197.624954,1204800,4.306354
1975-02-06,199.875046,202.00,195.249924,196.00,2265600,4.270945
1975-02-05,191.750076,199.875046,191.249924,199.875046,2156800,4.322699
1975-02-04,193.00,194.750076,188.00,191.750076,1435200,4.14698
1975-02-03,188.249924,193.00,187.249924,193.00,1476800,4.174012
1975-01-31,183.249924,189.00,183.249924,188.249924,1542400,4.071282
1975-01-30,187.249924,191.50,182.00,182.875046,3721600,3.95504
1975-01-29,179.750076,188.00,179.624954,187.249924,3404800,4.049655
1975-01-28,179.249924,188.00,179.249924,179.750076,4574400,3.887456
1975-01-27,162.875046,162.875046,162.875046,162.875046,000,3.5225
1975-01-24,163.00,164.624954,162.00,162.875046,1009600,3.5225
1975-01-23,163.50,165.249924,162.124954,163.00,1209600,3.525202
1975-01-22,159.624954,163.50,158.50,163.50,918400,3.536016
1975-01-21,160.00,162.249924,159.50,159.624954,1158400,3.45221
1975-01-20,158.124954,160.00,157.249924,160.00,1081600,3.460321
1975-01-17,160.750076,160.750076,157.875046,158.124954,1510400,3.41977
1975-01-16,163.50,164.50,160.249924,160.750076,1920000,3.476543
1975-01-15,168.249924,170.00,157.50,163.50,3460800,3.536016
1975-01-14,169.249924,170.50,167.750076,168.249924,899200,3.638742
1975-01-13,171.249924,172.50,169.00,169.249924,1014400,3.660369
1975-01-10,169.624954,173.00,169.624954,171.249924,1972800,3.703623
1975-01-09,163.249924,168.50,162.624954,168.50,907200,3.644151
1975-01-08,165.750076,167.124954,163.249924,163.249924,939200,3.530607
1975-01-07,166.50,166.50,163.50,165.750076,784000,3.584678
1975-01-06,167.50,170.249924,165.50,166.624954,848000,3.603599
1975-01-03,168.875046,171.249924,166.750076,167.50,1248000,3.622524
1975-01-02,168.249924,171.375046,168.249924,168.875046,721600,3.652262
1974-12-31,166.00,168.875046,166.00,168.00,782400,3.633337
1974-12-30,162.249924,164.249924,160.124954,164.249924,1044800,3.552234
1974-12-27,165.00,166.00,161.750076,162.249924,828800,3.50898
1974-12-26,167.375046,168.750076,164.50,165.00,676800,3.568456
1974-12-24,166.00,167.50,166.00,167.375046,662400,3.619821
1974-12-23,169.50,170.00,165.00,165.750076,1153600,3.584678
1974-12-20,169.00,170.00,168.00,169.50,830400,3.665778
1974-12-19,170.00,171.00,168.00,169.00,1153600,3.654964
1974-12-18,171.624954,173.249924,169.750076,170.00,1043200,3.676591
1974-12-17,165.249924,171.624954,165.00,171.624954,1163200,3.711734
1974-12-16,167.249924,168.249924,165.00,165.249924,835200,3.573861
1974-12-13,169.50,170.50,165.375046,167.249924,900800,3.617115
1974-12-12,171.750076,173.00,169.124954,169.50,1006400,3.665778
1974-12-11,172.00,175.624954,171.124954,171.750076,1662400,3.71444
1974-12-10,170.249924,174.00,170.249924,172.00,1115200,3.719845
1974-12-09,164.50,168.50,162.50,168.50,1024000,3.644151
1974-12-06,165.750076,165.750076,162.50,164.50,1075200,3.557643
1974-12-05,169.750076,171.50,166.124954,166.249924,748800,3.595488
1974-12-04,168.124954,172.750076,166.124954,169.750076,872000,3.671186
1974-12-03,170.50,170.50,168.00,168.124954,1260800,3.63604
1974-12-02,175.50,175.50,170.50,170.750076,619200,3.692813
1974-11-29,178.249924,178.750076,176.50,177.249924,467200,3.833385
1974-11-27,177.00,181.50,177.00,178.249924,993600,3.855012
1974-11-26,174.00,178.249924,172.50,177.00,819200,3.82798
1974-11-25,170.50,174.50,168.50,174.00,720000,3.763099
1974-11-22,171.50,175.249924,170.50,170.50,1016000,3.687405
1974-11-21,168.50,173.00,166.750076,171.50,1044800,3.709032
1974-11-20,169.50,171.875046,167.50,168.50,852800,3.644151
1974-11-19,173.875046,174.750076,169.00,169.50,1446400,3.665778
1974-11-18,177.50,177.50,173.750076,173.875046,1156800,3.760397
1974-11-15,182.124954,184.00,180.00,180.249924,521600,3.898266
1974-11-14,184.750076,187.750076,182.00,182.124954,992000,3.938818
1974-11-13,185.00,186.249924,183.00,184.750076,1206400,3.995591
1974-11-12,189.875046,189.875046,184.750076,185.00,995200,4.000996
1974-11-11,190.50,191.750076,188.249924,190.00,496000,4.109131
1974-11-08,187.249924,191.00,186.750076,190.50,934400,4.119945
1974-11-07,185.50,191.249924,185.50,187.249924,2040000,4.049655
1974-11-06,195.875046,200.00,183.249924,184.00,2566400,3.979369
1974-11-05,189.50,196.00,189.50,195.875046,1121600,4.20375
1974-11-04,191.249924,191.249924,186.00,189.50,801600,4.066933
1974-11-01,189.124954,193.50,187.249924,191.50,972800,4.109856
1974-10-31,193.00,194.249924,189.00,189.124954,1208000,4.058884
1974-10-30,191.750076,197.00,188.50,193.00,1985600,4.142048
1974-10-29,184.249924,191.750076,184.249924,191.750076,1316800,4.115223
1974-10-28,177.249924,181.249924,176.249924,180.750076,523200,3.879148
1974-10-25,181.249924,183.750076,177.249924,177.249924,969600,3.804029
1974-10-24,181.249924,181.249924,175.875046,181.249924,1372800,3.889875
1974-10-23,185.50,185.50,181.249924,182.00,1108800,3.905973
1974-10-22,192.50,195.50,186.50,187.750076,1611200,4.029377
1974-10-21,184.249924,192.50,182.249924,192.50,1128000,4.131317
1974-10-18,182.50,186.750076,182.50,184.249924,1456000,3.954259
1974-10-17,177.124954,181.50,175.249924,180.00,1060800,3.86305
1974-10-16,177.249924,181.00,174.50,177.124954,1091200,3.801347
1974-10-15,179.00,182.00,176.124954,177.249924,1072000,3.804029
1974-10-14,178.00,184.00,176.249924,179.00,1417600,3.841588
1974-10-11,176.124954,179.375046,174.00,178.00,1534400,3.820127
1974-10-10,175.375046,179.50,175.375046,176.124954,2371200,3.779886
1974-10-09,162.00,172.00,160.50,172.00,1393600,3.691359
1974-10-08,164.124954,164.50,160.750076,162.00,1392000,3.476745
1974-10-07,159.249924,164.750076,159.249924,164.124954,974400,3.522349
1974-10-04,157.750076,159.50,154.249924,156.249924,1187200,3.35334
1974-10-03,159.50,160.50,155.624954,157.750076,897600,3.385536
1974-10-02,160.249924,163.50,158.50,159.50,1022400,3.423091
1974-10-01,159.00,161.750076,154.249924,160.249924,2012800,3.439186
1974-09-30,159.50,159.50,153.50,159.00,1345600,3.412361
1974-09-27,164.00,166.750076,160.00,160.875046,830400,3.452602
1974-09-26,164.00,164.00,160.249924,164.00,412800,3.519668
1974-09-25,166.750076,171.00,165.00,165.00,955200,3.541129
1974-09-24,168.00,168.00,164.750076,166.750076,752000,3.578688
1974-09-23,171.50,175.00,168.249924,169.249924,952000,3.632338
1974-09-20,170.50,173.50,166.50,171.50,1289600,3.680628
1974-09-19,169.249924,173.750076,169.249924,170.50,1534400,3.659167
1974-09-18,161.875046,166.50,158.00,166.50,1212800,3.573321
1974-09-17,161.750076,168.50,161.750076,161.875046,1404800,3.474063
1974-09-16,152.00,159.750076,150.50,159.624954,1745600,3.425773
1974-09-13,156.50,157.249924,150.50,152.00,2096000,3.262131
1974-09-12,165.00,165.00,155.249924,156.50,1811200,3.358707
1974-09-11,171.50,172.249924,165.124954,165.124954,1128000,3.543811
1974-09-10,173.00,175.249924,170.249924,171.50,1113600,3.680628
1974-09-09,178.50,178.50,171.750076,173.00,947200,3.71282
1974-09-06,182.249924,185.50,179.00,179.00,1012800,3.841588
1974-09-05,180.00,183.50,176.50,182.249924,1348800,3.911336
1974-09-04,180.00,180.00,173.50,180.00,2585600,3.86305
1974-09-03,192.00,192.50,183.50,183.50,1166400,3.938165
1974-08-30,190.249924,193.50,190.249924,192.00,1046400,4.120587
1974-08-29,191.249924,192.00,188.249924,188.750076,816000,4.050839
1974-08-28,192.00,195.00,190.750076,191.249924,1022400,4.104489
1974-08-27,193.50,194.249924,190.00,192.00,841600,4.120587
1974-08-26,190.00,196.50,188.249924,193.50,1161600,4.152779
1974-08-23,192.750076,195.249924,189.00,190.00,852800,4.077664
1974-08-22,192.00,196.50,189.00,192.750076,1313600,4.136684
1974-08-21,199.750076,200.00,192.00,192.00,940800,4.120587
1974-08-20,196.750076,200.50,195.249924,199.750076,955200,4.286914
1974-08-19,196.750076,196.750076,193.50,196.750076,988800,4.22253
1974-08-16,200.00,201.00,198.50,198.50,648000,4.260086
1974-08-15,200.00,202.50,198.50,200.00,908800,4.292278
1974-08-14,202.00,202.00,199.00,200.00,784000,4.292278
1974-08-13,203.00,203.750076,199.750076,202.249924,686400,4.340564
1974-08-12,208.50,209.750076,202.50,203.00,798400,4.356662
1974-08-09,208.50,210.750076,206.00,208.50,784000,4.474699
1974-08-08,214.750076,215.00,207.00,208.50,1289600,4.474699
1974-08-07,208.750076,215.00,207.750076,214.750076,1059200,4.576643
1974-08-06,207.00,211.750076,207.00,208.750076,1137600,4.448774
1974-08-05,200.875046,206.875046,200.875046,204.249924,777600,4.352869
1974-08-02,201.750076,203.50,200.624954,200.750076,438400,4.278282
1974-08-01,201.624954,203.750076,198.624954,201.750076,907200,4.299594
1974-07-31,207.50,207.50,201.624954,201.624954,440000,4.296927
1974-07-30,203.00,207.50,202.249924,207.50,536000,4.422133
1974-07-29,203.50,203.50,201.249924,203.00,638400,4.326231
1974-07-26,214.50,214.50,204.750076,206.249924,782400,4.395492
1974-07-25,221.00,222.750076,213.750076,214.750076,742400,4.576643
1974-07-24,222.249924,222.750076,219.50,221.00,560000,4.709838
1974-07-23,221.00,223.875046,221.00,222.249924,793600,4.736476
1974-07-22,217.750076,219.875046,214.750076,219.875046,588800,4.685864
1974-07-19,217.00,220.00,217.00,217.750076,532800,4.640577
1974-07-18,217.750076,221.50,216.50,217.00,860800,4.624592
1974-07-17,213.750076,217.750076,210.50,217.750076,768000,4.640577
1974-07-16,216.00,216.00,213.00,213.750076,692800,4.555331
1974-07-15,215.50,221.00,215.50,219.00,1065600,4.667215
1974-07-12,203.249924,215.00,203.249924,215.00,1243200,4.581969
1974-07-11,197.750076,200.750076,196.249924,198.750076,1033600,4.235659
1974-07-10,201.750076,203.00,197.00,197.750076,787200,4.214348
1974-07-09,199.00,203.00,198.750076,201.750076,1051200,4.299594
1974-07-08,202.249924,202.249924,198.124954,199.00,1211200,4.240985
1974-07-05,209.124954,209.124954,205.249924,205.750076,484800,4.38484
1974-07-03,211.50,213.249924,210.00,210.00,707200,4.475412
1974-07-02,212.750076,213.50,210.249924,211.50,534400,4.507379
1974-07-01,212.750076,213.50,211.50,212.750076,539200,4.53402
1974-06-28,212.00,214.00,210.00,212.750076,648000,4.53402
1974-06-27,215.00,215.00,211.249924,212.00,536000,4.518035
1974-06-26,220.50,220.50,216.00,216.249924,492800,4.608607
1974-06-25,215.750076,221.50,215.750076,221.50,472000,4.720494
1974-06-24,213.00,215.750076,211.249924,215.750076,350400,4.597954
1974-06-21,213.750076,213.750076,210.50,213.00,710400,4.539346
1974-06-20,216.50,218.00,213.50,213.750076,379200,4.555331
1974-06-19,216.00,218.50,216.00,216.50,345600,4.613936
1974-06-18,218.750076,219.50,215.50,216.00,676800,4.603281
1974-06-17,222.00,222.00,218.249924,218.750076,446400,4.661889
1974-06-14,226.750076,226.750076,222.750076,222.750076,502400,4.747135
1974-06-13,225.00,228.249924,225.00,227.50,384000,4.848363
1974-06-12,226.00,226.00,222.750076,224.750076,545600,4.789758
1974-06-11,229.00,229.00,226.249924,226.50,488000,4.827051
1974-06-10,229.249924,230.50,226.00,230.249924,534400,4.906968
1974-06-07,228.750076,232.00,228.750076,229.249924,1048000,4.885656
1974-06-06,220.375046,227.750076,219.50,227.50,641600,4.848363
1974-06-05,220.50,222.50,218.750076,220.375046,428800,4.696519
1974-06-04,219.00,222.00,218.750076,220.50,784000,4.699182
1974-06-03,212.50,219.00,211.00,219.00,606400,4.667215
1974-05-31,214.50,215.00,212.00,212.50,456000,4.52869
1974-05-30,210.624954,214.750076,209.624954,214.50,731200,4.571313
1974-05-29,217.00,217.875046,210.50,210.624954,625600,4.48873
1974-05-28,218.750076,219.50,216.50,217.00,496000,4.624592
1974-05-24,216.249924,218.750076,215.00,218.750076,688000,4.661889
1974-05-23,216.124954,216.750076,212.50,216.249924,617600,4.608607
1974-05-22,217.50,220.249924,215.00,216.124954,444800,4.605944
1974-05-21,218.249924,221.50,217.124954,217.50,524800,4.635248
1974-05-20,218.249924,220.750076,217.50,218.249924,504000,4.65123
1974-05-17,219.750076,219.750076,217.50,218.249924,449600,4.65123
1974-05-16,222.375046,223.750076,220.00,220.00,382400,4.688527
1974-05-15,223.00,223.50,220.624954,222.375046,382400,4.739142
1974-05-14,221.750076,224.50,221.750076,223.00,387200,4.752461
1974-05-13,224.00,224.00,219.124954,221.50,764800,4.720494
1974-05-10,230.50,230.50,222.624954,224.00,820800,4.773772
1974-05-09,226.00,230.750076,225.50,230.50,632000,4.912297
1974-05-08,228.124954,228.50,225.50,226.00,452800,4.816395
1974-05-07,224.249924,228.50,224.249924,228.124954,288000,4.834403
1974-05-06,224.50,224.50,221.50,224.249924,478400,4.752283
1974-05-03,228.750076,228.750076,224.50,226.249924,374400,4.794667
1974-05-02,230.00,232.00,228.00,229.375046,588800,4.860894
1974-05-01,227.249924,231.750076,225.750076,230.00,609600,4.874138
1974-04-30,224.50,229.00,223.50,227.249924,577600,4.815859
1974-04-29,225.00,225.00,221.875046,224.50,600000,4.757583
1974-04-26,222.00,226.750076,222.00,225.50,504000,4.778775
1974-04-25,222.50,222.50,218.750076,221.624954,956800,4.696655
1974-04-24,227.249924,227.750076,223.50,223.624954,772800,4.739039
1974-04-23,230.375046,230.375046,227.249924,227.249924,475200,4.815859
1974-04-22,231.624954,232.50,229.750076,230.50,428800,4.884734
1974-04-19,233.750076,233.750076,231.249924,231.624954,467200,4.908574
1974-04-18,234.249924,237.00,234.00,235.00,334400,4.980098
1974-04-17,234.249924,235.50,231.249924,234.249924,553600,4.964202
1974-04-16,231.249924,234.50,231.249924,234.249924,484800,4.964202
1974-04-15,229.50,233.50,229.249924,230.50,494400,4.884734
1974-04-11,230.249924,232.00,229.50,229.50,576000,4.863542
1974-04-10,233.00,234.50,230.00,230.249924,625600,4.879435
1974-04-09,230.750076,235.00,230.624954,233.00,428800,4.937714
1974-04-08,233.50,233.50,230.249924,230.750076,430400,4.890034
1974-04-05,236.50,236.50,233.249924,233.50,500800,4.94831
1974-04-04,239.249924,242.50,238.50,240.124954,582400,5.088706
1974-04-03,235.00,239.50,235.00,239.249924,480000,5.070162
1974-04-02,231.624954,235.249924,231.624954,234.00,505600,4.958906
1974-04-01,235.750076,236.50,228.50,229.750076,750400,4.868842
1974-03-29,239.750076,240.249924,235.00,235.750076,600000,4.995993
1974-03-28,242.50,242.50,239.00,239.750076,656000,5.080761
1974-03-27,249.00,249.00,244.00,244.00,603200,5.170825
1974-03-26,248.00,250.750076,248.00,250.00,683200,5.297977
1974-03-25,243.50,247.750076,241.00,247.50,472000,5.244997
1974-03-22,243.00,244.50,241.50,243.50,419200,5.160229
1974-03-21,246.249924,247.750076,242.50,243.00,620800,5.149633
1974-03-20,245.750076,246.750076,245.124954,246.249924,360000,5.218505
1974-03-19,247.50,247.50,245.249924,245.750076,320000,5.207913
1974-03-18,249.249924,250.750076,247.375046,247.50,468800,5.244997
1974-03-15,248.750076,250.50,246.750076,249.249924,513600,5.282081
1974-03-14,250.00,251.50,247.00,248.750076,902400,5.271488
1974-03-13,249.50,254.00,249.124954,250.00,561600,5.297977
1974-03-12,246.50,251.50,246.50,249.50,1092800,5.287381
1974-03-11,240.50,246.50,236.50,246.50,697600,5.223805
1974-03-08,239.750076,243.249924,237.50,240.50,556800,5.096653
1974-03-07,244.249924,244.750076,238.249924,239.750076,443200,5.080761
1974-03-06,241.750076,244.50,240.249924,244.249924,574400,5.176121
1974-03-05,238.249924,242.00,238.249924,241.750076,812800,5.123145
1974-03-04,236.00,236.750076,231.50,236.750076,520000,5.017185
1974-03-01,237.875046,238.249924,235.50,236.00,478400,5.00129
1974-02-28,237.00,238.00,236.00,237.875046,419200,5.041026
1974-02-27,237.750076,240.00,235.750076,237.00,886400,5.022482
1974-02-26,235.750076,237.750076,233.50,237.750076,488000,5.038377
1974-02-25,236.50,237.50,233.875046,235.750076,420800,4.995993
1974-02-22,237.00,237.00,232.750076,236.50,611200,5.011886
1974-02-21,235.750076,238.00,235.750076,237.50,480000,5.033078
1974-02-20,231.750076,235.50,228.750076,235.50,536000,4.990694
1974-02-19,233.50,238.00,230.750076,231.750076,667200,4.911226
1974-02-15,227.50,233.50,227.50,233.50,561600,4.94831
1974-02-14,229.249924,229.50,225.00,226.50,617600,4.799967
1974-02-13,228.249924,232.00,228.00,229.249924,593600,4.858243
1974-02-12,228.00,230.00,226.50,228.249924,489600,4.837051
1974-02-11,233.124954,233.50,226.50,228.00,580800,4.831755
1974-02-08,236.249924,237.249924,232.50,233.124954,465600,4.940362
1974-02-07,237.249924,237.249924,234.00,236.249924,403200,5.006586
1974-02-06,236.750076,238.50,235.50,237.249924,364800,5.027778
1974-02-05,237.00,239.50,235.249924,236.750076,420800,4.99006
1974-02-04,240.750076,240.750076,237.00,237.00,497600,4.995327
1974-02-01,244.50,244.50,240.249924,241.249924,491200,5.084905
1974-01-31,246.249924,249.750076,245.124954,245.249924,564800,5.169214
1974-01-30,245.249924,248.50,245.249924,246.249924,558400,5.190291
1974-01-29,244.249924,244.249924,240.50,243.249924,505600,5.127059
1974-01-28,247.00,248.00,244.00,244.375046,488000,5.150774
1974-01-25,246.50,248.750076,245.00,247.00,433600,5.206101
1974-01-24,248.00,248.249924,244.00,246.50,401600,5.195562
1974-01-23,249.750076,250.00,247.750076,248.00,608000,5.227178
1974-01-22,245.00,249.750076,243.249924,249.750076,496000,5.264065
1974-01-21,245.00,245.00,238.249924,245.00,681600,5.163946
1974-01-18,250.750076,251.00,245.50,246.00,792000,5.185023
1974-01-17,247.249924,251.50,247.249924,250.750076,888000,5.285142
1974-01-16,239.124954,244.50,238.750076,243.750076,680000,5.137601
1974-01-15,237.00,242.249924,236.50,239.124954,649600,5.040116
1974-01-14,240.00,245.750076,235.00,237.00,880000,4.995327
1974-01-11,232.00,240.00,232.00,240.00,659200,5.058559
1974-01-10,227.750076,235.00,227.50,229.00,816000,4.826709
1974-01-09,228.00,228.249924,225.249924,227.750076,617600,4.800364
1974-01-08,227.249924,230.750076,226.00,228.00,899200,4.805632
1974-01-07,230.750076,230.750076,225.00,227.249924,1155200,4.789822
1974-01-04,238.00,238.00,229.50,230.750076,1486400,4.863596
1974-01-03,242.750076,245.750076,238.750076,239.249924,859200,5.04275
1974-01-02,246.750076,247.00,241.00,242.750076,809600,5.116524
1973-12-31,249.249924,249.50,245.00,246.750076,564800,5.200833
1973-12-28,255.00,255.00,248.50,249.249924,486400,5.253523
1973-12-27,251.50,256.249908,251.50,255.00,702400,5.374719
1973-12-26,243.50,248.50,243.50,248.50,684800,5.237717
1973-12-24,239.00,239.00,235.124954,237.50,486400,5.005866
1973-12-21,243.00,244.00,239.750076,240.50,667200,5.069098
1973-12-20,250.750076,251.00,242.50,243.00,734400,5.121791
1973-12-19,249.50,254.00,248.249924,250.750076,758400,5.285142
1973-12-18,240.00,249.50,238.750076,249.50,713600,5.258794
1973-12-17,244.50,244.50,238.249924,240.00,718400,5.058559
1973-12-14,251.50,251.50,243.50,246.00,1622400,5.185023
1973-12-13,250.624954,255.00,250.50,252.00,478400,5.311487
1973-12-12,251.50,253.00,249.00,250.624954,872000,5.282505
1973-12-11,263.00,263.50,251.249924,251.50,1017600,5.300949
1973-12-10,265.00,266.00,261.00,263.00,934400,5.543338
1973-12-07,260.750092,267.00,259.50,265.00,852800,5.585493
1973-12-06,253.249924,260.750092,253.124954,260.750092,742400,5.495916
1973-12-05,255.249924,257.750092,253.00,253.249924,870400,5.337833
1973-12-04,258.50,260.50,255.249924,255.249924,899200,5.379987
1973-12-03,264.750092,264.750092,255.50,258.50,1004800,5.44849
1973-11-30,266.00,268.00,263.00,265.00,521600,5.585493
1973-11-29,269.249908,271.00,265.249908,266.00,702400,5.60657
1973-11-28,264.50,270.750092,264.50,269.249908,665600,5.675069
1973-11-27,266.00,268.249908,263.50,263.50,788800,5.553877
1973-11-26,269.50,269.50,266.00,266.00,784000,5.60657
1973-11-23,276.249908,276.249908,272.00,272.50,427200,5.743573
1973-11-21,272.00,277.750092,270.00,276.750092,848000,5.833153
1973-11-20,274.750092,274.750092,267.124969,272.00,1012800,5.733034
1973-11-19,284.50,284.624969,275.124969,276.00,668800,5.817343
1973-11-16,280.249908,288.249908,280.249908,284.50,833600,5.996501
1973-11-15,286.00,286.00,275.50,280.00,1083200,5.901653
1973-11-14,289.750092,290.00,283.750092,287.00,824000,6.049194
1973-11-13,287.00,290.00,287.00,289.750092,1001600,6.107159
1973-11-12,278.375031,284.750092,276.249908,284.249908,710400,5.991229
1973-11-09,282.00,282.00,278.249908,278.375031,540800,5.867403
1973-11-08,282.00,285.750092,282.00,282.249908,926400,5.949075
1973-11-07,276.00,279.50,275.50,276.750092,390400,5.809547
1973-11-06,276.750092,280.750092,276.00,276.00,531200,5.793801
1973-11-05,279.00,279.00,275.00,276.750092,644800,5.809547
1973-11-02,281.249908,285.00,280.00,280.249908,584000,5.883015
1973-11-01,280.249908,284.750092,278.50,281.249908,492800,5.904007
1973-10-31,278.50,281.750092,277.249908,280.249908,739200,5.883015
1973-10-30,284.750092,284.750092,278.50,278.50,820800,5.846281
1973-10-29,285.50,288.750092,284.00,285.00,635200,5.982729
1973-10-26,289.00,291.750092,283.00,285.50,974400,5.993225
1973-10-25,287.50,291.50,285.50,289.00,824000,6.066697
1973-10-24,286.00,288.750092,283.750092,287.50,393600,6.035209
1973-10-23,280.00,289.750092,275.249908,286.00,713600,6.003721
1973-10-22,288.249908,288.249908,280.00,280.00,667200,5.877769
1973-10-19,289.00,295.00,289.00,291.50,729600,6.119177
1973-10-18,283.249908,292.50,283.249908,287.50,1004800,6.035209
1973-10-17,281.875031,285.00,281.249908,283.249908,809600,5.945991
1973-10-16,279.249908,282.00,276.00,281.875031,649600,5.917129
1973-10-15,280.249908,280.249908,278.00,279.249908,633600,5.862023
1973-10-12,281.00,284.50,281.00,282.00,832000,5.919753
1973-10-11,277.50,283.750092,277.50,281.00,1324800,5.898761
1973-10-10,270.50,284.50,270.50,274.00,2347200,5.751817
1973-10-09,261.750092,261.750092,261.750092,261.750092,000,5.494666
1973-10-08,259.50,263.50,255.00,261.750092,796800,5.494666
1973-10-05,252.50,262.00,252.50,259.50,1121600,5.447432
1973-10-04,248.50,251.50,245.00,251.50,1713600,5.279496
1973-10-03,254.00,254.00,247.249924,248.50,2358400,5.21652
1973-10-02,257.50,257.50,253.50,255.50,760000,5.363464
1973-10-01,257.750092,257.750092,255.00,257.750092,630400,5.410698
1973-09-28,260.00,261.00,257.00,258.00,652800,5.415944
1973-09-27,260.50,264.50,259.00,260.00,822400,5.457928
1973-09-26,260.50,267.50,260.50,260.50,1033600,5.468424
1973-09-25,253.00,261.00,253.00,259.50,1249600,5.447432
1973-09-24,260.00,260.750092,250.50,251.50,1614400,5.279496
1973-09-21,264.50,264.50,258.00,260.00,1585600,5.457928
1973-09-20,270.750092,271.750092,266.00,268.750092,1545600,5.64161
1973-09-19,266.00,270.750092,266.00,270.750092,2176000,5.683594
1973-09-18,261.00,261.00,252.750076,259.50,4646400,5.447432
1973-09-17,285.124969,285.124969,270.750092,272.00,2640000,5.709833
1973-09-14,292.249908,298.00,290.50,298.00,510400,6.255625
1973-09-13,290.50,294.00,290.50,292.249908,508800,6.134919
1973-09-12,286.249908,292.50,286.249908,290.50,747200,6.098185
1973-09-11,291.50,291.50,285.249908,286.00,1142400,6.003721
1973-09-10,296.00,296.00,293.249908,293.249908,558400,6.155911
1973-09-07,298.249908,298.249908,296.00,296.124969,590400,6.216265
1973-09-06,297.750092,298.750092,297.50,298.249908,502400,6.260871
1973-09-05,296.875031,298.00,295.50,297.750092,644800,6.250379
1973-09-04,300.50,300.50,296.750092,296.875031,683200,6.23201
1973-08-31,303.00,303.00,299.00,301.00,417600,6.318601
1973-08-30,304.249908,304.249908,302.750092,303.249908,448000,6.365832
1973-08-29,304.00,305.00,302.50,304.249908,446400,6.386824
1973-08-28,304.50,306.50,303.249908,304.00,729600,6.381578
1973-08-27,298.249908,304.50,298.249908,304.50,456000,6.392074
1973-08-24,299.249908,299.750092,298.249908,298.249908,539200,6.260871
1973-08-23,298.00,300.249908,298.00,299.249908,438400,6.281863
1973-08-22,297.750092,300.00,297.249908,297.750092,457600,6.250379
1973-08-21,299.750092,300.750092,297.750092,297.750092,652800,6.250379
1973-08-20,300.50,301.249908,298.00,299.750092,326400,6.292363
1973-08-17,300.50,302.00,299.249908,300.50,334400,6.308105
1973-08-16,302.50,304.750092,300.249908,300.50,371200,6.308105
1973-08-15,299.750092,303.50,298.50,302.50,721600,6.350089
1973-08-14,301.50,303.50,299.00,299.750092,766400,6.292363
1973-08-13,301.249908,302.00,300.50,301.50,353600,6.329097
1973-08-10,303.50,305.50,300.624969,301.249908,534400,6.323848
1973-08-09,304.00,306.750092,303.249908,303.50,598400,6.371082
1973-08-08,306.00,306.00,304.00,304.00,595200,6.381578
1973-08-07,310.750092,310.750092,308.00,308.00,536000,6.442034
1973-08-06,311.50,312.750092,308.249908,311.00,500800,6.504782
1973-08-03,312.00,312.00,310.249908,311.50,227200,6.515239
1973-08-02,311.50,314.00,310.249908,313.00,510400,6.546613
1973-08-01,314.50,314.750092,311.00,311.50,572800,6.515239
1973-07-31,320.750092,323.50,314.50,314.50,668800,6.577987
1973-07-30,318.00,320.750092,316.249908,320.750092,438400,6.708712
1973-07-27,318.750092,320.750092,317.00,318.00,574400,6.651191
1973-07-26,319.00,322.249908,315.750092,318.750092,641600,6.66688
1973-07-25,314.00,322.50,314.00,319.00,1307200,6.672107
1973-07-24,312.750092,313.50,309.00,311.750092,670400,6.52047
1973-07-23,315.00,316.50,310.50,312.750092,484800,6.541386
1973-07-20,315.00,318.50,313.00,315.00,492800,6.588444
1973-07-19,314.249908,319.249908,312.50,315.00,806400,6.588444
1973-07-18,310.00,316.00,308.00,314.249908,806400,6.572756
1973-07-17,319.00,319.50,309.124969,310.00,628800,6.483866
1973-07-16,310.00,319.00,307.50,319.00,708800,6.672107
1973-07-13,313.750092,316.50,310.00,310.00,313600,6.483866
1973-07-12,319.00,319.00,313.750092,313.750092,699200,6.562302
1973-07-11,315.00,320.00,315.00,320.00,990400,6.693023
1973-07-10,308.249908,314.00,308.249908,314.00,1120000,6.567529
1973-07-09,300.249908,305.50,299.249908,305.50,680000,6.389745
1973-07-06,300.00,302.00,298.750092,300.249908,470400,6.279936
1973-07-05,298.50,301.00,296.50,300.00,588800,6.274709
1973-07-03,304.00,304.00,295.00,298.50,1688000,6.243335
1973-07-02,314.00,314.00,305.249908,305.249908,553600,6.384514
1973-06-29,319.50,319.50,315.750092,317.00,364800,6.630276
1973-06-28,313.249908,319.750092,313.00,319.750092,577600,6.687796
1973-06-27,312.750092,314.50,309.50,313.249908,446400,6.55184
1973-06-26,308.750092,315.50,306.00,312.750092,1084800,6.541386
1973-06-25,314.124969,314.124969,308.624969,308.750092,593600,6.457723
1973-06-22,315.50,320.00,315.249908,316.750092,617600,6.625049
1973-06-21,319.00,319.00,313.750092,315.50,422400,6.598902
1973-06-20,318.00,322.249908,317.750092,321.50,504000,6.724396
1973-06-19,314.00,318.00,311.124969,318.00,728000,6.651191
1973-06-18,317.00,317.00,312.875031,314.00,411200,6.567529
1973-06-15,319.750092,319.750092,315.50,318.249908,584000,6.656418
1973-06-14,328.50,328.50,320.00,321.00,726400,6.713939
1973-06-13,329.249908,333.50,328.50,329.50,907200,6.891722
1973-06-12,323.249908,330.00,323.249908,329.249908,763200,6.886491
1973-06-11,324.249908,327.00,322.50,323.00,516800,6.75577
1973-06-08,322.00,325.249908,321.00,324.249908,564800,6.781913
1973-06-07,318.50,332.50,318.50,322.00,649600,6.734854
1973-06-06,317.00,319.750092,313.124969,315.00,638400,6.588444
1973-06-05,309.750092,317.00,309.750092,317.00,712000,6.630276
1973-06-04,310.00,310.750092,307.124969,309.750092,662400,6.478639
1973-06-01,314.00,314.00,310.00,310.00,696000,6.483866
1973-05-31,319.00,319.750092,314.00,314.750092,755200,6.583217
1973-05-30,323.50,324.00,318.750092,319.00,622400,6.672107
1973-05-29,328.50,328.50,323.50,323.50,488000,6.766228
1973-05-25,400.499992,407.999992,397.50,407.999992,1259200,6.826883
1973-05-24,390.00,400.499992,390.00,400.499992,1283200,6.701389
1973-05-23,390.00,396.500015,389.000015,389.749985,953600,6.521514
1973-05-22,388.499985,393.75,388.499985,390.00,1099200,6.525697
1973-05-21,386.749992,386.749992,381.500015,386.749992,1443200,6.471316
1973-05-18,395.00,395.00,388.499985,389.000015,1419200,6.508965
1973-05-17,400.00,400.00,396.749992,397.000008,456000,6.642825
1973-05-16,400.00,402.000008,397.50,400.00,833600,6.693023
1973-05-15,396.124992,402.000008,392.249985,400.00,1321600,6.693023
1973-05-14,403.499985,403.499985,395.250015,396.124992,1400000,6.628184
1973-05-11,409.500008,409.500008,405.499992,405.625,673600,6.787143
1973-05-10,414.000015,415.499992,409.249992,410.499992,544000,6.868715
1973-05-09,422.000008,422.999992,414.000015,414.000015,635200,6.927279
1973-05-08,417.000008,422.000008,415.999985,422.000008,448000,7.061139
1973-05-07,419.000015,419.000015,416.25,417.000008,507200,6.977476
1973-05-04,424.000015,425.250015,420.999985,421.749992,576000,7.056956
1973-05-03,415.374985,424.000015,410.250015,424.000015,912000,7.071179
1973-05-02,411.500015,417.750015,411.500015,415.374985,724800,6.927337
1973-05-01,411.500015,417.750015,411.500015,415.374985,724800,6.927337
1973-04-30,405.250015,409.000015,401.25,407.999992,1081600,6.804342
1973-04-27,409.749985,410.999985,405.125008,405.250015,801600,6.758479
1973-04-26,407.50,411.500015,405.499992,409.749985,947200,6.833527
1973-04-25,409.749985,409.749985,406.25,407.50,1404800,6.796003
1973-04-24,423.499985,423.499985,415.00,415.250015,913600,6.925252
1973-04-23,428.250008,428.250008,424.500008,425.499992,444800,7.096194
1973-04-19,432.000008,432.50,428.250008,429.000015,625600,7.154565
1973-04-18,425.00,432.000008,424.249992,432.000008,560000,7.204597
1973-04-17,425.250015,425.750008,423.499985,425.00,416000,7.087856
1973-04-16,429.749985,429.749985,425.00,425.250015,401600,7.092026
1973-04-13,430.750008,430.750008,428.499985,429.749985,344000,7.167073
1973-04-12,430.250015,432.249985,428.75,432.249985,553600,7.208766
1973-04-11,434.249992,436.25,426.500015,430.250015,729600,7.175412
1973-04-10,429.749985,435.00,429.749985,434.249992,635200,7.242121
1973-04-09,423.499985,429.500008,420.499992,429.500008,464000,7.162904
1973-04-06,423.250008,427.999992,423.250008,423.499985,480000,7.06284
1973-04-05,422.999992,424.000015,420.00,422.874985,755200,7.052416
1973-04-04,424.249992,426.500015,420.00,422.999992,680000,7.054501
1973-04-03,427.999992,428.75,424.000015,424.249992,897600,7.075348
1973-04-02,431.500015,432.750015,427.000008,427.999992,308800,7.137888
1973-03-30,437.50,437.50,430.499992,431.500015,569600,7.196259
1973-03-29,434.500008,439.000015,434.000015,438.75,652800,7.317169
1973-03-28,437.50,437.750015,434.000015,434.500008,484800,7.24629
1973-03-27,432.50,438.499985,432.000008,437.50,660800,7.296322
1973-03-26,427.999992,435.00,427.249985,432.50,691200,7.212936
1973-03-23,425.499992,429.000015,419.500008,427.999992,1196800,7.137888
1973-03-22,428.875008,428.875008,424.249992,425.499992,1044800,7.096194
1973-03-21,437.750015,441.25,430.250015,430.499992,548800,7.179581
1973-03-20,437.874985,440.00,433.499985,437.750015,579200,7.300492
1973-03-19,442.874985,442.874985,437.50,437.874985,529600,7.302576
1973-03-16,444.000015,448.499985,440.499992,443.499985,617600,7.396386
1973-03-15,448.75,449.749985,444.000015,444.000015,547200,7.404725
1973-03-14,444.749985,449.500008,444.749985,448.75,585600,7.483942
1973-03-13,442.50,446.749992,442.000008,444.749985,491200,7.417233
1973-03-12,440.750008,444.000015,440.750008,442.50,379200,7.379709
1973-03-09,440.499992,442.50,437.999992,439.500008,377600,7.329677
1973-03-08,440.999985,443.250008,438.250008,440.499992,545600,7.346354
1973-03-07,438.499985,445.499992,438.499985,440.999985,696000,7.354693
1973-03-06,438.75,445.750008,435.250015,437.249985,852800,7.292153
1973-03-05,442.000008,442.125015,432.50,438.75,1040000,7.317169
1973-03-02,427.000008,444.000015,422.000008,442.000008,964800,7.37137
1973-03-01,431.500015,435.00,426.500015,427.000008,924800,7.121211
1973-02-28,422.999992,431.500015,418.499985,431.500015,1144000,7.196259
1973-02-27,430.999985,432.000008,422.000008,422.999992,952000,7.054501
1973-02-26,433.499985,433.499985,427.249985,430.999985,1048000,7.18792
1973-02-23,442.50,442.50,432.000008,433.499985,744000,7.229613
1973-02-22,443.75,445.00,438.499985,444.000015,628800,7.404725
1973-02-21,447.000008,447.50,440.999985,443.75,425600,7.400555
1973-02-20,442.999992,447.000008,442.999992,447.000008,532800,7.454757
1973-02-16,441.500015,442.750015,439.249992,441.25,488000,7.358862
1973-02-15,445.625,447.249985,440.250015,441.500015,795200,7.363032
1973-02-14,450.750008,450.750008,445.499992,445.625,585600,7.431825
1973-02-13,450.999985,456.500015,450.999985,450.999985,1264000,7.521466
1973-02-12,446.500015,450.00,446.500015,448.499985,684800,7.479772
1973-02-09,437.750015,445.999985,437.750015,445.999985,784000,7.438079
1973-02-08,438.499985,439.000015,431.500015,437.50,1033600,7.296322
1973-02-07,438.499985,442.000008,438.499985,438.499985,740800,7.312999
1973-02-06,430.999985,440.00,430.999985,437.750015,689600,7.277144
1973-02-05,429.749985,432.000008,428.499985,430.00,348800,7.148307
1973-02-02,429.000015,432.000008,427.000008,429.749985,827200,7.144151
1973-02-01,435.499992,437.999992,428.499985,429.000015,696000,7.131684
1973-01-31,437.750015,437.750015,434.500008,435.499992,545600,7.239739
1973-01-30,441.500015,445.00,438.499985,439.000015,889600,7.297923
1973-01-29,437.750015,442.000008,434.000015,441.500015,800000,7.339483
1973-01-26,435.999985,437.999992,432.249985,437.750015,1105600,7.277144
1973-01-24,444.249992,448.499985,434.500008,435.999985,1300800,7.248051
1973-01-23,435.999985,444.749985,433.75,444.249992,1096000,7.385199
1973-01-22,439.000015,439.000015,435.999985,435.999985,689600,7.248051
1973-01-19,428.875008,439.000015,427.249985,439.000015,1195200,7.297923
1973-01-18,427.000008,430.00,427.000008,428.875008,752000,7.129606
1973-01-17,422.50,424.249992,420.750008,424.000015,417600,7.048564
1973-01-16,423.250008,424.749985,420.750008,422.50,907200,7.023628
1973-01-15,422.750015,429.000015,422.750015,423.250008,1372800,7.036096
1973-01-12,417.249985,425.00,417.249985,420.00,993600,6.982068
1973-01-11,412.000008,422.999992,412.000008,415.250015,1059200,6.903104
1973-01-10,415.499992,415.499992,411.25,411.500015,496000,6.840764
1973-01-09,418.75,419.249992,415.250015,417.50,675200,6.940508
1973-01-08,418.75,420.00,415.999985,418.75,652800,6.961288
1973-01-05,412.750015,419.500008,412.750015,418.75,1203200,6.961288
1973-01-04,409.249992,412.50,405.999985,411.749992,923200,6.84492
1973-01-03,409.249992,413.75,409.249992,409.249992,1089600,6.80336
1973-01-02,404.500008,409.500008,404.500008,409.000015,724800,6.799204
1972-12-29,399.000015,402.999992,399.000015,402.000008,929600,6.682836
1972-12-27,392.249985,399.000015,392.249985,399.000015,555200,6.632965
1972-12-26,391.500015,395.499992,391.500015,391.749992,291200,6.51244
1972-12-22,385.499992,390.499992,385.00,390.499992,360000,6.49166
1972-12-21,389.500008,389.749985,385.499992,385.499992,515200,6.408541
1972-12-20,390.00,392.750015,385.999985,389.500008,619200,6.475037
1972-12-19,393.75,393.75,390.00,390.00,752000,6.483349
1972-12-18,397.50,397.50,392.50,394.500008,796800,6.558157
1972-12-15,395.999985,400.999985,395.999985,398.125,569600,6.618418
1972-12-14,396.25,397.000008,394.500008,395.499992,420800,6.57478
1972-12-13,399.000015,399.000015,396.25,396.25,416000,6.587248
1972-12-12,403.75,403.75,398.499985,399.000015,609600,6.632965
1972-12-11,402.999992,405.00,402.000008,404.249992,616000,6.72024
1972-12-08,397.249985,404.500008,397.249985,402.999992,932800,6.69946
1972-12-07,397.000008,397.50,395.999985,396.749992,504000,6.59556
1972-12-06,397.999992,399.000015,395.999985,397.000008,640000,6.599717
1972-12-05,400.00,400.00,397.750015,397.999992,577600,6.61634
1972-12-04,399.249992,400.750008,399.249992,400.499992,1088000,6.6579
1972-12-01,390.999985,400.999985,390.999985,397.999992,1123200,6.61634
1972-11-30,387.000008,391.25,387.000008,390.999985,440000,6.499972
1972-11-29,382.249985,387.000008,380.00,387.000008,539200,6.433477
1972-11-28,385.499992,386.25,381.500015,382.249985,396800,6.354513
1972-11-27,387.249985,387.249985,384.000015,385.499992,400000,6.408541
1972-11-24,394.000015,394.249992,388.499985,389.000015,480000,6.466725
1972-11-22,387.249985,394.500008,387.000008,394.000015,904000,6.549845
1972-11-21,385.250015,387.999992,385.250015,387.249985,651200,6.437632
1972-11-20,384.000015,385.499992,382.750015,385.00,364800,6.400229
1972-11-17,385.00,385.250015,380.499992,384.000015,401600,6.383605
1972-11-16,384.249992,385.499992,382.750015,385.00,496000,6.400229
1972-11-15,387.999992,390.00,384.249992,384.249992,568000,6.387761
1972-11-14,378.75,387.999992,378.75,387.999992,996800,6.450101
1972-11-13,373.250008,377.000008,373.250008,376.749992,704000,6.263081
1972-11-10,371.500015,374.749985,371.25,372.249985,833600,6.188273
1972-11-09,376.25,376.25,370.999985,371.500015,819200,6.175805
1972-11-08,380.999985,382.999992,373.250008,376.500015,1155200,6.258925
1972-11-06,387.874985,388.499985,376.500015,380.999985,1024000,6.311291
1972-11-03,390.875015,390.875015,387.000008,387.874985,512000,6.425176
1972-11-02,389.500008,390.999985,388.250008,390.999985,548800,6.476941
1972-11-01,385.999985,389.749985,385.999985,389.500008,744000,6.452094
1972-10-31,380.999985,385.499992,380.999985,385.499992,499200,6.385834
1972-10-30,378.75,380.999985,377.999992,379.749985,276800,6.290584
1972-10-27,378.250008,380.750008,378.250008,378.75,484800,6.27402
1972-10-26,383.499985,383.499985,377.000008,377.50,809600,6.253313
1972-10-25,388.75,388.75,382.999992,383.499985,321600,6.352703
1972-10-24,390.499992,390.499992,385.499992,389.249992,548800,6.447953
1972-10-23,389.000015,392.50,389.000015,390.499992,552000,6.468659
1972-10-20,378.499985,387.000008,377.999992,387.000008,796800,6.410681
1972-10-19,379.000015,379.249992,375.499992,378.499985,811200,6.269878
1972-10-18,374.500008,379.749985,374.500008,379.000015,1612800,6.278161
1972-10-17,364.500008,372.000008,361.500015,370.250015,2627200,6.133217
1972-10-16,379.000015,380.00,362.249985,364.500008,1904000,6.037967
1972-10-13,383.499985,383.499985,377.249985,379.000015,1440000,6.278161
1972-10-12,388.499985,388.499985,384.500008,384.500008,1049600,6.369269
1972-10-11,394.000015,394.249992,384.000015,390.750008,2044800,6.4728
1972-10-10,400.250015,402.999992,392.000008,394.000015,1107200,6.526637
1972-10-09,401.500015,403.375015,400.00,400.250015,219200,6.630169
1972-10-06,395.00,403.75,393.75,401.500015,737600,6.650875
1972-10-05,403.250008,403.499985,395.00,395.00,739200,6.543202
1972-10-04,406.749992,407.874985,403.250008,403.250008,449600,6.679864
1972-10-03,405.250015,407.50,405.250015,406.749992,449600,6.737841
1972-10-02,406.500015,406.749992,403.499985,405.250015,483200,6.712994
1972-09-29,404.249992,406.749992,403.499985,406.500015,668800,6.7337
1972-09-28,405.750008,405.750008,401.500015,404.249992,777600,6.696429
1972-09-27,398.250008,407.000008,398.250008,407.000008,793600,6.741983
1972-09-26,398.250008,401.500015,397.999992,398.125,564800,6.594968
1972-09-25,398.250008,399.000015,397.249985,398.250008,371200,6.597038
1972-09-22,399.500008,399.749985,396.500015,398.250008,465600,6.597038
1972-09-21,400.499992,400.999985,398.499985,399.500008,393600,6.617745
1972-09-20,397.000008,400.875015,397.000008,400.499992,371200,6.63431
1972-09-19,397.000008,399.249992,397.000008,397.000008,384000,6.576332
1972-09-18,397.000008,397.000008,394.000015,396.25,344000,6.563908
1972-09-15,399.500008,400.250015,397.750015,397.750015,387200,6.588756
1972-09-14,397.999992,400.499992,397.249985,399.500008,371200,6.617745
1972-09-13,395.00,397.999992,393.250008,397.999992,545600,6.592897
1972-09-12,396.500015,398.499985,393.250008,395.00,571200,6.543202
1972-09-11,397.750015,397.750015,393.499985,396.500015,428800,6.56805
1972-09-08,399.500008,400.499992,398.75,398.75,371200,6.605321
1972-09-07,401.25,402.999992,398.75,399.500008,452800,6.617745
1972-09-06,404.749985,405.499992,400.999985,401.25,352000,6.646734
1972-09-05,406.25,406.749992,404.500008,404.749985,340800,6.704711
1972-09-01,408.499985,409.749985,405.250015,406.25,384000,6.729559
1972-08-31,407.999992,409.249992,405.999985,408.499985,441600,6.76683
1972-08-30,408.75,409.500008,407.000008,407.999992,344000,6.758548
1972-08-29,404.249992,409.000015,402.999992,408.75,728000,6.770972
1972-08-28,405.999985,407.50,404.249992,404.249992,396800,6.696429
1972-08-25,407.249985,407.999992,405.499992,405.999985,564800,6.725417
1972-08-24,412.999992,413.499985,407.125015,407.249985,339200,6.746124
1972-08-23,412.750015,414.000015,411.500015,412.999992,292800,6.841373
1972-08-22,410.999985,414.500008,410.999985,412.750015,492800,6.837232
1972-08-21,411.500015,413.75,408.250008,410.499992,409600,6.79996
1972-08-18,413.250008,416.500015,411.500015,411.500015,497600,6.816526
1972-08-17,415.999985,417.249985,413.250008,413.250008,521600,6.845515
1972-08-16,420.250015,421.500015,415.999985,415.999985,355200,6.891068
1972-08-15,422.750015,422.750015,419.000015,420.250015,680000,6.96147
1972-08-14,425.499992,426.749992,424.749985,424.749985,657600,7.036012
1972-08-11,423.499985,425.499992,422.249985,425.499992,744000,7.048436
1972-08-10,423.499985,425.00,421.25,423.499985,908800,7.015306
1972-08-09,418.250008,423.499985,417.999992,423.499985,681600,7.015306
1972-08-08,417.750015,419.000015,415.499992,418.250008,601600,6.92834
1972-08-07,415.999985,420.250015,415.250015,417.750015,1000000,6.920057
1972-08-04,415.250015,417.000008,412.50,415.999985,648000,6.891068
1972-08-03,409.000015,416.500015,407.999992,415.250015,1460800,6.878645
1972-08-02,410.00,411.500015,408.499985,409.000015,843200,6.75275
1972-08-01,402.000008,410.00,402.000008,410.00,1225600,6.76926
1972-07-31,398.250008,400.750008,398.250008,400.750008,428800,6.616539
1972-07-28,397.000008,399.749985,396.25,397.999992,388800,6.571136
1972-07-27,394.500008,397.999992,394.500008,397.000008,417600,6.554625
1972-07-26,397.999992,398.125,392.999992,394.500008,1080000,6.513349
1972-07-25,398.75,400.499992,397.999992,397.999992,672000,6.571136
1972-07-24,397.999992,400.999985,397.999992,398.75,760000,6.583519
1972-07-21,390.750008,396.500015,389.249992,396.500015,500800,6.54637
1972-07-20,390.00,391.500015,389.500008,390.750008,464000,6.451436
1972-07-19,390.00,394.000015,390.00,390.00,768000,6.439053
1972-07-18,387.999992,388.75,383.499985,388.499985,897600,6.414287
1972-07-17,393.250008,395.750008,387.50,387.999992,515200,6.406032
1972-07-14,391.749992,400.999985,391.500015,393.250008,739200,6.492711
1972-07-13,395.750008,397.000008,391.749992,391.749992,571200,6.467946
1972-07-12,397.000008,398.75,395.250015,395.750008,432000,6.533987
1972-07-11,399.000015,399.500008,396.500015,397.000008,305600,6.554625
1972-07-10,404.000015,404.000015,399.000015,399.000015,443200,6.587646
1972-07-07,403.75,405.499992,403.499985,404.000015,489600,6.670198
1972-07-06,402.999992,405.125008,402.999992,403.75,747200,6.66607
1972-07-05,396.500015,401.749992,396.500015,400.00,556800,6.604156
1972-07-03,392.999992,395.250015,392.999992,395.125008,208000,6.523668
1972-06-30,392.000008,394.249992,392.000008,392.000008,259200,6.472073
1972-06-29,390.625,392.000008,388.250008,391.500015,449600,6.463818
1972-06-28,392.249985,394.249992,390.625,390.625,380800,6.449372
1972-06-27,392.249985,395.00,390.499992,392.249985,332800,6.476201
1972-06-26,393.499985,393.499985,390.999985,392.249985,432000,6.476201
1972-06-23,395.750008,397.249985,394.749985,395.00,436800,6.521605
1972-06-22,395.999985,395.999985,392.000008,395.750008,456000,6.533987
1972-06-21,397.000008,400.750008,396.500015,397.50,483200,6.562881
1972-06-20,396.500015,397.999992,395.250015,397.000008,308800,6.554625
1972-06-19,398.75,398.75,395.499992,396.500015,196800,6.54637
1972-06-16,397.50,399.500008,395.999985,398.75,300800,6.583519
1972-06-15,399.749985,400.750008,396.25,397.50,529600,6.562881
1972-06-14,395.00,399.749985,395.00,399.749985,705600,6.600029
1972-06-13,387.750015,392.999992,387.000008,392.750015,484800,6.484456
1972-06-12,390.999985,393.250008,387.50,387.750015,449600,6.401904
1972-06-09,392.750015,394.625015,390.999985,390.999985,371200,6.455563
1972-06-08,395.250015,397.000008,392.750015,392.750015,460800,6.484456
1972-06-07,392.999992,395.499992,391.25,395.250015,433600,6.525732
1972-06-06,394.500008,396.500015,391.500015,392.999992,496000,6.488584
1972-06-05,397.50,397.50,394.249992,394.500008,356800,6.513349
1972-06-02,399.000015,400.999985,397.625008,398.499985,513600,6.579391
1972-06-01,399.000015,400.999985,399.000015,399.000015,476800,6.587646
1972-05-31,395.999985,399.000015,395.999985,397.750015,603200,6.567008
1972-05-30,403.250008,403.250008,394.500008,395.499992,505600,6.52986
1972-05-26,404.000015,405.999985,402.249985,404.000015,675200,6.670198
1972-05-25,402.999992,404.000015,401.25,404.000015,660800,6.670198
1972-05-24,402.000008,404.749985,400.499992,402.999992,769600,6.653688
1972-05-23,400.999985,402.50,397.750015,402.000008,820800,6.637177
1972-05-22,398.499985,401.500015,398.499985,400.999985,1099200,6.620667
1972-05-19,394.500008,397.999992,394.500008,396.25,563200,6.542243
1972-05-18,390.00,395.00,390.00,394.500008,833600,6.513349
1972-05-17,383.75,389.500008,383.499985,389.500008,577600,6.430798
1972-05-16,386.500015,387.000008,383.499985,383.75,385600,6.335863
1972-05-15,384.500008,386.749992,384.500008,386.500015,464000,6.381266
1972-05-12,383.499985,386.500015,380.625,382.000008,520000,6.30697
1972-05-11,383.75,386.500015,382.999992,383.499985,587200,6.331735
1972-05-10,379.249992,385.999985,379.000015,383.75,401600,6.335863
1972-05-09,385.750008,385.750008,379.249992,379.249992,996800,6.261566
1972-05-08,387.000008,387.000008,383.499985,386.25,475200,6.377139
1972-05-05,384.500008,389.749985,382.750015,388.75,544000,6.418415
1972-05-04,379.000015,385.00,376.749992,384.500008,508800,6.348246
1972-05-03,380.00,383.75,378.75,379.000015,496000,6.235149
1972-05-02,382.50,385.999985,380.00,380.00,491200,6.251601
1972-05-01,385.999985,386.25,382.000008,382.50,316800,6.29273
1972-04-28,381.25,387.000008,381.25,385.999985,347200,6.35031
1972-04-27,380.999985,384.500008,380.999985,380.999985,336000,6.268052
1972-04-26,381.500015,385.00,379.249992,380.00,651200,6.251601
1972-04-25,383.499985,383.499985,380.999985,381.500015,395200,6.276278
1972-04-24,385.00,385.499992,383.250008,385.00,352000,6.333859
1972-04-21,387.750015,389.249992,383.499985,385.00,787200,6.333859
1972-04-20,390.750008,390.750008,387.50,387.750015,577600,6.379101
1972-04-19,395.750008,396.749992,390.499992,390.999985,513600,6.432568
1972-04-18,395.250015,399.500008,395.250015,395.750008,632000,6.510713
1972-04-17,395.00,395.00,392.999992,395.00,552000,6.498374
1972-04-14,394.249992,397.999992,393.75,395.00,323200,6.498374
1972-04-13,397.50,397.999992,394.000015,394.249992,425600,6.486036
1972-04-12,391.749992,399.749985,391.749992,397.50,1436800,6.539503
1972-04-11,390.499992,393.499985,389.500008,390.499992,369600,6.424342
1972-04-10,390.00,393.75,390.00,390.499992,544000,6.424342
1972-04-07,390.999985,390.999985,388.499985,389.249992,364800,6.403778
1972-04-06,392.000008,393.499985,390.999985,390.999985,528000,6.432568
1972-04-05,389.000015,393.75,389.000015,392.000008,848000,6.44902
1972-04-04,385.499992,389.500008,383.499985,389.000015,660800,6.399665
1972-04-03,382.249985,387.750015,382.000008,385.499992,649600,6.342084
1972-03-30,380.00,383.499985,378.75,382.249985,347200,6.288617
1972-03-29,383.624992,383.624992,380.00,380.00,460800,6.251601
1972-03-28,385.00,385.999985,383.75,384.874992,672000,6.331802
1972-03-27,382.750015,385.00,380.999985,385.00,792000,6.333859
1972-03-24,382.249985,384.000015,381.25,382.750015,585600,6.296843
1972-03-23,379.000015,382.50,379.000015,382.249985,577600,6.288617
1972-03-22,377.000008,380.750008,377.000008,377.750015,731200,6.214585
1972-03-21,376.875,379.000015,372.999992,376.500015,729600,6.19402
1972-03-20,377.000008,380.999985,376.749992,376.875,593600,6.20019
1972-03-17,372.999992,377.000008,371.25,377.000008,577600,6.202246
1972-03-16,372.999992,374.000015,365.999985,372.999992,745600,6.13644
1972-03-15,372.000008,374.500008,372.000008,372.999992,444800,6.13644
1972-03-14,373.250008,374.000015,371.500015,371.500015,523200,6.111763
1972-03-13,377.750015,377.750015,372.000008,373.250008,472000,6.140553
1972-03-10,382.000008,382.000008,377.50,378.250008,416000,6.222811
1972-03-09,382.000008,385.00,380.250015,382.999992,576000,6.300955
1972-03-08,383.75,384.500008,382.000008,382.000008,529600,6.284504
1972-03-07,380.00,383.75,379.500008,383.75,667200,6.313294
1972-03-06,377.50,381.749992,376.500015,380.00,680000,6.251601
1972-03-03,376.25,378.75,374.500008,377.50,448000,6.210472
1972-03-02,374.249992,380.499992,374.249992,376.25,1496000,6.189907
1972-03-01,369.500008,373.75,369.500008,372.50,489600,6.128214
1972-02-29,367.000008,370.750008,365.999985,368.499985,584000,6.062407
1972-02-28,371.749992,371.749992,365.00,367.000008,371200,6.03773
1972-02-25,365.499992,372.999992,365.499992,372.50,515200,6.128214
1972-02-24,369.000015,370.999985,364.749985,364.749985,497600,6.000714
1972-02-23,368.499985,371.749992,367.999992,369.000015,360000,6.070634
1972-02-22,368.75,373.499985,368.499985,368.499985,504000,6.062407
1972-02-18,367.750015,368.75,364.500008,368.75,384000,6.06652
1972-02-17,369.375,372.000008,366.500015,367.750015,537600,6.050069
1972-02-16,369.749985,370.00,369.000015,369.375,400000,6.076803
1972-02-15,369.000015,370.250015,367.750015,369.749985,323200,6.082972
1972-02-14,372.750015,372.750015,368.250008,369.000015,584000,6.070634
1972-02-11,372.000008,374.749985,370.499992,373.75,404800,6.148778
1972-02-10,373.75,374.749985,370.499992,372.000008,440000,6.119988
1972-02-09,372.249985,375.00,372.000008,373.75,692800,6.148778
1972-02-08,369.000015,372.249985,369.000015,372.249985,368000,6.124101
1972-02-07,369.749985,370.999985,367.50,368.499985,472000,6.062407
1972-02-04,372.249985,372.249985,369.249992,369.749985,440000,6.082972
1972-02-03,373.499985,375.00,370.250015,373.250008,945600,6.140553
1972-02-02,369.000015,374.874992,368.499985,373.499985,764800,6.122456
1972-02-01,367.999992,369.000015,365.00,369.000015,404800,6.048692
1972-01-31,368.250008,369.874992,366.749992,367.999992,552000,6.032299
1972-01-28,368.250008,372.000008,367.50,368.250008,1212800,6.036397
1972-01-27,368.75,369.249992,367.000008,368.250008,476800,6.036397
1972-01-26,365.999985,370.00,364.249992,368.75,849600,6.044593
1972-01-25,360.499992,370.00,357.000008,365.999985,1363200,5.999515
1972-01-24,365.999985,365.999985,360.499992,360.499992,752000,5.909358
1972-01-21,363.499985,370.00,363.250008,368.250008,2360000,6.036397
1972-01-20,360.00,365.00,360.00,363.499985,2236800,5.958535
1972-01-19,349.500008,355.250015,349.249992,353.250008,611200,5.790516
1972-01-18,349.500008,353.499985,349.500008,349.500008,676800,5.729045
1972-01-17,350.00,350.750008,347.000008,349.500008,929600,5.729045
1972-01-14,342.50,350.00,342.50,350.00,1409600,5.737241
1972-01-13,341.25,341.25,339.000015,340.999985,897600,5.589712
1972-01-12,342.000008,347.50,342.000008,342.249985,947200,5.610202
1972-01-11,338.250008,341.25,338.250008,340.999985,544000,5.589712
1972-01-10,338.75,339.749985,336.749992,337.999992,460800,5.540536
1972-01-07,340.999985,342.750015,336.500015,338.75,540800,5.55283
1972-01-06,340.999985,341.500015,338.75,340.999985,577600,5.589712
1972-01-05,340.00,343.499985,339.249992,340.999985,491200,5.589712
1972-01-04,332.999992,340.00,331.749992,340.00,553600,5.57332
1972-01-03,336.500015,338.499985,332.999992,332.999992,544000,5.458575
1971-12-31,335.00,337.999992,334.000015,336.500015,384000,5.515948
1971-12-30,337.000008,337.249985,335.00,335.00,259200,5.491359
1971-12-29,339.249992,340.00,336.749992,337.000008,355200,5.524144
1971-12-28,333.499985,339.749985,330.499992,339.249992,576000,5.561026
1971-12-27,335.999985,336.500015,333.499985,333.499985,436800,5.466771
1971-12-23,339.749985,339.749985,335.00,335.999985,721600,5.507751
1971-12-22,345.00,345.00,341.25,341.25,531200,5.59381
1971-12-21,341.500015,347.000008,337.999992,345.999985,817600,5.671672
1971-12-20,340.999985,348.499985,340.999985,341.500015,1435200,5.597908
1971-12-17,339.000015,339.749985,334.249992,339.000015,883200,5.556928
1971-12-16,334.249992,339.749985,334.249992,339.000015,1416000,5.556928
1971-12-15,320.00,327.999992,318.500004,327.125015,689600,5.362272
1971-12-14,324.249992,325.250015,320.00,320.00,604800,5.245478
1971-12-13,324.500008,327.999992,324.249992,324.249992,812800,5.315144
1971-12-10,317.749996,324.749985,317.749996,324.500008,1145600,5.319242
1971-12-09,313.500004,318.500004,312.000008,317.50,505600,5.204497
1971-12-08,317.000008,317.250004,313.500004,313.500004,665600,5.138929
1971-12-07,313.250008,317.250004,311.000004,317.000008,716800,5.196301
1971-12-06,320.750008,320.750008,313.250008,313.250008,976000,5.134831
1971-12-03,309.500008,321.500015,309.500008,320.999985,1363200,5.26187
1971-12-02,309.750004,312.000008,308.250008,309.500008,864000,5.073361
1971-12-01,306.499996,310.00,306.499996,309.750004,1264000,5.077459
1971-11-30,302.250004,305.499992,300.249996,305.499992,708800,5.007792
1971-11-29,299.249992,302.50,299.249992,302.250004,980800,4.954518
1971-11-26,291.749992,298.75,291.499996,298.75,323200,4.897145
1971-11-24,290.499992,293.999996,290.249996,291.749992,452800,4.7824
1971-11-23,291.749992,293.250008,290.00,290.499992,604800,4.76191
1971-11-22,293.500004,295.249996,291.749992,291.749992,432000,4.7824
1971-11-19,294.750004,295.750008,293.500004,293.500004,352000,4.811087
1971-11-18,301.000004,301.000004,293.999996,294.750004,556800,4.831577
1971-11-17,301.749992,301.749992,298.250008,301.000004,899200,4.934028
1971-11-16,294.249992,302.000008,293.75,302.000008,891200,4.95042
1971-11-15,294.249992,295.00,293.624992,294.249992,412800,4.823381
1971-11-12,292.250004,296.499996,288.500004,294.249992,696000,4.823381
1971-11-11,296.000004,296.000004,288.250008,292.250004,1136000,4.790596
1971-11-10,298.999996,299.750004,296.749992,297.250004,416000,4.872557
1971-11-09,299.249992,302.000008,298.999996,298.999996,448000,4.901243
1971-11-08,300.00,300.00,297.50,299.249992,328000,4.905341
1971-11-05,300.00,300.00,296.499996,300.00,577600,4.917635
1971-11-04,302.999992,306.499996,300.249996,300.249996,977600,4.900423
1971-11-03,297.50,303.500004,297.50,302.999992,875200,4.945306
1971-11-02,292.374992,295.750008,290.00,295.499992,792000,4.822898
1971-11-01,300.00,300.00,290.750008,292.374992,481600,4.771894
1971-10-29,298.250008,301.000004,295.499992,300.499992,809600,4.904503
1971-10-28,297.000008,301.000004,295.750008,298.250008,659200,4.867781
1971-10-27,298.999996,300.499992,296.25,297.000008,649600,4.84738
1971-10-26,302.000008,304.750004,298.999996,298.999996,665600,4.880022
1971-10-25,301.625004,303.250008,301.499996,302.000008,321600,4.928985
1971-10-22,303.999996,307.999992,301.000004,301.625004,545600,4.922865
1971-10-21,305.00,305.750008,301.000004,303.999996,640000,4.961628
1971-10-20,308.500004,308.500004,305.00,305.00,715200,4.977949
1971-10-19,306.25,309.249992,305.249996,308.999996,580800,5.043233
1971-10-18,308.75,309.249992,305.249996,308.999996,580800,5.043233
1971-10-15,307.749996,309.249992,306.749992,308.75,459200,5.039153
1971-10-14,309.249992,309.500008,307.000008,307.749996,500800,5.022832
1971-10-13,313.624992,313.624992,308.500004,309.249992,804800,5.047314
1971-10-12,305.750008,315.249996,305.00,315.125008,1457600,5.1432
1971-10-11,304.750004,306.000004,303.500004,305.750008,284800,4.99019
1971-10-08,308.500004,309.249992,303.999996,304.750004,803200,4.973869
1971-10-07,308.999996,312.50,307.999992,308.500004,1121600,5.035073
1971-10-06,307.749996,308.999996,305.750008,308.999996,992000,5.043233
1971-10-05,306.499996,307.749996,305.249996,307.749996,864000,5.022832
1971-10-04,306.000004,307.999992,306.000004,306.499996,632000,5.00243
1971-10-01,304.249992,306.000004,304.249992,306.000004,673600,4.99427
1971-09-30,302.749996,306.187401,302.50,303.75,555200,4.957547
1971-09-29,304.249992,304.249992,302.250004,302.749996,444800,4.941226
1971-09-28,303.875008,306.499996,303.500004,304.249992,561600,4.965708
1971-09-27,304.500008,304.500008,301.000004,303.875008,689600,4.959588
1971-09-24,305.00,309.500008,304.500008,304.750004,763200,4.973869
1971-09-23,307.749996,308.75,305.00,305.00,708800,4.977949
1971-09-22,306.000004,308.75,306.000004,307.749996,852800,5.022832
1971-09-21,303.999996,306.499996,303.250008,305.499992,512000,4.986109
1971-09-20,302.250004,304.500008,302.250004,303.999996,633600,4.961628
1971-09-17,301.000004,302.749996,300.00,300.750008,712000,4.908584
1971-09-16,302.50,302.50,299.750004,301.000004,928000,4.912664
1971-09-15,299.750004,303.75,299.750004,302.999992,417600,4.945306
1971-09-14,300.00,300.249996,298.999996,299.750004,507200,4.892263
1971-09-13,303.999996,303.999996,300.00,300.00,577600,4.896343
1971-09-10,305.750008,305.750008,302.50,305.249996,376000,4.982029
1971-09-09,310.499992,310.750008,306.25,306.375008,497600,5.00039
1971-09-08,310.00,311.749992,309.249992,310.499992,419200,5.067715
1971-09-07,310.00,312.999992,310.00,310.00,753600,5.059554
1971-09-03,299.750004,307.999992,299.750004,307.749996,672000,5.022832
1971-09-02,301.499996,301.749992,298.999996,299.500008,579200,4.888183
1971-09-01,303.999996,305.750008,301.000004,301.499996,651200,4.920825
1971-08-31,307.50,307.50,301.499996,303.999996,692800,4.961628
1971-08-30,315.499992,316.749992,310.00,310.125008,457600,5.061595
1971-08-27,313.999996,317.50,313.500004,315.499992,449600,5.149321
1971-08-26,314.750004,315.00,310.249996,313.999996,416000,5.124839
1971-08-25,318.250008,318.374996,313.250008,314.750004,504000,5.13708
1971-08-24,315.00,318.875008,315.00,318.250008,676800,5.194204
1971-08-23,311.25,314.750004,311.25,314.750004,579200,5.13708
1971-08-20,307.000008,310.00,305.499992,308.999996,428800,5.043233
1971-08-19,310.00,310.00,306.499996,307.000008,833600,5.010591
1971-08-18,315.00,315.00,309.500008,310.249996,1124800,5.063635
1971-08-17,313.999996,317.999992,313.999996,315.750008,1681600,5.153401
1971-08-16,313.500004,320.00,313.500004,313.999996,2057600,5.124839
1971-08-13,296.499996,296.499996,293.999996,295.00,388800,4.814737
1971-08-12,293.999996,297.50,293.999996,296.749992,857600,4.843299
1971-08-11,286.499996,291.499996,286.499996,291.25,760000,4.753533
1971-08-10,283.999996,287.000008,283.250008,286.000004,468800,4.667847
1971-08-09,285.499992,285.750008,283.500004,283.999996,547200,4.635205
1971-08-06,287.000008,287.749996,285.00,285.499992,556800,4.659686
1971-08-05,287.000008,288.75,285.499992,287.000008,812800,4.662951
1971-08-04,290.00,292.749996,285.499992,287.000008,1124800,4.662951
1971-08-03,293.75,294.750004,288.999996,290.00,977600,4.711693
1971-08-02,292.749996,296.000004,292.749996,293.75,620800,4.77262
1971-07-30,296.749992,297.749996,290.249996,291.25,932800,4.732002
1971-07-29,299.500008,299.874992,293.500004,296.749992,836800,4.821361
1971-07-28,292.749996,301.000004,292.250004,299.500008,1532800,4.866041
1971-07-27,296.000004,296.000004,291.25,292.749996,667200,4.756372
1971-07-26,297.999992,299.500008,296.000004,296.749992,652800,4.821361
1971-07-23,299.500008,299.500008,296.749992,297.999992,585600,4.84167
1971-07-22,301.749992,301.749992,298.500004,299.500008,635200,4.866041
1971-07-21,299.500008,301.749992,299.500008,301.749992,665600,4.902597
1971-07-20,298.500004,301.875,298.500004,298.999996,956800,4.857917
1971-07-19,294.500008,296.749992,292.999992,296.499996,1075200,4.817299
1971-07-16,297.999992,301.499996,293.500004,294.500008,1763200,4.784805
1971-07-15,300.00,302.000008,297.50,297.999992,1400000,4.84167
1971-07-14,301.000004,301.000004,295.00,300.00,3921600,4.874165
1971-07-13,314.500008,314.500008,301.25,302.000008,2492800,4.906659
1971-07-12,316.000004,316.000004,314.500008,315.00,628800,5.117873
1971-07-09,311.25,316.499996,311.25,316.000004,744000,5.13412
1971-07-08,311.499996,313.500004,310.750008,311.25,907200,5.056946
1971-07-07,316.499996,317.250004,310.00,311.499996,585600,5.061008
1971-07-06,317.50,317.50,315.00,316.499996,483200,5.142244
1971-07-02,317.749996,319.249992,316.749992,318.999996,467200,5.182862
1971-07-01,317.000008,318.500004,316.749992,317.749996,473600,5.162553
1971-06-30,315.499992,317.50,315.499992,317.000008,680000,5.150368
1971-06-29,311.875,314.249992,311.875,313.999996,756800,5.101626
1971-06-28,311.25,312.50,310.499992,311.749992,500800,5.065069
1971-06-25,312.000008,312.000008,310.00,311.25,753600,5.056946
1971-06-24,315.249996,315.750008,312.50,312.999992,729600,5.085378
1971-06-23,314.750004,316.25,314.249992,315.249996,688000,5.121935
1971-06-22,313.999996,317.50,313.250008,314.750004,867200,5.113811
1971-06-21,315.499992,316.749992,312.625008,313.999996,1049600,5.101626
1971-06-18,320.125008,320.125008,315.00,315.499992,1144000,5.125996
1971-06-17,323.499985,323.75,320.999985,320.999985,516800,5.215356
1971-06-16,321.500015,325.00,320.999985,323.499985,536000,5.255974
1971-06-15,318.624992,322.50,317.749996,321.500015,705600,5.22348
1971-06-14,323.499985,323.499985,317.999992,318.624992,912000,5.176769
1971-06-11,323.499985,325.750008,323.499985,324.500008,601600,5.272222
1971-06-10,318.75,322.000008,318.75,321.500015,1177600,5.22348
1971-06-09,312.50,318.500004,307.999992,318.250008,2435200,5.170677
1971-06-08,317.749996,319.500008,311.25,312.50,1168000,5.077255
1971-06-07,323.75,323.75,317.000008,317.749996,1004800,5.162553
1971-06-04,322.249985,329.000015,322.249985,324.249992,891200,5.26816
1971-06-03,326.500015,327.750015,320.750008,321.25,2521600,5.219418
1971-06-02,328.75,329.000015,325.750008,326.500015,787200,5.304716
1971-06-01,327.50,331.500015,327.50,328.75,728000,5.341272
1971-05-28,332.999992,332.999992,325.00,327.000008,1624000,5.31284
1971-05-27,337.249985,337.999992,334.000015,334.000015,536000,5.42657
1971-05-26,337.000008,339.749985,336.500015,337.249985,537600,5.479373
1971-05-25,340.00,340.00,336.25,337.000008,731200,5.475312
1971-05-24,342.999992,342.999992,340.999985,340.999985,299200,5.5403
1971-05-21,347.50,347.50,343.499985,344.000015,403200,5.589043
1971-05-20,342.000008,349.749985,342.000008,347.999992,673600,5.654031
1971-05-19,337.999992,342.125015,337.999992,342.000008,436800,5.556548
1971-05-18,334.000015,339.500008,333.499985,337.999992,460800,5.491559
1971-05-17,335.499992,344.500008,331.25,334.000015,688000,5.42657
1971-05-14,339.000015,339.000015,334.249992,335.499992,689600,5.450941
1971-05-13,342.50,343.75,338.75,340.250015,619200,5.528115
1971-05-12,342.249985,344.500008,342.000008,342.50,600000,5.564671
1971-05-11,344.749985,345.250015,342.249985,342.249985,801600,5.560609
1971-05-10,347.000008,347.000008,344.249992,344.749985,707200,5.601227
1971-05-07,349.500008,349.500008,345.499992,347.000008,824000,5.637784
1971-05-06,352.999992,354.749985,351.749992,351.749992,508800,5.693836
1971-05-05,352.999992,352.999992,349.000015,352.999992,732800,5.71407
1971-05-04,353.250008,355.499992,352.750015,353.499985,344000,5.722164
1971-05-03,355.00,355.00,350.250015,353.250008,628800,5.718117
1971-04-30,361.25,361.25,356.500015,357.750015,380800,5.79096
1971-04-29,361.25,362.000008,360.999985,362.000008,747200,5.859755
1971-04-28,358.75,361.25,358.75,361.25,528000,5.847615
1971-04-27,355.999985,358.499985,355.499992,357.999992,377600,5.795006
1971-04-26,355.00,357.999992,354.500008,355.999985,537600,5.762632
1971-04-23,352.000008,356.749992,351.25,355.00,625600,5.746445
1971-04-22,352.50,352.50,349.000015,352.000008,1112000,5.697883
1971-04-21,355.750008,355.750008,352.249985,352.999992,555200,5.71407
1971-04-20,354.000015,355.999985,354.000015,355.999985,617600,5.762632
1971-04-19,352.999992,355.250015,352.999992,354.000015,404800,5.730258
1971-04-16,353.75,353.75,352.000008,352.000008,4784000,5.697883
1971-04-15,358.75,358.75,356.25,356.25,867200,5.766679
1971-04-14,357.999992,359.249992,356.500015,358.75,500800,5.807147
1971-04-13,357.000008,361.25,357.000008,357.999992,816000,5.795006
1971-04-12,356.749992,360.499992,356.500015,357.000008,481600,5.778819
1971-04-08,360.999985,362.000008,355.999985,356.749992,777600,5.774772
1971-04-07,361.124992,364.000015,360.00,360.999985,643200,5.843568
1971-04-06,360.750008,362.750015,359.000015,361.124992,804800,5.845591
1971-04-05,357.999992,360.750008,356.500015,360.750008,420800,5.839521
1971-04-02,355.999985,359.000015,355.250015,357.999992,273600,5.795006
1971-04-01,357.50,357.999992,354.249992,355.999985,312000,5.762632
1971-03-31,357.000008,359.749985,355.999985,357.50,291200,5.786913
1971-03-30,356.500015,358.250008,356.25,357.000008,273600,5.778819
1971-03-29,357.999992,360.00,356.500015,356.500015,313600,5.770726
1971-03-26,356.25,359.000015,356.25,357.999992,369600,5.795006
1971-03-25,355.00,356.25,350.999985,355.999985,505600,5.762632
1971-03-24,355.750008,357.000008,354.000015,355.00,460800,5.746445
1971-03-23,358.499985,359.500008,355.250015,355.750008,568000,5.758585
1971-03-22,360.625,361.749992,358.499985,358.499985,507200,5.8031
1971-03-19,360.999985,362.249985,357.999992,360.625,712000,5.837498
1971-03-18,363.499985,365.750008,360.499992,360.999985,484800,5.843568
1971-03-17,362.50,364.000015,359.000015,363.499985,584000,5.884036
1971-03-16,363.250008,363.250008,360.250015,362.50,868800,5.867849
1971-03-15,354.000015,364.749985,352.999992,363.499985,668800,5.884036
1971-03-12,347.750015,354.000015,347.50,354.000015,651200,5.730258
1971-03-11,348.75,349.500008,346.500015,347.750015,764800,5.629088
1971-03-10,349.000015,350.250015,348.75,348.75,380800,5.645275
1971-03-09,348.499985,350.750008,347.999992,349.000015,755200,5.649322
1971-03-08,345.499992,348.499985,343.250008,348.499985,619200,5.641228
1971-03-05,341.25,345.499992,341.25,345.499992,660800,5.592667
1971-03-04,338.250008,342.750015,338.250008,340.750008,572800,5.515778
1971-03-03,337.999992,338.250008,335.999985,337.249985,363200,5.459122
1971-03-02,338.499985,338.499985,335.999985,337.999992,427200,5.471263
1971-03-01,336.500015,339.249992,334.749985,339.000015,452800,5.48745
1971-02-26,334.000015,336.500015,332.000008,336.500015,539200,5.446983
1971-02-25,338.250008,338.75,334.000015,334.000015,481600,5.406515
1971-02-24,335.999985,339.500008,335.999985,338.250008,464000,5.47531
1971-02-23,330.499992,335.499992,329.749985,335.250015,364800,5.426749
1971-02-22,328.250008,330.999985,326.500015,330.499992,523200,5.349859
1971-02-19,329.249992,331.749992,327.000008,328.250008,660800,5.313438
1971-02-18,336.500015,337.249985,329.249992,329.249992,785600,5.329625
1971-02-17,340.374985,340.374985,335.750008,336.500015,624000,5.446983
1971-02-16,339.500008,343.499985,338.75,341.624985,652800,5.529941
1971-02-12,338.75,339.500008,337.50,339.500008,364800,5.495544
1971-02-11,337.249985,339.500008,336.749992,338.75,553600,5.483403
1971-02-10,337.999992,337.999992,334.249992,337.249985,619200,5.459122
1971-02-09,340.750008,341.25,338.250008,338.499985,643200,5.479356
1971-02-08,336.500015,341.749992,332.50,340.750008,688000,5.515778
1971-02-05,330.499992,337.50,328.250008,336.500015,784000,5.446983
1971-02-04,328.624992,330.999985,327.000008,330.499992,593600,5.328816
1971-02-03,327.750015,329.249992,326.500015,328.624992,464000,5.298584
1971-02-02,327.249985,328.75,325.750008,327.750015,732800,5.284477
1971-02-01,325.499992,327.999992,325.00,327.249985,612800,5.276414
1971-01-29,318.250008,325.499992,318.250008,325.499992,680000,5.248198
1971-01-28,320.999985,320.999985,317.000008,317.50,712000,5.11921
1971-01-27,325.999985,325.999985,319.500008,322.50,920000,5.199828
1971-01-26,322.999992,327.750015,322.999992,325.999985,972800,5.25626
1971-01-25,321.749992,321.749992,316.25,321.749992,1068800,5.187735
1971-01-22,316.124992,317.749996,316.124992,316.499996,812800,5.103087
1971-01-21,314.750004,316.000004,313.500004,315.499992,547200,5.086963
1971-01-20,312.749996,314.750004,312.000008,314.750004,420800,5.074871
1971-01-19,311.749992,313.999996,311.749992,312.749996,633600,5.042624
1971-01-18,311.000004,313.75,311.000004,311.749992,536000,5.0265
1971-01-15,314.500008,315.00,310.00,310.00,720000,4.998284
1971-01-14,315.625,316.000004,313.250008,314.500008,628800,5.07084
1971-01-13,315.750008,317.749996,315.499992,315.625,899200,5.088979
1971-01-12,312.50,316.499996,312.250004,315.750008,644800,5.090994
1971-01-11,313.999996,313.999996,310.249996,312.50,984000,5.038593
1971-01-08,316.25,316.749992,313.999996,314.500008,571200,5.07084
1971-01-07,317.999992,319.500008,315.750008,316.25,553600,5.099056
1971-01-06,316.25,320.499992,316.000004,317.999992,488000,5.127272
1971-01-05,312.999992,318.250008,311.499996,316.25,563200,5.099056
1971-01-04,316.749992,316.749992,312.250004,312.999992,537600,5.046655
1970-12-31,319.500008,319.750004,316.499996,317.749996,524800,5.123241
1970-12-30,320.250015,320.750008,318.999996,319.500008,427200,5.151458
1970-12-29,318.500004,320.499992,317.000008,320.250015,708800,5.16355
1970-12-28,316.000004,318.500004,316.000004,318.500004,388800,5.135334
1970-12-24,312.749996,315.750008,312.749996,315.00,635200,5.078902
1970-12-23,316.000004,316.749992,311.000004,312.50,1457600,5.038593
1970-12-22,317.250004,318.75,315.375004,316.000004,684800,5.095025
1970-12-21,315.499992,318.250008,314.500008,317.250004,500800,5.11518
1970-12-18,312.999992,316.749992,312.999992,315.499992,604800,5.086963
1970-12-17,312.999992,315.750008,312.999992,312.999992,564800,5.046655
1970-12-16,311.000004,313.999996,310.750008,312.999992,491200,5.046655
1970-12-15,310.750008,311.499996,309.624996,311.000004,593600,5.014408
1970-12-14,316.749992,316.749992,310.499992,310.750008,664000,5.010377
1970-12-11,317.50,318.999996,317.000008,317.000008,611200,5.111149
1970-12-10,317.250004,319.874992,317.000008,317.50,697600,5.11921
1970-12-09,316.25,317.999992,314.500008,317.250004,760000,5.11518
1970-12-08,316.000004,319.249992,314.750004,316.25,961600,5.099056
1970-12-07,311.749992,316.000004,311.000004,316.000004,724800,5.095025
1970-12-04,311.499996,314.750004,308.999996,311.749992,809600,5.0265
1970-12-03,313.999996,315.00,310.249996,311.499996,1056000,5.022469
1970-12-02,307.999992,314.249992,307.749996,313.999996,1136000,5.062778
1970-12-01,307.250004,308.999996,306.25,307.999992,841600,4.966037
1970-11-30,308.500004,308.999996,305.249996,307.250004,908800,4.953945
1970-11-27,298.999996,308.500004,298.500004,308.500004,1001600,4.974099
1970-11-25,300.00,300.750008,297.749996,298.999996,940800,4.820926
1970-11-24,298.999996,300.00,295.249996,300.00,772800,4.837049
1970-11-23,297.000008,300.499992,297.000008,298.999996,896000,4.820926
1970-11-20,291.000004,296.749992,290.750008,296.499996,544000,4.780617
1970-11-19,290.499992,292.999992,290.00,291.000004,500800,4.691938
1970-11-18,292.50,292.50,290.00,290.499992,609600,4.683876
1970-11-17,293.250008,295.249996,292.250004,292.875004,400000,4.722169
1970-11-16,293.125,293.250008,288.500004,293.250008,779200,4.728216
1970-11-13,296.000004,296.000004,292.999992,293.125,675200,4.7262
1970-11-12,297.250004,298.500004,296.25,297.124996,768000,4.790694
1970-11-11,298.999996,302.999992,297.250004,297.250004,796800,4.79271
1970-11-10,298.250008,300.00,298.250008,298.999996,672000,4.820926
1970-11-09,295.249996,298.999996,295.249996,297.50,912000,4.796741
1970-11-06,292.625008,293.999996,291.499996,293.999996,572800,4.740308
1970-11-05,296.25,296.499996,292.50,292.625008,548800,4.718139
1970-11-04,296.25,300.499992,296.25,296.25,456000,4.776586
1970-11-03,299.750004,300.750008,296.124992,296.124992,540800,4.774571
1970-11-02,293.999996,299.750004,292.749996,299.750004,689600,4.833018
1970-10-30,297.000008,297.000008,292.999992,293.999996,595200,4.740308
1970-10-29,297.000008,300.00,297.000008,298.500004,756800,4.793516
1970-10-28,291.000004,297.250004,289.500008,296.499996,545600,4.761398
1970-10-27,289.750004,291.000004,288.999996,291.000004,448000,4.673076
1970-10-26,294.750004,294.750004,288.999996,289.750004,393600,4.653002
1970-10-23,288.75,295.249996,288.75,295.00,400000,4.73731
1970-10-22,288.875008,289.500008,286.25,287.999992,380800,4.624899
1970-10-21,291.124992,295.499992,288.75,288.875008,564800,4.638951
1970-10-20,284.500008,292.000008,284.500008,291.124992,512000,4.675083
1970-10-19,286.749992,286.749992,282.999992,284.500008,764800,4.568694
1970-10-16,292.999992,293.500004,290.00,290.750008,619200,4.669061
1970-10-15,291.499996,294.874992,291.499996,292.999992,420800,4.705193
1970-10-14,292.000008,294.750004,290.249996,291.499996,352000,4.681105
1970-10-13,290.249996,292.999992,286.000004,292.000008,553600,4.689134
1970-10-12,294.750004,294.750004,288.500004,290.249996,611200,4.661031
1970-10-09,298.250008,298.500004,293.999996,296.124992,764800,4.755376
1970-10-08,305.00,305.00,297.999992,298.250008,771200,4.789501
1970-10-07,307.000008,307.000008,301.499996,305.750008,696000,4.909941
1970-10-06,307.000008,309.750004,307.000008,307.124996,816000,4.932022
1970-10-05,300.499992,307.999992,300.499992,306.749992,731200,4.926
1970-10-02,297.749996,301.000004,297.749996,299.249992,972800,4.80556
1970-10-01,291.749992,297.000008,291.749992,297.000008,496000,4.769428
1970-09-30,291.749992,295.499992,291.499996,291.749992,852800,4.685119
1970-09-29,290.00,292.749996,286.000004,291.749992,764800,4.685119
1970-09-28,288.500004,292.000008,287.000008,290.00,492800,4.657017
1970-09-25,288.500004,291.25,287.000008,288.500004,844800,4.632929
1970-09-24,282.000008,288.500004,282.000008,288.500004,1475200,4.632929
1970-09-23,273.75,281.000004,273.75,281.000004,1240000,4.512489
1970-09-22,275.249996,275.249996,271.499996,273.250008,657600,4.388034
1970-09-21,280.249996,280.375004,273.75,275.499992,892800,4.424166
1970-09-18,277.250004,284.750004,277.250004,280.249996,843200,4.500445
1970-09-17,272.999992,277.000008,272.999992,276.499996,771200,4.440225
1970-09-16,266.375008,271.499996,266.124992,271.000004,569600,4.351902
1970-09-15,266.000004,266.499996,263.250008,266.375008,500800,4.277631
1970-09-14,268.75,270.499992,264.500008,266.000004,796800,4.271609
1970-09-11,268.250008,271.000004,268.250008,268.75,496000,4.31577
1970-09-10,270.750008,270.750008,267.999992,268.250008,761600,4.307741
1970-09-09,275.00,276.749992,270.249996,272.999992,976000,4.384019
1970-09-08,272.000008,275.00,267.000008,275.00,936000,4.416137
1970-09-04,269.750004,273.999996,269.249992,272.000008,780800,4.367961
1970-09-03,265.750008,270.249996,265.750008,269.750004,828800,4.331829
1970-09-02,263.875008,263.999996,259.249992,263.999996,820800,4.239491
1970-09-01,265.249996,265.249996,261.000004,263.875008,819200,4.237484
1970-08-31,269.500008,269.500008,266.25,266.25,563200,4.275623
1970-08-28,265.249996,271.499996,265.249996,271.25,913600,4.355917
1970-08-27,263.75,267.749996,260.750008,265.249996,852800,4.259565
1970-08-26,263.999996,270.00,262.999992,263.75,1100800,4.235477
1970-08-25,262.749996,267.999992,260.00,263.999996,1616000,4.239491
1970-08-24,253.999996,262.749996,253.999996,262.749996,2092800,4.219418
1970-08-21,244.750004,250.00,243.75,249.249992,1081600,4.002626
1970-08-20,239.750004,244.750004,236.000004,244.750004,873600,3.930362
1970-08-19,239.750004,242.749996,238.75,239.750004,697600,3.850068
1970-08-18,235.499992,240.249996,235.499992,239.750004,1172800,3.850068
1970-08-17,229.874992,235.249996,227.50,235.249996,769600,3.777804
1970-08-14,225.00,229.874992,225.00,229.874992,1105600,3.691489
1970-08-13,230.00,230.00,218.75,222.999992,3244800,3.581085
1970-08-12,235.750008,235.750008,230.499992,230.625,1228800,3.703533
1970-08-11,239.750004,239.750004,236.25,238.250008,740800,3.82598
1970-08-10,245.499992,245.499992,238.500004,240.499992,1145600,3.862112
1970-08-07,248.500004,248.999996,245.00,245.499992,721600,3.942406
1970-08-06,249.750004,249.750004,247.50,248.500004,417600,3.990582
1970-08-05,250.249996,250.750008,249.249992,249.750004,336000,4.010655
1970-08-04,249.249992,250.499992,247.000008,250.249996,804800,4.018684
1970-08-03,251.875,251.875,248.125,249.249992,721600,4.002626
1970-07-31,253.250008,253.250008,251.124992,252.250004,609600,4.050802
1970-07-30,252.50,254.750004,252.50,253.500004,628800,4.051605
1970-07-29,252.749996,253.999996,252.250004,252.50,673600,4.035622
1970-07-28,253.250008,253.75,251.25,252.749996,601600,4.039618
1970-07-27,253.75,255.00,251.25,253.250008,420800,4.047609
1970-07-24,256.000004,256.000004,252.999992,253.75,772800,4.055601
1970-07-23,253.999996,258.500004,253.500004,257.000008,1155200,4.107544
1970-07-22,257.749996,258.999996,253.624992,253.999996,1003200,4.059596
1970-07-21,257.999992,258.250008,256.25,257.749996,481600,4.119531
1970-07-20,259.500008,262.50,257.749996,257.999992,1107200,4.123527
1970-07-17,255.750008,260.00,255.750008,259.500008,1260800,4.147501
1970-07-16,252.250004,255.499992,252.250004,253.999996,1004800,4.059596
1970-07-15,251.25,252.999992,250.00,252.000008,852800,4.027631
1970-07-14,247.749996,251.749992,247.749996,251.25,728000,4.015644
1970-07-13,250.249996,252.000008,245.00,247.749996,832000,3.959704
1970-07-10,254.249992,254.500008,248.75,250.249996,593600,3.999661
1970-07-09,252.50,256.000004,250.499992,254.249992,924800,4.063592
1970-07-08,243.500004,252.50,243.500004,252.50,1201600,4.035622
1970-07-07,244.500008,247.250004,242.000008,242.50,960000,3.875796
1970-07-06,250.375004,250.375004,243.999996,244.500008,824000,3.907761
1970-07-02,253.999996,255.249996,250.00,250.750008,755200,4.007653
1970-07-01,250.00,254.750004,249.874992,253.999996,777600,4.059596
1970-06-30,257.50,259.750004,250.00,250.00,1096000,3.995666
1970-06-29,257.50,260.00,254.500008,257.50,860800,4.115536
1970-06-26,257.999992,261.000004,255.249996,257.50,856000,4.115536
1970-06-25,256.749992,262.000008,256.749992,257.999992,1568000,4.123527
1970-06-24,257.124996,262.250004,255.00,255.00,1080000,4.075579
1970-06-23,268.500004,270.00,257.124996,257.124996,724800,4.109542
1970-06-22,270.249996,273.250008,265.125008,268.500004,692800,4.291345
1970-06-19,272.000008,275.750008,270.249996,270.249996,721600,4.319314
1970-06-18,265.750008,272.000008,260.00,272.000008,804800,4.347284
1970-06-17,271.000004,272.749996,265.249996,265.750008,897600,4.247393
1970-06-16,259.125004,271.000004,259.125004,271.000004,665600,4.331302
1970-06-15,258.999996,262.999992,254.500008,258.999996,747200,4.139509
1970-06-12,259.249992,260.00,253.250008,258.999996,956800,4.139509
1970-06-11,262.250004,262.250004,258.75,259.249992,891200,4.143505
1970-06-10,268.250008,268.75,262.000008,265.499992,644800,4.243397
1970-06-09,266.25,269.500008,265.00,268.250008,664000,4.287349
1970-06-08,270.00,273.500004,265.249996,266.25,612800,4.255384
1970-06-05,271.25,273.250008,264.249992,270.00,1540800,4.315319
1970-06-04,281.25,281.25,270.249996,271.25,1080000,4.335297
1970-06-03,282.999992,284.750004,277.999992,282.999992,1337600,4.523093
1970-06-02,286.499996,286.499996,279.249992,282.999992,1204800,4.523093
1970-06-01,277.999992,287.000008,276.000004,287.000008,1659200,4.587024
1970-05-29,267.000008,279.750004,263.500004,277.999992,1779200,4.44318
1970-05-28,258.999996,267.749996,258.999996,267.000008,2089600,4.267371
1970-05-27,245.00,260.499992,245.00,258.999996,1873600,4.139509
1970-05-26,241.000004,247.250004,237.999992,242.000008,2307200,3.867804
1970-05-25,247.250004,247.250004,241.000004,241.000004,1011200,3.851822
1970-05-22,245.499992,250.00,242.999992,247.999992,1163200,3.9637
1970-05-21,245.750008,245.750008,237.000008,245.499992,2536000,3.923743
1970-05-20,255.499992,255.499992,249.500008,250.499992,1576000,4.003657
1970-05-19,268.500004,268.500004,258.500004,258.500004,1017600,4.131518
1970-05-18,270.750008,271.499996,269.500008,270.00,787200,4.315319
1970-05-15,268.500004,271.000004,262.999992,270.750008,2096000,4.327306
1970-05-14,274.500008,274.500008,262.000008,268.500004,1665600,4.291345
1970-05-13,278.75,278.75,274.249992,275.00,1643200,4.395232
1970-05-12,285.499992,288.250008,277.999992,282.50,972800,4.515102
1970-05-11,289.500008,289.500008,285.00,285.499992,460800,4.56305
1970-05-08,289.750004,290.499992,287.000008,290.499992,536000,4.642963
1970-05-07,287.50,290.125008,287.50,289.750004,545600,4.630976
1970-05-06,282.999992,291.000004,280.499992,287.50,1603200,4.595015
1970-05-05,282.999992,283.999996,278.999996,282.999992,1377600,4.523093
1970-05-04,294.624996,294.624996,282.000008,282.999992,1721600,4.523093
1970-05-01,297.999992,298.999996,292.000008,296.749992,915200,4.742855
1970-04-30,300.249996,300.249996,294.500008,297.999992,923200,4.743654
1970-04-29,290.249996,301.000004,286.25,300.249996,2081600,4.77947
1970-04-28,299.750004,299.750004,290.00,290.249996,2020800,4.620287
1970-04-27,308.999996,310.00,299.624996,301.499996,1641600,4.799368
1970-04-24,309.624996,311.499996,306.000004,308.999996,851200,4.918755
1970-04-23,312.999992,314.500008,309.500008,309.624996,1059200,4.928704
1970-04-22,319.624996,319.624996,312.999992,312.999992,1353600,4.982429
1970-04-21,324.500008,325.00,320.999985,320.999985,428800,5.109775
1970-04-20,322.999992,325.750008,322.999992,324.500008,436800,5.165489
1970-04-17,320.750008,323.499985,319.500008,322.50,545600,5.133653
1970-04-16,323.250008,325.00,320.499992,320.750008,459200,5.105796
1970-04-15,324.749985,327.000008,322.750015,323.250008,444800,5.145591
1970-04-14,326.500015,326.500015,321.25,324.749985,633600,5.169469
1970-04-13,330.999985,330.999985,326.375008,327.000008,424000,5.205285
1970-04-10,325.750008,337.000008,325.750008,331.500015,1497600,5.276918
1970-04-09,325.499992,330.499992,325.499992,325.750008,612800,5.185387
1970-04-08,320.00,324.000015,319.500008,324.000015,427200,5.15753
1970-04-07,320.499992,322.999992,318.999996,320.00,555200,5.093857
1970-04-06,323.499985,323.499985,317.50,320.499992,892800,5.101816
1970-04-03,330.750008,330.750008,325.750008,326.500015,464000,5.197326
1970-04-02,337.000008,337.000008,331.749992,332.000008,417600,5.284877
1970-04-01,338.499985,340.499992,337.249985,337.750015,521600,5.376407
1970-03-31,336.749992,338.499985,335.999985,338.499985,588800,5.388345
1970-03-30,334.249992,337.750015,334.249992,336.749992,508800,5.360488
1970-03-26,332.999992,335.00,332.750015,333.250008,449600,5.304774
1970-03-25,329.500008,337.000008,329.500008,332.999992,1244800,5.300795
1970-03-24,322.000008,327.999992,322.000008,327.999992,432000,5.221203
1970-03-23,319.750004,322.750015,317.749996,322.000008,332800,5.125694
1970-03-20,322.374992,322.999992,317.749996,319.750004,731200,5.089877
1970-03-19,322.249985,323.75,321.25,322.374992,483200,5.131663
1970-03-18,322.50,324.249992,322.249985,322.249985,601600,5.129673
1970-03-17,320.00,324.000015,319.249992,322.50,795200,5.133653
1970-03-16,321.749992,321.749992,318.500004,320.00,748800,5.093857
1970-03-13,328.75,329.000015,324.249992,324.249992,433600,5.161509
1970-03-12,328.499985,328.75,325.125008,328.75,643200,5.233142
1970-03-11,326.500015,332.000008,325.00,328.499985,947200,5.229162
1970-03-10,318.500004,326.500015,318.500004,326.500015,947200,5.197326
1970-03-09,320.00,320.00,315.249996,316.749992,1459200,5.042122
1970-03-06,329.124985,329.124985,323.499985,325.250015,1108800,5.177428
1970-03-05,329.749985,332.000008,329.000015,329.249992,643200,5.241101
1970-03-04,333.250008,334.749985,328.499985,329.749985,1067200,5.24906
1970-03-03,335.499992,335.499992,332.999992,333.250008,811200,5.304774
1970-03-02,340.250015,340.999985,334.749985,335.499992,993600,5.34059
1970-02-27,344.249992,345.00,340.250015,340.250015,577600,5.416203
1970-02-26,345.00,345.00,339.500008,344.249992,568000,5.479876
1970-02-25,344.500008,349.000015,335.00,345.00,1224000,5.491814
1970-02-24,348.499985,348.499985,344.500008,344.500008,371200,5.483855
1970-02-20,352.000008,352.50,347.999992,349.500008,643200,5.563447
1970-02-19,352.000008,354.500008,352.000008,352.000008,649600,5.603243
1970-02-18,349.749985,354.749985,349.500008,351.25,392000,5.591304
1970-02-17,349.249992,349.749985,345.999985,349.749985,443200,5.567426
1970-02-16,349.000015,350.750008,347.750015,349.249992,412800,5.559467
1970-02-13,352.000008,352.000008,347.50,349.000015,497600,5.555488
1970-02-12,355.00,355.00,350.499992,352.000008,499200,5.603243
1970-02-11,348.75,355.00,348.75,355.00,584000,5.650997
1970-02-10,349.749985,351.500015,344.500008,345.999985,512000,5.507732
1970-02-09,346.500015,351.500015,346.500015,349.749985,569600,5.567426
1970-02-06,338.75,345.250015,338.250008,344.749985,704000,5.487835
1970-02-05,339.500008,339.500008,334.749985,338.75,817600,5.392325
1970-02-04,343.250008,346.749992,336.500015,343.250008,904000,5.463957
1970-02-03,342.999992,346.749992,336.500015,343.250008,1136000,5.463957
1970-02-02,337.000008,342.999992,337.000008,342.999992,788800,5.459978
1970-01-30,335.187416,344.749985,334.249992,335.187416,427200,5.335615
1970-01-29,340.999985,344.749985,334.249992,338.499985,1072000,5.388345
1970-01-28,345.250015,347.249985,340.250015,340.999985,844800,5.428141
1970-01-27,345.750008,345.750008,340.999985,345.250015,1088000,5.495794
1970-01-26,354.000015,354.000015,348.499985,348.499985,696000,5.547528
1970-01-23,355.999985,359.000015,355.999985,355.999985,816000,5.666915
1970-01-22,355.00,357.000008,354.249992,355.999985,636800,5.666915
1970-01-21,356.500015,356.500015,353.499985,355.00,945600,5.650997
1970-01-20,350.00,357.000008,345.00,356.500015,1681600,5.674875
1970-01-19,355.125008,355.125008,349.500008,350.00,744000,5.571406
1970-01-16,381.500015,387.000008,369.000015,369.749985,1283200,5.885792
1970-01-15,375.00,381.500015,375.00,381.500015,420800,6.072833
1970-01-14,374.124985,375.499992,372.999992,373.75,392000,5.949466
1970-01-13,367.750015,375.999985,367.750015,374.124985,744000,5.955435
1970-01-12,369.000015,369.749985,367.750015,367.750015,379200,5.853956
1970-01-09,369.500008,370.499992,368.499985,369.000015,585600,5.873854
1970-01-08,368.75,369.500008,367.50,369.500008,707200,5.881813
1970-01-07,368.499985,368.75,366.25,368.75,457600,5.869874
1970-01-06,368.250008,369.000015,366.25,368.499985,488000,5.865894
1970-01-05,365.999985,368.250008,365.999985,368.250008,424000,5.861915
1970-01-02,364.500008,365.750008,364.000015,364.749985,315200,5.806201
1969-12-31,362.000008,364.500008,362.000008,364.500008,584000,5.802221
1969-12-30,358.250008,360.250015,356.500015,359.500008,387200,5.72263
1969-12-29,360.999985,362.750015,357.999992,358.250008,220800,5.702732
1969-12-26,355.00,361.500015,355.00,360.999985,219200,5.746507
1969-12-24,354.000015,359.500008,354.000015,355.00,561600,5.650997
1969-12-23,360.00,360.00,351.25,351.500015,769600,5.595284
1969-12-22,365.999985,365.999985,360.250015,360.499992,585600,5.738548
1969-12-19,360.499992,367.000008,360.499992,366.500015,923200,5.834058
1969-12-18,351.500015,360.750008,350.999985,360.250015,849600,5.734569
1969-12-17,353.250008,354.500008,350.250015,351.500015,320000,5.595284
1969-12-16,357.999992,357.999992,353.250008,353.250008,528000,5.62314
1969-12-15,359.000015,359.000015,356.25,357.999992,395200,5.698752
1969-12-12,356.25,360.250015,356.25,359.500008,408000,5.72263
1969-12-11,355.499992,356.749992,355.250015,355.499992,444800,5.658956
1969-12-10,355.999985,355.999985,352.50,355.499992,763200,5.658956
1969-12-09,355.499992,361.500015,355.250015,355.999985,744000,5.666915
1969-12-08,357.000008,359.000015,355.499992,355.499992,457600,5.658956
1969-12-05,357.000008,360.00,355.250015,357.000008,387200,5.682834
1969-12-04,355.125008,357.50,352.249985,357.000008,499200,5.682834
1969-12-03,355.999985,359.000015,355.125008,355.125008,304000,5.652987
1969-12-02,359.500008,359.500008,355.499992,355.999985,667200,5.666915
1969-12-01,358.499985,360.999985,358.499985,360.00,536000,5.730589
1969-11-28,351.749992,357.50,351.749992,357.000008,280000,5.682834
1969-11-26,346.749992,350.999985,346.749992,350.00,412800,5.571406
1969-11-25,345.750008,351.749992,345.499992,346.25,564800,5.511712
1969-11-24,350.00,350.00,344.249992,345.750008,620800,5.503753
1969-11-21,354.500008,354.500008,350.999985,350.999985,272000,5.587324
1969-11-20,357.249985,357.249985,352.50,354.749985,660800,5.647018
1969-11-19,363.250008,363.499985,359.000015,359.000015,584000,5.714671
1969-11-18,362.50,363.75,360.499992,363.250008,457600,5.782324
1969-11-17,362.999992,363.75,361.500015,362.50,356800,5.770385
1969-11-14,364.500008,364.500008,362.999992,362.999992,305600,5.778344
1969-11-13,365.750008,365.750008,359.500008,364.500008,649600,5.802221
1969-11-12,367.750015,368.499985,366.25,367.000008,331200,5.842017
1969-11-11,366.749992,368.75,366.25,367.750015,404800,5.853956
1969-11-10,365.00,368.499985,365.00,366.749992,648000,5.838037
1969-11-07,361.749992,365.250015,361.749992,365.00,425600,5.81018
1969-11-06,360.499992,361.25,359.249992,360.499992,248000,5.738548
1969-11-05,359.500008,361.25,359.249992,360.499992,284800,5.722629
1969-11-04,359.500008,360.499992,355.999985,359.500008,404800,5.706756
1969-11-03,360.00,360.00,356.25,359.500008,416000,5.706756
1969-10-31,359.500008,362.249985,359.500008,360.499992,393600,5.722629
1969-10-30,356.25,359.500008,354.249992,359.500008,540800,5.706756
1969-10-29,360.00,360.00,356.25,356.25,347200,5.655164
1969-10-28,363.499985,363.499985,360.00,361.500015,284800,5.738504
1969-10-27,364.000015,365.00,360.499992,363.499985,292800,5.770252
1969-10-24,358.75,365.00,358.75,364.000015,732800,5.778189
1969-10-23,355.499992,356.500015,352.750015,356.500015,416000,5.659133
1969-10-22,357.000008,357.249985,355.00,355.499992,593600,5.643259
1969-10-21,353.250008,358.75,353.250008,357.000008,569600,5.66707
1969-10-20,350.999985,352.999992,350.999985,352.999992,252800,5.603573
1969-10-17,351.749992,353.499985,350.250015,350.999985,316800,5.571825
1969-10-16,354.000015,355.999985,348.499985,351.749992,640000,5.583731
1969-10-15,353.75,355.750008,353.75,354.000015,755200,5.619448
1969-10-14,347.249985,353.499985,347.000008,352.999992,1156800,5.603573
1969-10-13,346.500015,347.750015,342.999992,347.249985,340800,5.512297
1969-10-10,347.000008,349.874992,344.000015,346.500015,524800,5.500392
1969-10-09,341.500015,347.750015,340.250015,347.000008,340800,5.508329
1969-10-08,345.750008,345.750008,341.124992,341.500015,683200,5.421021
1969-10-07,348.499985,350.499992,345.250015,345.999985,424000,5.492454
1969-10-06,344.749985,349.000015,343.250008,348.499985,372800,5.53214
1969-10-03,344.500008,346.749992,343.75,344.749985,785600,5.472612
1969-10-02,343.499985,345.499992,340.00,344.500008,1067200,5.468643
1969-10-01,345.250015,345.999985,343.250008,343.499985,360000,5.452769
1969-09-30,346.25,347.000008,344.500008,345.250015,296000,5.480549
1969-09-29,346.500015,348.250008,342.999992,346.25,553600,5.496423
1969-09-26,347.750015,350.999985,345.00,346.500015,428800,5.500392
1969-09-25,355.999985,355.999985,347.000008,347.750015,512000,5.520234
1969-09-24,357.249985,357.50,355.00,357.000008,433600,5.66707
1969-09-23,358.499985,360.250015,354.500008,357.249985,652800,5.671038
1969-09-22,352.50,359.000015,352.50,358.499985,747200,5.690881
1969-09-19,349.249992,352.999992,349.249992,350.999985,1024000,5.571825
1969-09-18,347.000008,349.500008,347.000008,348.499985,441600,5.53214
1969-09-17,346.749992,347.50,345.250015,347.000008,299200,5.508329
1969-09-16,344.000015,347.750015,341.500015,346.749992,537600,5.50436
1969-09-15,345.499992,347.249985,340.00,344.000015,537600,5.460706
1969-09-12,343.499985,345.499992,337.50,345.499992,640000,5.484517
1969-09-11,346.500015,346.500015,342.750015,343.499985,443200,5.452769
1969-09-10,340.00,349.500008,340.00,348.499985,481600,5.53214
1969-09-09,335.250015,338.499985,330.999985,338.499985,536000,5.373398
1969-09-08,337.50,337.50,335.250015,335.250015,307200,5.321808
1969-09-05,340.250015,340.499992,336.25,337.999992,364800,5.365461
1969-09-04,340.750008,341.500015,337.999992,340.250015,440000,5.401178
1969-09-03,343.499985,345.250015,340.250015,340.750008,248000,5.409115
1969-09-02,345.00,345.499992,340.499992,343.499985,425600,5.452769
1969-08-29,347.999992,349.874992,342.999992,345.00,576000,5.47658
1969-08-28,343.499985,347.999992,343.499985,347.999992,324800,5.524203
1969-08-27,341.500015,345.999985,341.500015,342.750015,331200,5.440864
1969-08-26,340.999985,341.749992,337.999992,340.00,448000,5.39721
1969-08-25,346.500015,346.500015,340.999985,340.999985,569600,5.413084
1969-08-22,349.000015,350.750008,348.75,350.250015,696000,5.55992
1969-08-21,346.875,349.500008,345.999985,349.000015,513600,5.540077
1969-08-20,342.000008,346.875,340.999985,346.875,520000,5.506344
1969-08-19,341.25,344.249992,340.00,342.000008,764800,5.428958
1969-08-18,339.500008,341.500015,338.250008,341.25,561600,5.417052
1969-08-15,338.75,339.500008,337.000008,339.500008,536000,5.389273
1969-08-14,335.00,338.75,334.500008,338.75,593600,5.377367
1969-08-13,330.499992,335.00,328.75,335.00,619200,5.317839
1969-08-12,329.249992,330.499992,327.999992,330.499992,516800,5.246405
1969-08-11,333.499985,334.249992,329.249992,329.249992,323200,5.226562
1969-08-08,333.75,337.50,333.499985,333.499985,272000,5.294027
1969-08-07,335.999985,337.000008,332.750015,333.75,387200,5.297996
1969-08-06,335.250015,338.499985,335.250015,335.999985,716800,5.333713
1969-08-05,327.50,334.500008,327.50,334.500008,785600,5.309902
1969-08-04,329.500008,334.000015,325.499992,326.749992,723200,5.186877
1969-08-01,325.999985,331.749992,325.999985,329.500008,940800,5.230531
1969-07-31,320.00,326.500015,320.00,324.500008,1096000,5.135286
1969-07-30,312.999992,320.00,310.00,315.499992,1260800,4.992859
1969-07-29,313.125,322.999992,312.999992,312.999992,1364800,4.953296
1969-07-28,316.25,316.25,312.999992,313.125,955200,4.955274
1969-07-25,317.000008,318.500004,315.249996,316.499996,721600,5.008684
1969-07-24,320.250015,321.500015,316.499996,317.000008,620800,5.016597
1969-07-23,318.250008,322.000008,315.499992,320.250015,956800,5.068029
1969-07-22,322.999992,325.00,317.749996,318.250008,633600,5.036379
1969-07-18,325.999985,325.999985,320.499992,322.999992,436800,5.111548
1969-07-17,328.499985,332.000008,327.000008,327.50,505600,5.182762
1969-07-16,325.499992,328.499985,325.499992,328.499985,624000,5.198587
1969-07-15,321.500015,324.000015,317.250004,323.499985,1036800,5.119461
1969-07-14,331.500015,332.000008,320.999985,321.500015,587200,5.087811
1969-07-11,327.000008,332.999992,326.500015,331.500015,769600,5.246063
1969-07-10,333.499985,335.999985,325.499992,327.000008,664000,5.174849
1969-07-09,335.499992,335.499992,332.50,333.499985,747200,5.277713
1969-07-08,345.00,345.00,335.999985,335.999985,1104000,5.317276
1969-07-07,351.25,351.500015,344.000015,347.999992,976000,5.507179
1969-07-03,347.999992,364.500008,347.999992,351.25,936000,5.558611
1969-07-02,339.500008,347.999992,339.500008,347.999992,737600,5.507179
1969-07-01,337.750015,339.249992,334.249992,337.50,561600,5.341014
1969-06-30,332.50,339.500008,332.50,337.750015,811200,5.344971
1969-06-27,329.749985,334.500008,329.500008,331.500015,833600,5.246063
1969-06-26,320.499992,329.749985,320.00,329.749985,644800,5.218368
1969-06-25,325.499992,325.499992,320.499992,320.499992,585600,5.071985
1969-06-24,319.500008,326.500015,319.500008,325.499992,737600,5.151111
1969-06-23,312.250004,315.499992,312.000008,315.499992,452800,4.992859
1969-06-20,313.999996,318.999996,312.000008,312.250004,723200,4.941427
1969-06-19,314.249992,317.749996,313.250008,313.999996,387200,4.969121
1969-06-18,314.249992,317.999992,314.249992,314.249992,588800,4.973077
1969-06-17,313.500004,314.249992,310.249996,314.249992,388800,4.973077
1969-06-16,312.999992,314.750004,312.999992,313.500004,260800,4.961209
1969-06-13,309.500008,313.250008,309.500008,311.499996,515200,4.929558
1969-06-12,308.999996,308.999996,307.749996,307.999992,441600,4.87417
1969-06-11,310.249996,311.000004,307.999992,309.500008,409600,4.897908
1969-06-10,312.250004,312.999992,310.00,310.249996,315200,4.909777
1969-06-09,314.249992,314.249992,311.000004,312.250004,404800,4.941427
1969-06-06,317.999992,318.500004,315.00,315.00,267200,4.984946
1969-06-05,318.999996,319.249992,317.999992,317.999992,259200,5.032422
1969-06-04,317.999992,320.499992,317.749996,318.999996,340800,5.048247
1969-06-03,319.500008,321.500015,317.50,317.999992,396800,5.032422
1969-06-02,318.999996,320.00,318.999996,319.500008,172800,5.05616
1969-05-29,321.749992,324.000015,318.250008,318.999996,379200,5.048247
1969-05-28,322.249985,322.50,318.999996,321.749992,288000,5.091767
1969-05-27,327.000008,329.249992,322.249985,322.249985,196800,5.099679
1969-05-26,327.000008,329.000015,326.500015,327.000008,177600,5.174849
1969-05-23,322.750015,327.50,322.50,327.000008,208000,5.174849
1969-05-22,322.50,324.000015,321.749992,322.750015,513600,5.107592
1969-05-21,319.750004,324.000015,319.750004,322.50,264000,5.103636
1969-05-20,323.75,323.75,319.500008,319.500008,556800,5.05616
1969-05-19,329.000015,329.000015,324.249992,324.249992,241600,5.13133
1969-05-16,330.00,332.999992,330.00,330.499992,291200,5.230237
1969-05-15,332.50,332.50,329.000015,330.00,377600,5.222325
1969-05-14,331.500015,334.874992,331.500015,334.000015,403200,5.285626
1969-05-13,326.500015,331.500015,325.499992,331.500015,300800,5.246063
1969-05-12,327.000008,328.250008,325.125008,326.500015,236800,5.166937
1969-05-09,329.749985,329.749985,326.25,327.000008,232000,5.174849
1969-05-08,329.000015,331.500015,327.999992,329.749985,332800,5.218368
1969-05-07,331.500015,332.50,325.999985,329.000015,403200,5.2065
1969-05-06,327.750015,331.749992,327.750015,331.500015,467200,5.246063
1969-05-05,326.749992,327.999992,326.749992,327.50,291200,5.182762
1969-05-02,325.499992,327.50,325.00,326.500015,260800,5.166937
1969-05-01,327.999992,328.499985,322.50,325.499992,812800,5.138451
1969-04-30,327.249985,330.250015,326.25,327.999992,696000,5.177917
1969-04-29,324.500008,328.499985,324.500008,327.249985,667200,5.166077
1969-04-28,317.999992,324.500008,317.999992,324.249992,593600,5.118718
1969-04-25,315.499992,317.999992,314.500008,317.749996,384000,5.016107
1969-04-24,311.499996,316.000004,311.499996,315.499992,433600,4.980588
1969-04-23,312.50,313.500004,311.000004,311.25,411200,4.913496
1969-04-22,307.999992,312.999992,306.187401,312.50,473600,4.933229
1969-04-21,308.250008,308.75,305.249996,307.999992,251200,4.862191
1969-04-18,306.749992,308.75,306.499996,308.250008,216000,4.866137
1969-04-17,308.75,308.75,306.499996,306.749992,283200,4.842458
1969-04-16,310.499992,311.25,307.000008,308.75,209600,4.87403
1969-04-15,310.00,312.000008,310.00,310.499992,219200,4.901656
1969-04-14,312.000008,312.000008,308.999996,309.249992,408000,4.881923
1969-04-11,313.75,314.500008,311.499996,312.250004,332800,4.929283
1969-04-10,312.000008,313.75,311.499996,313.75,225600,4.952962
1969-04-09,307.000008,312.000008,307.000008,312.000008,336000,4.925336
1969-04-08,307.250004,309.500008,305.249996,306.499996,307200,4.838511
1969-04-07,308.999996,308.999996,307.000008,307.250004,355200,4.850351
1969-04-03,311.000004,311.000004,307.999992,310.750008,320000,4.905603
1969-04-02,312.999992,312.999992,310.499992,311.000004,249600,4.90955
1969-04-01,313.999996,316.000004,312.749996,312.999992,348800,4.941122
1969-03-28,311.499996,315.499992,311.499996,313.999996,328000,4.956909
1969-03-27,309.500008,311.499996,308.75,311.25,417600,4.913496
1969-03-26,307.999992,310.249996,307.000008,309.500008,468800,4.88587
1969-03-25,306.499996,309.500008,305.750008,307.999992,361600,4.862191
1969-03-24,305.499992,307.000008,305.249996,306.499996,284800,4.838511
1969-03-21,305.499992,305.499992,302.000008,305.499992,329600,4.822725
1969-03-20,303.500004,305.750008,302.999992,305.499992,403200,4.822725
1969-03-19,300.00,304.750004,300.00,303.500004,361600,4.791152
1969-03-18,301.749992,301.749992,297.999992,299.874992,329600,4.733927
1969-03-17,295.750008,302.999992,294.500008,301.749992,491200,4.763526
1969-03-14,294.750004,295.750008,293.500004,295.750008,324800,4.668808
1969-03-13,299.624996,300.00,294.249992,294.750004,563200,4.653022
1969-03-12,302.999992,303.500004,299.500008,299.624996,385600,4.72998
1969-03-11,303.500004,307.749996,301.499996,302.999992,428800,4.783259
1969-03-10,299.750004,303.500004,298.999996,303.500004,307200,4.791152
1969-03-07,299.750004,299.750004,295.00,299.750004,360000,4.731953
1969-03-06,302.50,302.50,298.999996,301.000004,364800,4.751686
1969-03-05,298.999996,302.50,298.999996,301.000004,364800,4.751686
1969-03-04,296.000004,298.500004,295.499992,297.749996,393600,4.700381
1969-03-03,293.374996,296.000004,291.749992,296.000004,324800,4.672755
1969-02-28,296.000004,297.250004,293.250008,293.374996,424000,4.631315
1969-02-27,297.999992,297.999992,295.499992,296.000004,468800,4.672755
1969-02-26,296.25,298.500004,296.000004,298.500004,536000,4.712221
1969-02-25,296.749992,299.500008,295.249996,296.25,627200,4.676701
1969-02-24,295.499992,297.50,295.249996,296.749992,488000,4.684594
1969-02-20,295.499992,296.499996,293.999996,295.499992,651200,4.664861
1969-02-19,300.00,302.000008,295.249996,295.499992,561600,4.664861
1969-02-18,300.00,300.00,297.000008,300.00,552000,4.7359
1969-02-17,306.499996,306.499996,300.00,300.00,539200,4.7359
1969-02-14,310.249996,310.499992,306.749992,308.75,468800,4.87403
1969-02-13,306.499996,310.499992,306.499996,310.249996,467200,4.89771
1969-02-12,303.500004,306.749992,303.500004,305.499992,537600,4.822725
1969-02-11,300.249996,302.999992,300.249996,302.999992,579200,4.783259
1969-02-07,297.250004,297.999992,295.499992,297.999992,504000,4.704327
1969-02-06,296.749992,298.999996,294.500008,297.250004,609600,4.692488
1969-02-05,296.25,296.749992,295.499992,296.749992,473600,4.671965
1969-02-04,295.00,297.000008,295.00,296.25,448000,4.664094
1969-02-03,296.25,297.250004,294.750004,294.874992,569600,4.642446
1969-01-31,296.499996,297.50,295.249996,296.25,624000,4.664094
1969-01-30,296.25,297.250004,295.249996,296.499996,587200,4.668029
1969-01-29,299.750004,300.00,296.25,296.25,600000,4.664094
1969-01-28,299.750004,300.499992,298.250008,299.750004,520000,4.719197
1969-01-27,299.750004,300.00,297.749996,299.750004,520000,4.719197
1969-01-24,300.499992,300.499992,298.500004,299.750004,464000,4.719197
1969-01-23,302.999992,302.999992,300.00,300.499992,488000,4.731004
1969-01-22,302.999992,303.75,300.00,302.999992,624000,4.770364
1969-01-21,300.00,302.999992,299.750004,302.999992,579200,4.770364
1969-01-20,300.00,300.00,295.00,300.00,1739200,4.723133
1969-01-17,312.749996,312.999992,305.249996,307.50,907200,4.841211
1969-01-16,310.00,312.749996,310.00,312.749996,408000,4.923866
1969-01-15,308.500004,309.500008,307.000008,308.75,416000,4.860891
1969-01-14,300.00,308.500004,300.00,308.500004,705600,4.856955
1969-01-13,303.75,303.75,298.999996,300.00,1121600,4.723133
1969-01-10,310.00,310.00,303.999996,305.750008,603200,4.81366
1969-01-09,307.50,311.000004,307.50,310.00,664000,4.88057
1969-01-08,304.249992,306.749992,304.249992,306.000004,700800,4.817595
1969-01-07,302.50,303.500004,300.249996,303.500004,723200,4.778236
1969-01-06,307.50,307.50,300.249996,302.50,1232000,4.762492
1969-01-03,312.000008,312.000008,309.249992,312.000008,705600,4.912058
1969-01-02,315.00,315.249996,312.999992,313.75,256000,4.93961
1968-12-31,313.999996,317.000008,313.999996,315.00,563200,4.959289
1968-12-30,317.999992,317.999992,310.00,313.500004,1544000,4.935674
1968-12-27,319.750004,321.500015,315.00,318.999996,440000,5.022264
1968-12-26,320.999985,324.000015,318.999996,319.750004,161600,5.034072
1968-12-24,319.249992,322.000008,319.249992,320.999985,315200,5.053752
1968-12-23,321.875,321.875,316.499996,317.749996,384000,5.002585
1968-12-20,325.999985,329.500008,320.250015,322.000008,371200,5.069496
1968-12-19,319.750004,325.999985,319.750004,325.999985,624000,5.132471
1968-12-17,316.499996,319.750004,316.499996,319.500008,465600,5.030136
1968-12-16,316.499996,317.999992,315.249996,315.750008,323200,4.971097
1968-12-13,319.750004,319.750004,316.499996,316.499996,457600,4.982905
1968-12-12,327.50,327.50,317.999992,320.999985,480000,5.053752
1968-12-10,327.000008,329.000015,325.999985,327.999992,259200,5.163958
1968-12-09,325.999985,328.499985,323.250008,327.000008,268800,5.148215
1968-12-06,328.250008,328.250008,325.00,325.999985,344000,5.132471
1968-12-05,330.00,330.750008,327.50,328.499985,555200,5.17183
1968-12-03,329.000015,330.250015,327.999992,330.00,492800,5.195446
1968-12-02,333.75,334.749985,328.499985,329.000015,464000,5.179702
1968-11-29,334.500008,334.749985,332.999992,333.75,444800,5.254485
1968-11-27,330.250015,334.500008,330.250015,334.500008,433600,5.266293
1968-11-26,327.999992,330.999985,327.999992,329.749985,825600,5.19151
1968-11-25,327.750015,327.999992,326.25,327.000008,465600,5.148215
1968-11-22,325.999985,327.874985,322.50,327.750015,571200,5.160023
1968-11-21,325.00,326.500015,322.999992,325.999985,500800,5.132471
1968-11-19,322.50,325.00,318.500004,325.00,488000,5.116727
1968-11-18,327.000008,327.750015,321.500015,322.50,449600,5.077368
1968-11-15,325.499992,327.249985,325.499992,327.000008,432000,5.148215
1968-11-14,324.000015,327.000008,323.250008,325.00,491200,5.116727
1968-11-13,320.00,324.000015,319.750004,324.000015,544000,5.100984
1968-11-12,317.000008,320.00,317.000008,320.00,723200,5.038008
1968-11-08,316.000004,316.000004,312.50,315.499992,561600,4.967161
1968-11-07,310.00,317.000008,310.00,316.749992,593600,4.986841
1968-11-06,315.00,317.000008,309.249992,310.00,1324800,4.88057
1968-11-04,308.999996,317.000008,307.50,315.00,980800,4.959289
1968-11-01,307.999992,309.750004,307.999992,308.999996,1048000,4.864827
1968-10-31,307.50,307.50,304.500008,307.000008,2816000,4.833339
1968-10-29,313.500004,314.500008,308.999996,309.500008,915200,4.872699
1968-10-28,316.749992,316.749992,307.999992,313.500004,1801600,4.935674
1968-10-25,317.50,317.50,315.499992,316.749992,776000,4.986841
1968-10-24,323.499985,323.499985,317.000008,317.999992,720000,5.006521
1968-10-22,327.000008,327.000008,322.999992,324.000015,499200,5.100984
1968-10-21,327.000008,329.500008,325.999985,327.000008,568000,5.148215
1968-10-18,321.25,327.000008,321.25,327.000008,936000,5.148215
1968-10-17,315.499992,318.999996,315.499992,318.999996,1480000,5.022264
1968-10-15,318.500004,318.500004,313.250008,315.00,1028800,4.959289
1968-10-14,325.00,325.750008,318.999996,319.750004,836800,5.034072
1968-10-11,327.750015,327.750015,322.000008,325.00,1544000,5.116727
1968-10-10,330.750008,332.999992,328.499985,329.500008,683200,5.187574
1968-10-08,330.250015,330.999985,327.999992,330.750008,448000,5.207254
1968-10-07,330.999985,332.249985,327.999992,330.250015,379200,5.199382
1968-10-04,325.00,332.50,325.00,330.999985,617600,5.21119
1968-10-03,326.749992,326.749992,322.249985,324.500008,889600,5.108855
1968-10-01,330.499992,330.499992,325.250015,327.000008,696000,5.148215
1968-09-30,332.249985,335.00,332.000008,335.00,281600,5.274165
1968-09-27,335.499992,335.499992,331.500015,332.249985,436800,5.230869
1968-09-26,337.000008,337.000008,335.250015,335.750008,492800,5.285973
1968-09-24,337.000008,337.000008,334.249992,337.000008,499200,5.305653
1968-09-23,330.999985,337.000008,330.00,337.000008,612800,5.305653
1968-09-20,334.000015,334.000015,330.250015,330.999985,500800,5.21119
1968-09-19,336.749992,337.50,334.749985,335.750008,356800,5.285973
1968-09-17,335.999985,336.749992,335.250015,336.749992,353600,5.301716
1968-09-16,337.50,337.50,335.250015,335.999985,315200,5.289908
1968-09-13,337.249985,339.500008,337.249985,337.50,272000,5.313524
1968-09-12,337.000008,337.999992,334.749985,337.000008,468800,5.305653
1968-09-10,337.999992,337.999992,335.00,337.000008,291200,5.305653
1968-09-09,340.499992,340.999985,338.250008,338.499985,217600,5.329268
1968-09-06,339.749985,341.500015,337.999992,340.499992,340800,5.360755
1968-09-05,339.000015,341.500015,337.999992,339.749985,248000,5.348948
1968-09-04,337.000008,339.000015,337.000008,339.000015,296000,5.33714
1968-09-03,335.00,336.500015,332.000008,336.500015,216000,5.297781
1968-08-30,337.50,337.50,333.499985,335.00,315200,5.274165
1968-08-29,337.999992,338.499985,332.000008,337.999992,392000,5.321396
1968-08-27,340.00,340.499992,335.499992,337.999992,243200,5.321396
1968-08-26,338.499985,340.499992,338.499985,340.00,320000,5.352884
1968-08-23,343.499985,343.624992,335.499992,338.250008,272000,5.325332
1968-08-22,344.500008,346.500015,339.000015,343.499985,323200,5.407987
1968-08-20,344.749985,344.749985,340.999985,344.500008,243200,5.423731
1968-08-19,340.999985,345.00,340.999985,345.00,291200,5.431603
1968-08-16,339.000015,341.500015,336.500015,340.499992,348800,5.360755
1968-08-15,343.250008,344.749985,337.999992,339.000015,484800,5.33714
1968-08-13,338.75,343.499985,338.75,343.250008,448000,5.404051
1968-08-12,335.250015,339.500008,335.250015,338.75,497600,5.333204
1968-08-09,335.499992,335.499992,331.500015,335.00,388800,5.274165
1968-08-08,337.999992,340.999985,335.00,335.999985,624000,5.289908
1968-08-06,335.499992,337.999992,335.250015,337.999992,419200,5.321396
1968-08-05,335.999985,336.500015,334.000015,335.499992,436800,5.282037
1968-08-02,336.500015,336.500015,330.00,335.999985,568000,5.289908
1968-08-01,338.75,344.000015,335.999985,337.874985,748800,5.309194
1968-07-30,331.500015,340.499992,331.500015,338.75,451200,5.322944
1968-07-29,332.000008,332.000008,325.999985,331.500015,865600,5.209021
1968-07-26,335.499992,337.000008,332.000008,332.000008,635200,5.216878
1968-07-25,343.75,345.999985,334.000015,335.499992,616000,5.271875
1968-07-23,342.000008,344.000015,339.000015,343.75,536000,5.401511
1968-07-22,345.00,346.749992,337.999992,342.000008,699200,5.374013
1968-07-19,352.999992,352.999992,345.00,345.00,873600,5.421153
1968-07-18,355.00,357.999992,352.50,357.999992,425600,5.625428
1968-07-16,356.500015,356.500015,352.000008,355.00,395200,5.578288
1968-07-15,355.00,360.499992,355.00,357.000008,372800,5.609715
1968-07-12,357.999992,358.75,352.000008,354.749985,428800,5.574359
1968-07-11,362.50,362.50,354.000015,357.999992,673600,5.625428
1968-07-09,364.749985,364.749985,361.500015,362.999992,292800,5.703996
1968-07-08,360.999985,365.00,360.999985,365.00,675200,5.735423
1968-07-03,352.000008,357.999992,350.999985,357.999992,544000,5.625428
1968-07-02,351.500015,352.000008,347.999992,352.000008,539200,5.531148
1968-07-01,353.75,355.999985,348.250008,351.500015,360000,5.523291
1968-06-28,359.749985,359.749985,351.500015,353.75,297600,5.558646
1968-06-27,356.25,360.499992,356.25,360.499992,537600,5.664712
1968-06-25,349.000015,357.000008,349.000015,354.500008,516800,5.570431
1968-06-24,357.999992,357.999992,347.999992,348.250008,371200,5.472222
1968-06-21,358.499985,359.749985,355.750008,358.250008,537600,5.629357
1968-06-20,351.500015,358.499985,351.500015,358.499985,859200,5.633285
1968-06-18,346.500015,350.00,345.250015,346.749992,683200,5.448652
1968-06-17,357.999992,357.999992,345.00,346.500015,592000,5.444724
1968-06-14,359.000015,359.000015,352.000008,355.750008,908800,5.590073
1968-06-13,370.00,371.749992,358.75,360.00,676800,5.656856
1968-06-11,370.750008,371.749992,369.000015,370.00,388800,5.81399
1968-06-10,370.00,371.749992,364.500008,370.750008,468800,5.825776
1968-06-07,367.999992,370.499992,367.000008,370.00,476800,5.81399
1968-06-06,365.999985,369.500008,365.999985,367.999992,643200,5.782563
1968-06-05,369.749985,370.499992,362.999992,365.00,601600,5.735423
1968-06-04,375.00,375.00,367.999992,369.749985,985600,5.810062
1968-06-03,369.000015,375.00,369.000015,375.00,1096000,5.892558
1968-05-31,349.000015,357.000008,349.000015,357.000008,929600,5.609715
1968-05-29,337.000008,345.750008,337.000008,345.750008,856000,5.432938
1968-05-28,332.50,335.499992,331.749992,335.499992,913600,5.271875
1968-05-27,330.00,333.75,330.00,332.50,880000,5.224735
1968-05-24,329.500008,329.500008,325.999985,329.500008,456000,5.177594
1968-05-23,328.250008,328.250008,325.499992,326.500015,499200,5.130454
1968-05-22,330.00,334.500008,329.000015,329.000015,651200,5.169738
1968-05-21,324.874992,330.00,324.124985,330.00,464000,5.185451
1968-05-20,325.00,326.749992,323.75,324.874992,387200,5.104919
1968-05-17,328.250008,328.250008,322.50,325.00,763200,5.106883
1968-05-16,334.500008,335.00,331.25,331.25,296000,5.205093
1968-05-15,335.250015,335.250015,332.999992,334.500008,387200,5.256162
1968-05-14,335.00,336.749992,332.999992,335.499992,203200,5.271875
1968-05-13,338.499985,338.499985,334.500008,335.00,392000,5.264018
1968-05-10,341.25,342.999992,338.250008,338.875008,376000,5.324908
1968-05-09,343.499985,344.000015,340.499992,341.25,291200,5.362228
1968-05-08,343.875008,343.875008,342.50,343.499985,291200,5.397583
1968-05-07,342.999992,345.250015,342.625008,343.875008,392000,5.403476
1968-05-06,344.000015,345.250015,340.00,342.999992,587200,5.389726
1968-05-03,347.999992,349.500008,343.499985,344.000015,576000,5.40544
1968-05-02,346.500015,350.750008,346.500015,347.999992,616000,5.458079
1968-05-01,339.500008,343.250008,339.500008,342.999992,531200,5.379659
1968-04-30,335.00,338.75,335.00,338.75,464000,5.313001
1968-04-29,329.500008,334.500008,329.500008,334.249992,360000,5.242423
1968-04-26,327.999992,330.999985,327.50,329.500008,243200,5.167923
1968-04-25,326.500015,329.749985,325.999985,327.999992,403200,5.144397
1968-04-24,327.50,331.500015,325.999985,326.500015,587200,5.120871
1968-04-23,327.50,327.50,320.00,327.50,576000,5.136555
1968-04-22,636.500015,639.000015,632.999992,635.999985,315200,4.987555
1968-04-19,640.00,640.749969,636.500015,636.500015,264000,4.991477
1968-04-18,643.000031,644.000015,639.500008,640.00,272000,5.018924
1968-04-17,644.499969,644.499969,641.999969,643.000031,179200,5.04245
1968-04-16,646.999969,646.999969,641.999969,645.00,323200,5.058134
1968-04-15,649.000015,649.874802,645.500031,648.249969,299200,5.083621
1968-04-11,640.999985,649.499969,639.000015,649.000015,691200,5.089502
1968-04-10,641.999969,648.000031,640.999985,640.999985,768000,5.026766
1968-04-08,631.500015,643.000031,631.500015,641.999969,560000,5.034608
1968-04-05,637.50,638.499985,627.999992,630.00,672000,4.940503
1968-04-04,638.499985,638.499985,628.250008,637.50,867200,4.999319
1968-04-03,635.00,648.000031,633.499985,639.000015,1307200,5.011082
1968-04-02,630.999985,637.50,625.00,635.00,1075200,4.979713
1968-04-01,625.499992,632.000008,625.499992,630.999985,880000,4.948345
1968-03-29,602.249985,612.999992,602.249985,612.50,795200,4.803267
1968-03-28,597.999992,604.500008,597.999992,600.499992,523200,4.709162
1968-03-27,595.00,599.749985,595.00,597.999992,379200,4.689557
1968-03-26,590.00,595.999985,590.00,594.000015,291200,4.658189
1968-03-25,585.499992,589.000015,584.000015,587.50,211200,4.607215
1968-03-22,580.00,595.00,579.249992,585.499992,784000,4.591531
1968-03-21,586.749992,588.499985,580.00,580.00,347200,4.5484
1968-03-20,584.000015,589.000015,584.000015,586.749992,307200,4.601334
1968-03-19,590.750008,592.000008,581.500015,581.500015,424000,4.560163
1968-03-18,590.750008,599.000015,590.750008,590.750008,664000,4.632702
1968-03-15,573.499985,592.999992,573.499985,589.125214,883200,4.61996
1968-03-14,586.124802,586.124802,572.999992,572.999992,643200,4.493505
1968-03-13,594.500008,594.500008,589.500008,590.499992,264000,4.630741
1968-03-12,592.999992,597.000008,585.999985,595.499992,587200,4.669952
1968-03-11,580.499992,593.75,580.499992,592.999992,592000,4.650346
1968-03-08,582.000008,582.000008,575.999985,579.500008,331200,4.544479
1968-03-07,587.50,590.00,580.999985,585.00,475200,4.58761
1968-03-06,569.749985,590.00,565.999985,587.50,1144000,4.607215
1968-03-05,562.000008,571.500015,560.999985,569.749985,872000,4.468018
1968-03-04,573.75,573.75,560.00,562.000008,1027200,4.407242
1968-03-01,580.00,580.00,576.500015,577.000008,360000,4.524874
1968-02-29,585.999985,585.999985,577.999992,580.00,387200,4.5484
1968-02-28,594.000015,596.500015,587.000008,590.00,523200,4.62682
1968-02-27,587.50,594.000015,585.499992,594.000015,243200,4.658189
1968-02-26,589.749985,590.499992,586.25,587.50,288000,4.607215
1968-02-23,597.249985,597.249985,587.50,589.749985,427200,4.62486
1968-02-21,595.999985,600.00,595.999985,599.000015,544000,4.697399
1968-02-20,585.999985,595.00,585.999985,595.00,355200,4.666031
1968-02-19,577.000008,587.999992,577.000008,585.125198,307200,4.588592
1968-02-16,579.000015,579.000015,572.50,577.000008,640000,4.524874
1968-02-15,585.999985,592.50,585.999985,585.999985,664000,4.595452
1968-02-14,572.000008,585.999985,572.000008,585.00,1027200,4.58761
1968-02-13,570.999985,577.000008,570.00,570.999985,635200,4.477821
1968-02-09,575.499992,575.499992,568.499985,570.999985,1211200,4.477821
1968-02-08,591.500015,591.500015,579.000015,579.000015,723200,4.540558
1968-02-07,588.499985,592.50,588.499985,592.50,427200,4.646426
1968-02-06,591.500015,591.500015,586.500015,587.000008,456000,4.603294
1968-02-05,594.500008,594.500008,589.000015,592.50,403200,4.646426
1968-02-02,599.500008,602.000008,593.250008,595.999985,563200,4.663678
1968-02-01,594.500008,599.749985,594.000015,599.500008,784000,4.691066
1968-01-31,605.999985,605.999985,591.500015,594.500008,472000,4.651941
1968-01-30,612.50,612.50,605.999985,609.500008,419200,4.769315
1968-01-29,618.499985,620.00,614.000015,614.500008,320000,4.80844
1968-01-26,617.999992,620.750008,617.999992,618.499985,360000,4.83974
1968-01-25,614.000015,618.499985,603.499985,617.000008,723200,4.828002
1968-01-24,622.999992,623.499985,614.000015,614.000015,664000,4.804528
1968-01-23,607.000008,625.999985,605.00,622.999992,603200,4.874952
1968-01-22,619.000015,619.000015,605.999985,607.000008,344000,4.749753
1968-01-19,621.500015,624.000015,617.000008,620.999985,291200,4.859302
1968-01-18,619.000015,624.000015,619.000015,621.500015,384000,4.863215
1968-01-17,615.999985,616.500015,609.000015,615.999985,488000,4.820177
1968-01-16,622.999992,624.749985,615.999985,615.999985,240000,4.820177
1968-01-15,617.999992,625.999985,617.999992,622.999992,483200,4.874952
1968-01-12,612.000008,620.499992,612.000008,615.999985,520000,4.820177
1968-01-11,605.750008,614.000015,605.750008,609.000015,395200,4.765403
1968-01-10,599.249992,604.500008,599.249992,604.000015,360000,4.726278
1968-01-09,597.750015,602.999992,597.750015,598.499985,560000,4.68324
1968-01-08,594.000015,597.999992,594.000015,597.50,408000,4.675416
1968-01-05,590.499992,599.500008,590.499992,592.999992,792000,4.640203
1968-01-04,601.749992,601.749992,588.75,588.75,723200,4.606947
1968-01-03,613.499985,615.999985,600.499992,605.999985,611200,4.741928
1968-01-02,627.000008,627.249985,613.499985,613.499985,216000,4.800615
1967-12-29,624.500008,627.750015,624.000015,627.000008,275200,4.906252
1967-12-28,625.00,626.749992,620.00,624.500008,296000,4.88669
1967-12-27,617.000008,626.500015,617.000008,625.00,200000,4.890602
1967-12-26,613.499985,619.000015,613.499985,616.500015,152000,4.82409
1967-12-22,622.000008,622.000008,613.499985,613.499985,243200,4.800615
1967-12-21,625.00,625.00,620.00,622.249985,264000,4.869083
1967-12-20,619.500008,625.999985,619.500008,625.00,419200,4.890602
1967-12-19,617.999992,622.999992,614.000015,617.50,592000,4.831915
1967-12-18,632.50,632.50,617.000008,617.999992,400000,4.835827
1967-12-15,645.999985,645.999985,635.999985,637.249985,283200,4.986458
1967-12-14,644.000015,648.000031,644.000015,648.000031,280000,5.070576
1967-12-13,640.999985,644.499969,640.00,643.499985,195200,5.035364
1967-12-12,645.500031,646.999969,640.00,640.999985,184000,5.015801
1967-12-11,644.499969,646.999969,641.999969,645.500031,312000,5.051014
1967-12-08,640.999985,648.000031,640.999985,644.499969,379200,5.043189
1967-12-07,637.000008,643.000031,637.000008,640.00,424000,5.007977
1967-12-06,629.000015,632.999992,629.000015,632.750015,283200,4.951246
1967-12-05,630.00,633.499985,624.000015,629.000015,483200,4.921902
1967-12-04,620.00,630.00,620.00,630.00,544000,4.929727
1967-12-01,612.000008,615.999985,610.00,615.999985,291200,4.820177
1967-11-30,614.000015,615.750008,610.499992,612.000008,259200,4.788878
1967-11-29,614.000015,616.500015,612.000008,614.000015,363200,4.804528
1967-11-28,617.000008,617.999992,614.000015,614.000015,315200,4.804528
1967-11-27,614.000015,617.999992,612.50,617.000008,419200,4.828002
1967-11-24,612.50,615.00,607.000008,614.000015,483200,4.804528
1967-11-22,617.999992,618.499985,610.499992,612.50,459200,4.79279
1967-11-21,604.500008,619.000015,604.500008,617.999992,608000,4.835827
1967-11-20,610.750008,610.750008,600.00,600.00,872000,4.694978
1967-11-17,610.999985,620.499992,610.999985,615.999985,544000,4.820177
1967-11-16,595.00,612.000008,595.00,610.00,723200,4.773228
1967-11-15,587.000008,595.00,582.000008,595.00,651200,4.655853
1967-11-14,590.00,590.999985,582.999992,587.000008,507200,4.593254
1967-11-13,587.000008,591.500015,585.999985,590.00,304000,4.616728
1967-11-10,582.999992,587.249985,582.999992,587.000008,227200,4.593254
1967-11-09,576.500015,580.499992,575.00,579.500008,411200,4.534566
1967-11-08,580.999985,587.000008,575.999985,576.500015,627200,4.511091
1967-11-06,580.00,580.999985,567.50,580.999985,475200,4.546304
1967-11-03,582.50,583.499985,579.000015,580.00,272000,4.538479
1967-11-02,584.249992,585.499992,575.999985,582.50,539200,4.549434
1967-11-01,589.000015,589.000015,582.000008,584.249992,411200,4.563101
1967-10-31,596.500015,597.999992,592.000008,593.499985,256000,4.635346
1967-10-30,597.50,600.499992,596.500015,596.500015,379200,4.658776
1967-10-27,594.249992,599.874802,594.000015,597.50,240000,4.666586
1967-10-26,589.000015,594.249992,587.999992,594.249992,280000,4.641203
1967-10-25,590.00,592.000008,585.00,589.000015,371200,4.6002
1967-10-24,590.499992,597.000008,589.249992,590.00,291200,4.60801
1967-10-23,597.249985,597.50,589.000015,590.499992,464000,4.611915
1967-10-20,592.50,597.999992,592.50,597.249985,307200,4.664634
1967-10-19,588.499985,596.500015,588.499985,591.500015,264000,4.619725
1967-10-18,577.000008,585.00,577.000008,585.00,251200,4.568959
1967-10-17,582.999992,584.000015,574.000015,575.999985,448000,4.498667
1967-10-16,585.999985,589.500008,582.999992,582.999992,227200,4.553339
1967-10-13,580.00,585.999985,577.000008,585.999985,232000,4.576769
1967-10-12,580.00,585.00,577.999992,580.00,256000,4.529908
1967-10-11,570.00,582.000008,565.00,580.00,443200,4.529908
1967-10-10,571.500015,575.00,565.999985,570.00,256000,4.451806
1967-10-09,568.499985,571.500015,568.499985,571.500015,192000,4.463522
1967-10-06,560.00,570.00,560.00,567.999992,283200,4.436186
1967-10-05,560.00,570.00,560.00,567.999992,283200,4.436186
1967-10-04,549.000015,555.999985,549.000015,549.000015,387200,4.287793
1967-10-03,542.750015,550.250015,540.999985,549.000015,315200,4.287793
1967-10-02,547.999992,547.999992,542.50,542.750015,232000,4.238979
1967-09-29,550.00,550.00,543.250008,548.250008,403200,4.281935
1967-09-28,549.000015,554.500008,549.000015,550.250015,275200,4.297555
1967-09-27,545.499992,551.500015,542.000008,547.750015,528000,4.27803
1967-09-26,552.999992,554.500008,543.499985,545.499992,208000,4.260457
1967-09-25,550.00,557.50,550.00,552.999992,552000,4.319033
1967-09-22,540.499992,542.750015,535.499992,542.50,560000,4.237026
1967-09-21,514.000015,540.999985,514.000015,540.499992,688000,4.221406
1967-09-20,517.50,517.50,512.50,514.000015,280000,4.014436
1967-09-19,514.500008,519.000015,514.500008,517.50,224000,4.041772
1967-09-18,512.999992,514.500008,512.999992,513.499985,160000,4.010531
1967-09-15,510.999985,514.500008,510.00,510.999985,96000,3.991005
1967-09-14,517.000008,517.000008,510.999985,510.999985,608000,3.991005
1967-09-13,517.000008,522.000008,517.000008,517.000008,475200,4.037867
1967-09-12,512.999992,517.000008,510.999985,517.000008,347200,4.037867
1967-09-11,505.250015,512.999992,505.250015,512.999992,315200,4.006626
1967-09-08,502.750015,504.500008,499.000015,504.000015,152000,3.936334
1967-09-07,504.500008,505.125198,500.00,502.750015,328000,3.926571
1967-09-06,502.000008,505.499992,500.499992,504.500008,347200,3.940239
1967-09-05,500.00,502.000008,500.00,502.000008,315200,3.920714
1967-09-01,499.749985,501.500015,498.499985,500.00,192000,3.905093
1967-08-31,493.250008,499.749985,493.250008,499.749985,315200,3.903141
1967-08-30,491.500015,495.00,491.500015,492.999992,67200,3.850422
1967-08-29,485.999985,491.500015,485.999985,490.999985,248000,3.834801
1967-08-28,485.750008,487.000008,485.250015,485.499992,192000,3.791846
1967-08-25,490.00,490.00,485.499992,485.750008,275200,3.793798
1967-08-24,495.999985,497.50,491.500015,491.500015,155200,3.838707
1967-08-23,494.000015,495.999985,492.999992,495.999985,176000,3.873852
1967-08-22,497.999992,499.000015,493.499985,494.000015,275200,3.858232
1967-08-21,497.50,498.499985,495.499992,497.999992,232000,3.889473
1967-08-18,492.50,497.50,492.50,497.50,139200,3.885568
1967-08-17,494.500008,496.500015,492.000008,492.000008,291200,3.842612
1967-08-16,490.00,494.500008,490.00,494.500008,307200,3.862137
1967-08-15,489.500008,490.00,488.499985,490.00,243200,3.826991
1967-08-14,492.000008,493.499985,488.499985,489.500008,352000,3.823086
1967-08-11,495.499992,495.999985,492.000008,492.000008,272000,3.842612
1967-08-10,505.00,505.499992,495.499992,495.499992,227200,3.869947
1967-08-09,510.750008,512.000008,505.00,505.00,179200,3.944144
1967-08-08,509.249992,511.25,507.999992,510.750008,224000,3.989053
1967-08-07,509.500008,509.500008,507.000008,509.249992,131200,3.977337
1967-08-04,507.999992,509.500008,505.999985,509.500008,371200,3.978431
1967-08-03,509.000015,509.000015,507.000008,507.999992,240000,3.966718
1967-08-02,514.000015,514.000015,507.999992,509.500008,347200,3.978431
1967-08-01,507.750015,514.500008,505.999985,514.500008,363200,4.017474
1967-07-31,507.000008,509.500008,507.000008,507.750015,272000,3.964766
1967-07-28,505.999985,507.50,505.999985,506.500015,243200,3.955006
1967-07-27,499.249992,505.00,499.000015,505.00,264000,3.943293
1967-07-26,490.999985,500.00,487.999992,499.249992,315200,3.898394
1967-07-25,495.499992,497.50,490.250015,490.999985,200000,3.833974
1967-07-24,498.499985,498.499985,494.000015,495.499992,251200,3.869112
1967-07-21,497.999992,499.000015,495.999985,498.499985,299200,3.892537
1967-07-20,496.25,499.500008,496.25,497.999992,259200,3.888633
1967-07-19,502.50,502.999992,495.00,495.999985,408000,3.873016
1967-07-18,503.75,505.750008,501.500015,502.50,267200,3.923772
1967-07-17,502.750015,503.75,502.50,503.75,203200,3.933532
1967-07-14,504.000015,504.874802,502.000008,502.750015,296000,3.925724
1967-07-13,502.999992,505.00,502.50,504.000015,272000,3.935484
1967-07-12,505.999985,506.749992,502.999992,502.999992,259200,3.927676
1967-07-11,503.499985,506.749992,503.499985,505.999985,307200,3.951101
1967-07-10,502.000008,507.000008,502.000008,503.499985,432000,3.93158
1967-07-07,501.25,502.999992,500.250015,501.500015,483200,3.915963
1967-07-06,501.500015,501.500015,500.250015,501.25,435200,3.914011
1967-07-05,500.00,502.000008,500.00,501.749992,451200,3.917915
1967-07-03,497.50,500.00,497.000008,499.000015,320000,3.896442
1967-06-30,499.500008,500.00,495.00,497.50,336000,3.884729
1967-06-29,499.000015,499.500008,494.000015,499.500008,360000,3.900346
1967-06-28,503.499985,503.499985,497.999992,499.000015,299200,3.896442
1967-06-27,510.00,510.999985,503.499985,503.499985,392000,3.93158
1967-06-26,507.999992,510.999985,507.999992,510.00,483200,3.982335
1967-06-23,498.75,502.000008,498.75,502.000008,371200,3.919867
1967-06-22,496.500015,498.499985,495.499992,497.000008,355200,3.880825
1967-06-21,497.999992,499.249992,494.500008,496.500015,315200,3.876921
1967-06-20,497.999992,500.250015,497.999992,497.999992,499200,3.888633
1967-06-19,499.500008,500.00,497.000008,497.999992,371200,3.888633
1967-06-16,499.000015,500.00,498.499985,499.500008,592000,3.900346
1967-06-15,499.249992,501.500015,497.000008,499.000015,616000,3.896442
1967-06-14,491.500015,501.500015,487.249985,499.249992,976000,3.898394
1967-06-13,487.999992,491.500015,487.999992,491.500015,424000,3.837878
1967-06-12,487.000008,489.500008,487.000008,487.50,331200,3.806644
1967-06-09,482.999992,485.999985,482.999992,485.999985,352000,3.794931
1967-06-08,480.250015,482.999992,480.00,482.999992,264000,3.771506
1967-06-07,477.999992,483.499985,477.999992,480.250015,427200,3.750032
1967-06-06,470.499992,477.999992,470.499992,477.50,435200,3.728559
1967-06-05,469.000015,469.000015,463.499985,465.499992,584000,3.634857
1967-06-02,475.999985,477.999992,469.000015,469.000015,395200,3.662187
1967-06-01,466.25,477.000008,465.250015,475.999985,432000,3.716846
1967-05-31,467.50,467.50,463.499985,466.25,259200,3.640713
1967-05-29,470.00,470.00,467.999992,470.00,187200,3.669995
1967-05-26,472.999992,475.999985,467.999992,470.00,267200,3.669995
1967-05-25,468.499985,474.000015,468.499985,472.999992,288000,3.693421
1967-05-24,474.000015,474.000015,465.00,465.00,448000,3.630953
1967-05-23,472.000008,474.000015,465.00,465.00,448000,3.630953
1967-05-22,472.000008,473.499985,467.999992,472.000008,296000,3.685612
1967-05-19,475.999985,475.999985,467.999992,472.000008,288000,3.685612
1967-05-18,475.00,475.999985,471.500015,475.999985,211200,3.716846
1967-05-17,474.000015,477.000008,473.499985,475.00,275200,3.709038
1967-05-16,464.249992,476.500015,464.249992,474.000015,344000,3.701229
1967-05-15,467.50,467.999992,464.000015,464.000015,283200,3.623144
1967-05-12,467.50,472.50,467.50,467.50,395200,3.650474
1967-05-11,467.249985,473.499985,467.249985,467.249985,459200,3.648522
1967-05-10,460.999985,465.999985,457.999992,465.999985,699200,3.638761
1967-05-09,475.250015,475.999985,460.00,460.999985,1019200,3.599719
1967-05-08,480.499992,481.749992,475.00,475.250015,384000,3.71099
1967-05-05,481.25,481.25,479.000015,480.499992,272000,3.751984
1967-05-04,482.50,482.750015,480.499992,482.000008,280000,3.763697
1967-05-03,482.750015,482.750015,480.499992,482.50,299200,3.767602
1967-05-02,482.249985,484.000015,480.00,482.750015,403200,3.769554
1967-05-01,485.00,485.00,477.000008,482.249985,315200,3.765649
1967-04-28,496.500015,499.000015,494.249992,496.500015,363200,3.876062
1967-04-27,479.500008,496.749992,479.000015,496.500015,312000,3.876062
1967-04-26,481.25,483.499985,479.500008,479.500008,392000,3.743347
1967-04-25,473.250008,482.000008,472.999992,481.25,512000,3.757008
1967-04-24,467.999992,477.50,465.999985,473.250008,699200,3.694554
1967-04-21,468.75,470.750008,467.999992,467.999992,464000,3.653569
1967-04-20,467.000008,469.000015,463.499985,468.75,379200,3.659424
1967-04-19,464.000015,467.000008,464.000015,467.000008,675200,3.645762
1967-04-18,458.499985,460.499992,458.499985,460.250015,496000,3.593066
1967-04-17,458.499985,459.749985,457.999992,458.250008,379200,3.577453
1967-04-14,455.999985,459.000015,454.500008,458.499985,520000,3.579404
1967-04-13,452.000008,456.500015,452.000008,455.999985,480000,3.559887
1967-04-12,450.00,452.999992,446.500015,446.500015,251200,3.485723
1967-04-11,442.000008,450.00,442.000008,450.00,328000,3.513047
1967-04-10,445.00,445.00,439.749985,440.750008,384000,3.440834
1967-04-07,453.499985,455.00,446.500015,446.625214,304000,3.486701
1967-04-06,450.00,456.500015,450.00,453.499985,323200,3.54037
1967-04-05,441.25,447.000008,441.25,444.500008,315200,3.47011
1967-04-04,440.00,444.500008,437.000008,440.999985,336000,3.442786
1967-04-03,447.50,447.50,440.00,440.00,307200,3.434979
1967-03-31,457.249985,459.749985,450.999985,450.999985,331200,3.520853
1967-03-30,457.000008,460.00,457.000008,457.249985,219200,3.569646
1967-03-29,457.999992,459.000015,457.000008,457.000008,232000,3.567694
1967-03-28,460.999985,460.999985,457.999992,457.999992,283200,3.575501
1967-03-27,456.25,460.999985,456.25,460.999985,275200,3.598921
1967-03-23,448.499985,455.999985,448.499985,455.499992,464000,3.555984
1967-03-22,444.749985,444.749985,441.500015,444.500008,312000,3.47011
1967-03-21,444.500008,448.499985,444.500008,444.749985,195200,3.472061
1967-03-20,450.250015,450.750008,442.50,444.000015,232000,3.466206
1967-03-17,450.00,450.250015,446.500015,450.250015,272000,3.514999
1967-03-16,445.00,450.125198,445.00,450.00,352000,3.513047
1967-03-15,435.00,442.50,435.00,442.000008,432000,3.450593
1967-03-14,439.500008,439.500008,435.00,435.00,227200,3.395945
1967-03-13,440.250015,442.50,439.249992,440.999985,224000,3.442786
1967-03-10,440.250015,444.500008,440.250015,440.250015,312000,3.436931
1967-03-09,436.749992,438.499985,432.000008,436.500015,283200,3.407655
1967-03-08,439.000015,439.749985,435.999985,436.749992,219200,3.409607
1967-03-07,440.00,440.499992,436.500015,439.000015,304000,3.427172
1967-03-06,440.00,450.00,439.500008,440.00,424000,3.434979
1967-03-03,440.999985,440.999985,432.999992,440.00,467200,3.434979
1967-03-02,440.00,445.00,437.000008,441.25,395200,3.444737
1967-03-01,432.50,440.00,432.50,440.00,587200,3.434979
1967-02-28,417.50,430.00,417.50,430.00,384000,3.356911
1967-02-27,423.499985,423.499985,415.999985,415.999985,424000,3.247616
1967-02-24,422.50,429.000015,422.000008,425.00,256000,3.317877
1967-02-23,424.000015,424.749985,420.00,422.50,784000,3.298361
1967-02-21,423.499985,425.999985,423.499985,424.000015,339200,3.310071
1967-02-20,423.499985,423.499985,417.50,423.499985,392000,3.306167
1967-02-17,425.999985,425.999985,422.999992,424.624786,283200,3.314948
1967-02-16,432.999992,434.000015,425.00,426.25,456000,3.327636
1967-02-15,427.999992,435.250015,427.999992,432.999992,328000,3.380332
1967-02-14,419.874802,428.250008,419.000015,427.50,539200,3.337394
1967-02-13,414.000015,419.874802,412.999992,419.874802,219200,3.277866
1967-02-10,414.000015,417.000008,414.000015,414.000015,219200,3.232003
1967-02-09,413.499985,417.000008,413.499985,414.000015,320000,3.232003
1967-02-08,400.00,413.499985,400.00,409.500008,384000,3.196873
1967-02-07,397.999992,400.00,397.50,397.999992,88000,3.107095
1967-02-06,399.000015,400.250015,397.999992,397.999992,243200,3.107095
1967-02-03,397.000008,400.00,397.000008,399.000015,291200,3.114043
1967-02-02,395.00,399.000015,395.00,396.500015,387200,3.094531
1967-02-01,394.000015,394.000015,390.499992,392.999992,416000,3.067215
1967-01-31,404.500008,405.999985,397.999992,399.500008,595200,3.117945
1967-01-30,401.500015,404.500008,400.999985,404.500008,499200,3.156968
1967-01-27,397.000008,402.000008,395.499992,401.500015,299200,3.133554
1967-01-26,395.999985,399.749985,392.999992,397.000008,395200,3.098433
1967-01-25,399.500008,400.250015,395.999985,395.999985,656000,3.090629
1967-01-24,397.50,400.00,395.999985,399.500008,576000,3.117945
1967-01-23,391.25,399.500008,391.25,397.50,480000,3.102336
1967-01-20,389.749985,390.00,386.500015,390.00,299200,3.043801
1967-01-19,390.999985,394.000015,388.499985,389.749985,320000,3.04185
1967-01-18,389.000015,392.000008,389.000015,390.999985,611200,3.051606
1967-01-17,384.500008,392.000008,384.000015,387.999992,555200,3.028192
1967-01-16,394.000015,394.000015,381.500015,384.500008,595200,3.000876
1967-01-13,392.000008,397.000008,388.499985,396.500015,435200,3.094531
1967-01-12,394.000015,396.500015,390.00,392.000008,691200,3.05941
1967-01-11,389.000015,394.500008,384.000015,394.000015,915200,3.07502
1967-01-10,387.000008,392.50,387.000008,389.000015,755200,3.035997
1967-01-09,379.000015,385.999985,379.000015,385.999985,400000,3.012582
1967-01-06,370.00,378.499985,370.00,377.999992,504000,2.950146
1967-01-05,365.00,368.499985,365.00,368.499985,312000,2.876002
1967-01-04,369.000015,369.500008,362.50,365.00,507200,2.848686
1967-01-03,371.500015,375.00,369.000015,369.000015,227200,2.879904
1966-12-30,369.375191,372.999992,369.375191,371.500015,219200,2.899416
1966-12-29,367.000008,369.500008,365.00,369.000015,168000,2.879904
1966-12-28,365.750008,370.999985,365.00,367.000008,267200,2.864295
1966-12-27,367.000008,367.000008,362.999992,365.750008,144000,2.854539
1966-12-23,369.500008,369.624786,367.000008,367.50,232000,2.868197
1966-12-22,372.000008,373.499985,369.500008,369.500008,315200,2.883806
1966-12-21,372.999992,375.999985,371.500015,372.000008,328000,2.903318
1966-12-20,370.00,372.999992,365.999985,372.999992,248000,2.911122
1966-12-19,371.25,371.749992,369.500008,370.00,251200,2.887709
1966-12-16,372.249985,372.249985,368.499985,371.25,264000,2.897464
1966-12-15,380.00,380.00,370.999985,372.999992,323200,2.911122
1966-12-14,382.249985,383.499985,379.000015,381.500015,251200,2.977462
1966-12-13,381.500015,385.999985,381.500015,382.249985,427200,2.983315
1966-12-12,376.500015,382.000008,375.00,380.999985,440000,2.973559
1966-12-09,382.999992,383.499985,375.499992,376.500015,307200,2.938439
1966-12-08,381.500015,384.000015,380.00,382.999992,344000,2.989169
1966-12-07,375.750008,382.50,375.750008,381.500015,544000,2.977462
1966-12-06,373.75,375.999985,373.75,375.750008,419200,2.932585
1966-12-05,367.000008,372.249985,365.250015,372.249985,307200,2.905269
1966-12-02,370.125198,370.999985,365.499992,367.000008,416000,2.864295
1966-12-01,375.999985,377.249985,370.00,370.125198,752000,2.888686
1966-11-30,372.999992,377.000008,371.749992,375.999985,571200,2.934536
1966-11-29,370.499992,375.00,370.00,372.999992,464000,2.911122
1966-11-28,366.500015,372.000008,366.500015,370.499992,856000,2.891611
1966-11-25,355.999985,366.500015,355.999985,366.25,616000,2.858441
1966-11-23,349.749985,357.000008,349.749985,355.999985,432000,2.778444
1966-11-22,347.999992,347.999992,345.00,347.999992,371200,2.716007
1966-11-21,353.499985,353.499985,345.00,347.999992,475200,2.716007
1966-11-18,357.000008,357.000008,355.00,355.00,323200,2.770639
1966-11-17,358.499985,360.00,354.500008,357.000008,488000,2.786249
1966-11-16,354.249992,360.00,354.249992,358.499985,576000,2.797955
1966-11-15,349.500008,352.50,348.499985,352.50,379200,2.751128
1966-11-14,350.499992,350.499992,347.000008,349.500008,296000,2.727714
1966-11-11,352.249985,352.249985,350.499992,352.000008,187200,2.747226
1966-11-10,349.500008,354.500008,349.000015,352.50,488000,2.751128
1966-11-09,349.000015,352.000008,349.000015,349.500008,384000,2.727714
1966-11-07,346.500015,352.000008,345.999985,349.000015,771200,2.723812
1966-11-04,344.000015,347.000008,340.499992,346.500015,408000,2.7043
1966-11-03,344.500008,347.000008,340.00,344.000015,795200,2.684789
1966-11-02,341.500015,347.999992,341.500015,344.500008,720000,2.687833
1966-11-01,334.375191,340.00,334.375191,340.00,467200,2.652723
1966-10-31,334.749985,334.749985,325.999985,332.000008,408000,2.590306
1966-10-28,332.999992,334.874802,331.25,334.874802,347200,2.612736
1966-10-27,329.500008,333.374786,328.499985,332.999992,315200,2.598108
1966-10-26,324.749985,330.999985,324.000015,329.500008,440000,2.570801
1966-10-25,324.000015,330.999985,324.000015,329.500008,440000,2.570801
1966-10-24,322.000008,324.500008,320.00,322.000008,296000,2.512285
1966-10-21,318.500004,322.000008,317.999992,322.000008,296000,2.512285
1966-10-20,317.999992,324.749985,317.999992,318.500004,419200,2.484977
1966-10-19,325.00,325.999985,317.000008,317.50,224000,2.477175
1966-10-18,318.999996,325.00,318.999996,325.00,499200,2.535691
1966-10-17,316.000004,320.00,315.249996,316.499996,496000,2.469373
1966-10-14,317.000008,317.999992,314.750004,316.000004,331200,2.465472
1966-10-13,312.999992,317.999992,311.499996,317.000008,771200,2.473274
1966-10-12,305.00,315.499992,302.000008,312.999992,571200,2.442066
1966-10-11,309.249992,314.500008,305.00,305.00,747200,2.379649
1966-10-10,292.624798,310.00,289.500008,309.249992,1264000,2.412808
1966-10-07,302.375202,302.375202,292.000008,292.624798,1363200,2.283096
1966-10-06,310.00,312.000008,305.00,305.249996,715200,2.381599
1966-10-05,310.00,314.750004,310.00,310.00,408000,2.418659
1966-10-04,310.874805,315.499992,306.499996,309.500008,867200,2.414758
1966-10-03,317.50,318.500004,310.499992,310.874805,312000,2.425485
1966-09-30,315.249996,318.500004,309.500008,317.50,603200,2.477175
1966-09-29,318.500004,318.500004,312.999992,315.249996,360000,2.45962
1966-09-28,327.50,327.999992,318.999996,318.999996,248000,2.488878
1966-09-27,326.500015,329.500008,325.999985,327.50,240000,2.555196
1966-09-26,318.999996,326.500015,318.500004,326.500015,192000,2.547394
1966-09-23,319.125195,321.500015,317.250004,318.999996,232000,2.488878
1966-09-22,315.249996,319.500008,311.125202,319.125195,704000,2.489855
1966-09-21,320.999985,320.999985,315.249996,315.249996,312000,2.45962
1966-09-20,329.000015,330.00,322.000008,322.000008,323200,2.512285
1966-09-19,329.500008,334.500008,327.000008,329.000015,376000,2.5669
1966-09-16,335.00,338.499985,329.000015,329.500008,515200,2.570801
1966-09-15,324.000015,335.00,324.000015,335.00,443200,2.613712
1966-09-14,319.249992,325.00,319.249992,323.499985,435200,2.523988
1966-09-13,320.499992,322.999992,315.00,318.999996,491200,2.488878
1966-09-12,315.00,321.500015,315.00,320.499992,1240000,2.500582
1966-09-09,310.499992,318.500004,310.499992,315.00,480000,2.45767
1966-09-08,314.500008,314.500008,306.499996,309.249992,904000,2.412808
1966-09-07,316.749992,316.749992,311.499996,315.00,536000,2.45767
1966-09-06,320.00,320.999985,317.000008,317.250004,288000,2.475225
1966-09-02,320.499992,320.499992,314.500008,320.00,611200,2.49668
1966-09-01,320.499992,324.000015,320.00,320.499992,504000,2.500582
1966-08-31,319.750004,325.999985,319.750004,320.499992,747200,2.500582
1966-08-30,307.000008,318.999996,306.25,318.75,704000,2.486928
1966-08-29,311.499996,311.499996,307.000008,307.000008,1048000,2.395253
1966-08-26,320.00,320.00,315.124798,315.124798,680000,2.458644
1966-08-25,327.999992,330.499992,324.249992,324.249992,427200,2.529839
1966-08-24,329.249992,330.00,327.999992,327.999992,464000,2.559097
1966-08-23,329.000015,330.00,324.249992,329.249992,531200,2.56885
1966-08-22,334.249992,334.249992,324.000015,329.000015,600000,2.5669
1966-08-19,335.499992,337.000008,332.50,335.499992,467200,2.617613
1966-08-18,342.000008,342.999992,335.00,335.499992,347200,2.617613
1966-08-17,343.499985,344.000015,338.499985,342.000008,320000,2.668327
1966-08-16,347.50,347.50,342.50,343.499985,272000,2.68003
1966-08-15,349.500008,350.00,347.999992,347.999992,352000,2.71514
1966-08-12,340.499992,350.750008,340.499992,349.500008,432000,2.726843
1966-08-11,337.999992,340.250015,337.999992,340.250015,280000,2.654674
1966-08-10,340.250015,340.250015,337.000008,337.999992,184000,2.637119
1966-08-09,342.50,342.50,339.000015,340.250015,184000,2.654674
1966-08-08,342.875214,342.999992,337.50,342.999992,291200,2.675271
1966-08-05,344.000015,344.749985,342.750015,342.875214,187200,2.674298
1966-08-04,340.499992,344.500008,340.499992,344.000015,392000,2.683071
1966-08-03,332.50,339.500008,332.249985,337.999992,536000,2.636273
1966-08-02,332.124786,333.75,329.624786,332.50,563200,2.593375
1966-08-01,340.750008,340.750008,332.124786,332.124786,419200,2.590448
1966-07-29,344.000015,345.00,340.750008,340.750008,248000,2.657722
1966-07-28,348.250008,349.000015,344.000015,344.000015,208000,2.683071
1966-07-27,348.250008,351.500015,348.250008,348.250008,243200,2.716219
1966-07-26,347.50,350.00,344.000015,347.000008,488000,2.70647
1966-07-25,354.500008,355.00,347.000008,347.50,216000,2.710369
1966-07-22,354.874802,355.00,352.000008,354.500008,120000,2.764967
1966-07-21,350.250015,355.00,350.250015,354.874802,232000,2.76789
1966-07-20,352.000008,352.000008,349.500008,349.500008,211200,2.725969
1966-07-19,355.999985,355.999985,352.000008,352.50,208000,2.749367
1966-07-18,357.999992,361.500015,357.999992,357.999992,179200,2.792265
1966-07-15,355.750008,360.00,355.750008,357.999992,192000,2.792265
1966-07-14,351.25,355.750008,351.25,354.375191,347200,2.763993
1966-07-13,356.25,356.25,350.999985,350.999985,323200,2.737668
1966-07-12,355.999985,359.500008,355.00,356.500015,203200,2.780566
1966-07-11,357.000008,357.000008,354.000015,355.999985,240000,2.776666
1966-07-08,360.750008,360.750008,357.000008,357.249985,579200,2.786416
1966-07-07,359.000015,361.500015,359.000015,360.999985,560000,2.815664
1966-07-06,354.000015,357.999992,352.000008,357.875214,456000,2.791292
1966-07-05,354.000015,354.000015,352.000008,354.000015,179200,2.761067
1966-07-01,352.249985,356.500015,352.249985,354.500008,592000,2.764967
1966-06-30,348.124809,353.124809,346.25,350.499992,512000,2.733768
1966-06-29,351.25,351.25,347.999992,348.124809,379200,2.715243
1966-06-28,350.250015,352.999992,347.50,351.500015,400000,2.741568
1966-06-27,355.00,359.500008,350.250015,350.250015,384000,2.731818
1966-06-24,355.999985,357.999992,352.000008,355.00,416000,2.768866
1966-06-23,362.000008,362.750015,355.999985,355.999985,659200,2.776666
1966-06-22,362.999992,364.749985,360.00,362.000008,499200,2.823464
1966-06-21,362.999992,366.500015,362.999992,362.999992,736000,2.831263
1966-06-20,358.499985,362.750015,358.499985,362.50,1000000,2.827364
1966-06-17,347.999992,357.000008,347.999992,357.000008,944000,2.784466
1966-06-16,342.50,346.500015,342.50,346.124802,672000,2.699643
1966-06-15,345.999985,349.000015,342.50,342.50,539200,2.671371
1966-06-14,345.00,345.999985,340.499992,345.999985,635200,2.69867
1966-06-13,349.000015,350.999985,344.000015,345.00,571200,2.69087
1966-06-10,349.000015,355.499992,349.000015,349.000015,760000,2.722069
1966-06-09,340.00,349.000015,340.00,349.000015,832000,2.722069
1966-06-08,334.000015,340.999985,333.499985,339.000015,755200,2.644073
1966-06-07,335.999985,335.999985,332.50,334.000015,571200,2.605075
1966-06-06,342.000008,342.000008,336.500015,337.000008,424000,2.628473
1966-06-03,347.000008,347.000008,339.500008,343.499985,688000,2.679171
1966-06-02,355.00,365.00,347.000008,347.000008,552000,2.70647
1966-06-01,356.500015,356.500015,347.999992,355.00,824000,2.768866
1966-05-31,370.00,370.00,359.749985,362.750015,288000,2.829314
1966-05-27,371.500015,371.749992,367.000008,370.999985,515200,2.89366
1966-05-26,370.999985,371.500015,369.500008,371.500015,443200,2.89756
1966-05-25,372.999992,372.999992,367.999992,370.999985,651200,2.89366
1966-05-24,370.250015,374.000015,370.250015,372.999992,795200,2.90926
1966-05-23,367.000008,372.000008,367.000008,367.999992,864000,2.869404
1966-05-20,360.999985,360.999985,357.000008,360.750008,552000,2.812873
1966-05-19,360.00,365.00,360.00,362.124786,888000,2.823593
1966-05-18,354.000015,354.000015,349.000015,352.999992,499200,2.752444
1966-05-17,520.000191,521.500225,516.499786,516.499786,424000,2.684867
1966-05-16,518.999977,521.999989,517.999821,520.000191,408000,2.703062
1966-05-13,523.999786,523.999786,516.000023,518.999977,611200,2.697863
1966-05-12,531.000023,531.000023,523.999786,523.999786,419200,2.723853
1966-05-11,528.499775,534.499798,528.499775,531.250191,507200,2.761542
1966-05-10,520.249786,527.500191,520.000191,524.500179,531200,2.726454
1966-05-09,529.499989,529.499989,518.999977,520.249786,491200,2.70436
1966-05-06,533.999977,533.999977,520.000191,530.500202,611200,2.757644
1966-05-05,547.999821,547.999821,538.000202,538.000202,288000,2.79663
1966-05-04,555.00,555.00,547.50,548.500214,240000,2.851211
1966-05-03,559.499989,559.499989,553.999786,557.250023,216000,2.896694
1966-05-02,557.500191,561.000023,557.500191,559.999809,251200,2.910988
1966-04-29,556.499977,559.499989,556.499977,557.500191,232000,2.897995
1966-04-28,559.750214,559.750214,551.999989,555.00,267200,2.884998
1966-04-27,555.00,562.000179,550.999775,561.000023,328000,2.916188
1966-04-26,546.499786,556.000214,546.499786,555.00,408000,2.884998
1966-04-25,555.00,557.500191,541.000214,541.000214,288000,2.812225
1966-04-22,555.00,558.000011,551.500225,555.00,299200,2.884998
1966-04-21,553.999786,556.999798,553.999786,555.00,291200,2.884998
1966-04-20,546.499786,550.500011,546.499786,547.999821,275200,2.84861
1966-04-19,547.000179,553.000202,544.999809,544.999809,312000,2.833015
1966-04-18,551.25,551.25,544.999809,547.000179,352000,2.843414
1966-04-15,560.249977,562.000179,550.999775,553.000202,432000,2.874603
1966-04-14,544.999809,560.249977,544.999809,560.249977,840000,2.912289
1966-04-13,538.999786,544.000225,532.999821,542.500191,347200,2.820022
1966-04-12,550.124989,555.749989,538.999786,538.999786,483200,2.801826
1966-04-11,543.000011,550.124989,543.000011,550.124989,483200,2.859657
1966-04-07,534.499798,540.00,534.499798,540.00,384000,2.807025
1966-04-06,529.000225,531.000023,529.000225,531.000023,299200,2.760242
1966-04-05,523.999786,531.000023,523.000202,529.000225,336000,2.749846
1966-04-04,522.499809,526.499977,522.499809,523.999786,312000,2.723853
1966-04-01,516.000023,521.999989,514.000225,520.999775,347200,2.708258
1966-03-31,511.000214,517.000179,510.499821,516.000023,264000,2.682269
1966-03-30,514.499989,514.499989,510.00,511.000214,360000,2.656279
1966-03-29,520.750179,523.500023,514.999809,518.999977,243200,2.697863
1966-03-28,525.00,525.00,520.000191,520.750179,491200,2.706961
1966-03-25,518.749809,525.00,518.749809,525.00,472000,2.729052
1966-03-24,512.500191,518.999977,512.500191,517.000179,328000,2.687468
1966-03-23,511.999798,512.500191,509.500179,511.999798,216000,2.661475
1966-03-22,510.00,514.000225,510.00,511.999798,291200,2.661475
1966-03-21,502.000179,508.999786,502.000179,508.999786,347200,2.64588
1966-03-18,499.999809,502.50,498.000011,499.000225,227200,2.593901
1966-03-17,502.50,503.500214,497.500191,499.999809,304000,2.599097
1966-03-16,498.499775,505.999775,498.250179,502.50,435200,2.612093
1966-03-15,499.249821,499.249821,496.499977,498.499775,352000,2.591299
1966-03-14,499.999809,501.000023,499.000225,499.750214,328000,2.597799
1966-03-11,503.500214,504.499798,498.000011,499.999809,531200,2.599097
1966-03-10,506.500225,511.499977,503.500214,503.500214,592000,2.617292
1966-03-09,496.999798,506.500225,496.999798,506.500225,515200,2.632887
1966-03-08,497.500191,501.000023,494.500179,496.999798,640000,2.583502
1966-03-07,503.500214,503.500214,497.500191,497.500191,400000,2.586103
1966-03-04,503.249989,506.500225,503.249989,504.499798,243200,2.622488
1966-03-03,499.499989,505.000191,499.499989,503.249989,576000,2.615992
1966-03-02,504.499798,504.499798,498.250179,499.499989,579200,2.596498
1966-03-01,514.999809,516.499786,502.000179,505.000191,387200,2.62509
1966-02-28,511.999798,514.999809,510.250225,514.999809,408000,2.677069
1966-02-25,506.500225,513.000011,504.250202,511.999798,352000,2.661475
1966-02-24,506.999989,508.000202,504.499798,506.500225,347200,2.632887
1966-02-23,509.624977,509.624977,505.249786,506.999989,432000,2.635485
1966-02-21,512.500191,514.000225,506.999989,510.00,347200,2.651079
1966-02-18,514.125023,514.499989,510.00,512.500191,291200,2.664076
1966-02-17,518.249989,518.249989,514.000225,514.125023,232000,2.672522
1966-02-16,513.250179,519.499798,511.999798,518.249989,339200,2.693965
1966-02-15,519.499798,519.499798,511.000214,513.250179,360000,2.667975
1966-02-14,524.500179,524.500179,519.499798,519.499798,232000,2.700461
1966-02-11,517.999821,524.749775,517.999821,524.749775,443200,2.727752
1966-02-10,512.250023,517.999821,511.999798,517.000179,515200,2.687468
1966-02-09,511.000214,513.499775,511.000214,512.250023,592000,2.662776
1966-02-08,502.249775,508.500023,502.000179,508.125,659200,2.641333
1966-02-07,497.500191,502.999821,497.500191,502.249775,419200,2.610013
1966-02-04,496.249809,498.000011,496.000214,497.500191,539200,2.585331
1966-02-03,493.000202,496.249809,493.000202,496.249809,563200,2.578833
1966-02-02,491.999989,492.499809,487.999821,490.000191,483200,2.546356
1966-02-01,496.000214,496.999798,491.999989,491.999989,456000,2.556748
1966-01-31,496.999798,498.000011,494.500179,496.000214,496000,2.577536
1966-01-28,502.124977,502.124977,493.999786,496.999798,432000,2.58273
1966-01-27,505.999775,508.000202,498.000011,502.50,755200,2.611313
1966-01-26,508.500023,511.000214,505.249786,505.999775,1187200,2.6295
1966-01-25,493.999786,513.499775,493.249798,508.500023,1672000,2.642493
1966-01-24,491.999989,495.00,491.999989,493.999786,528000,2.56714
1966-01-21,484.999809,492.499809,484.999809,490.999775,784000,2.55155
1966-01-20,478.499994,486.000023,476.999989,483.499775,688000,2.512576
1966-01-19,483.000011,483.000011,472.000208,478.499994,1392000,2.486594
1966-01-18,490.249786,490.249786,481.000214,483.499775,587200,2.512576
1966-01-17,496.000214,497.500191,491.25,492.499809,456000,2.559346
1966-01-14,498.499775,499.999809,496.000214,496.000214,544000,2.577536
1966-01-13,497.250023,499.000225,497.250023,498.499775,328000,2.590525
1966-01-12,497.250023,497.250023,494.500179,495.499821,435200,2.574936
1966-01-11,497.500191,499.000225,497.500191,497.749786,323200,2.586628
1966-01-10,497.749786,498.75,496.249809,496.249809,256000,2.578833
1966-01-07,498.000011,499.999809,495.499821,497.749786,384000,2.586628
1966-01-06,495.499821,499.000225,495.499821,498.000011,304000,2.587928
1966-01-05,493.000202,498.000011,493.000202,495.250225,432000,2.573639
1966-01-04,493.500023,496.999798,491.999989,491.999989,400000,2.556748
1966-01-03,497.500191,497.500191,492.250214,493.500023,264000,2.564543
1965-12-31,499.999809,499.999809,497.500191,499.000225,195200,2.593126
1965-12-30,498.000011,499.999809,498.000011,499.999809,243200,2.59832
1965-12-29,501.625214,501.625214,498.000011,498.000011,304000,2.587928
1965-12-28,499.999809,502.249775,496.999798,502.249775,363200,2.610013
1965-12-27,499.999809,504.499798,499.999809,499.999809,347200,2.59832
1965-12-23,503.500214,503.500214,499.000225,499.000225,288000,2.593126
1965-12-22,506.749821,513.499775,504.250202,505.750179,528000,2.628203
1965-12-21,501.750011,507.749977,501.499786,506.749821,424000,2.633398
1965-12-20,498.499775,501.750011,498.000011,501.750011,336000,2.607416
1965-12-17,499.000225,499.750214,497.250023,498.499775,576000,2.590525
1965-12-16,497.749786,502.000179,497.749786,499.000225,683200,2.593126
1965-12-15,501.000023,501.000023,495.00,495.00,1907200,2.572338
1965-12-14,516.499786,516.750011,505.999775,506.500225,507200,2.632101
1965-12-13,517.999821,518.999977,514.499989,516.499786,419200,2.684065
1965-12-10,517.50,518.500214,517.50,517.999821,267200,2.69186
1965-12-09,513.000011,516.000023,513.000011,515.749798,315200,2.680168
1965-12-08,510.499821,514.999809,510.499821,511.499977,376000,2.658083
1965-12-07,503.749809,511.000214,503.749809,508.500023,387200,2.642493
1965-12-06,506.500225,508.500023,498.000011,502.000179,995200,2.608716
1965-12-03,501.499786,506.500225,494.250011,506.500225,1907200,2.632101
1965-12-02,510.749989,510.749989,501.499786,501.499786,1115200,2.606115
1965-12-01,525.00,527.749786,516.000023,516.000023,424000,2.681468
1965-11-30,528.000011,528.499775,521.999989,525.00,352000,2.728238
1965-11-29,534.499798,534.499798,528.000011,528.000011,256000,2.743827
1965-11-26,535.500011,536.749821,535.249786,535.500011,208000,2.782802
1965-11-24,535.500011,538.500023,533.999977,535.500011,99200,2.782802
1965-11-23,540.499821,540.749989,535.500011,535.500011,171200,2.782802
1965-11-22,542.500191,553.999786,540.499821,540.499821,120000,2.808785
1965-11-19,542.500191,544.999809,541.000214,542.500191,179200,2.81918
1965-11-18,544.999809,544.999809,542.500191,542.500191,232000,2.81918
1965-11-17,544.000225,548.999977,544.000225,546.000023,323200,2.837367
1965-11-16,538.500023,542.749786,538.500023,542.749786,203200,2.820477
1965-11-15,538.500023,541.000214,538.500023,538.500023,251200,2.798392
1965-11-12,534.499798,538.500023,533.999977,538.000202,275200,2.795795
1965-11-11,533.249989,534.499798,532.50,534.499798,64000,2.777605
1965-11-10,532.50,534.499798,531.499786,533.249989,171200,2.77111
1965-11-09,536.999989,536.999989,532.50,532.50,299200,2.767212
1965-11-08,536.500225,538.500023,534.499798,538.500023,227200,2.798392
1965-11-05,537.499809,538.500023,535.999775,536.500225,315200,2.788
1965-11-04,535.000191,538.000202,535.000191,537.499809,371200,2.793195
1965-11-03,533.500214,534.874821,533.500214,534.874821,168000,2.779553
1965-11-01,532.999821,532.999821,530.249977,532.999821,264000,2.76981
1965-10-29,531.499786,532.999821,529.999809,532.999821,144000,2.76903
1965-10-28,530.500202,532.50,529.499989,531.499786,264000,2.761237
1965-10-27,525.499821,531.499786,525.499821,530.500202,288000,2.756044
1965-10-26,527.500191,529.000225,523.000202,523.999786,352000,2.722273
1965-10-25,528.499775,528.499775,526.499977,527.500191,267200,2.740458
1965-10-22,528.000011,532.50,528.000011,529.000225,531200,2.748251
1965-10-21,527.500191,529.499989,526.499977,527.500191,376000,2.740458
1965-10-20,521.749821,527.500191,520.750179,527.500191,456000,2.740458
1965-10-19,520.999775,523.000202,520.999775,521.749821,304000,2.710584
1965-10-18,517.750225,521.749821,517.000179,520.500011,552000,2.704091
1965-10-15,515.249977,517.999821,515.249977,517.750225,219200,2.689806
1965-10-14,516.000023,517.000179,514.999809,514.999809,216000,2.675517
1965-10-13,514.750214,517.50,513.000011,516.000023,264000,2.680713
1965-10-12,518.999977,519.250202,512.500191,514.750214,395200,2.67422
1965-10-11,516.499786,520.000191,516.499786,518.999977,435200,2.696298
1965-10-08,514.000225,516.000023,514.000225,514.999809,360000,2.675517
1965-10-07,513.499775,514.125023,511.000214,511.000214,227200,2.654738
1965-10-06,511.499977,513.499775,511.000214,513.499775,216000,2.667724
1965-10-05,510.00,513.000011,510.00,511.499977,371200,2.657334
1965-10-04,506.999989,509.500179,505.999775,509.250011,291200,2.645646
1965-10-01,510.749989,510.749989,503.249989,506.999989,528000,2.633956
1965-09-30,511.499977,512.500191,510.00,512.500191,243200,2.662531
1965-09-29,513.000011,516.499786,509.500179,511.499977,363200,2.657334
1965-09-28,515.500202,517.000179,512.500191,513.000011,267200,2.665127
1965-09-27,513.499775,516.000023,513.499775,515.500202,323200,2.678116
1965-09-24,512.250023,512.250023,508.999786,511.999798,424000,2.659931
1965-09-23,516.499786,517.249775,515.500202,515.500202,387200,2.678116
1965-09-22,514.499989,517.000179,513.499775,516.499786,424000,2.683309
1965-09-21,511.999798,514.875011,511.999798,514.499989,208000,2.67292
1965-09-20,512.749786,512.749786,508.000202,511.999798,312000,2.659931
1965-09-17,511.999798,514.750214,508.000202,514.750214,483200,2.67422
1965-09-16,511.499977,513.374977,511.499977,511.999798,419200,2.659931
1965-09-15,509.500179,513.000011,508.500023,509.250011,304000,2.645646
1965-09-14,511.000214,514.750214,509.500179,509.500179,496000,2.646945
1965-09-13,505.999775,511.000214,505.999775,511.000214,587200,2.654738
1965-09-10,504.250202,505.999775,502.999821,503.749809,336000,2.617071
1965-09-09,502.000179,504.499798,501.750011,504.250202,291200,2.619671
1965-09-08,503.249989,503.749809,498.000011,502.000179,376000,2.607981
1965-09-07,503.999977,504.750023,502.249775,503.249989,227200,2.614474
1965-09-03,503.500214,504.874821,503.500214,503.999977,347200,2.618371
1965-09-02,500.249977,502.000179,500.249977,501.750011,291200,2.606682
1965-09-01,499.000225,499.999809,498.499775,499.999809,136000,2.597589
1965-08-31,500.249977,501.250191,499.000225,499.000225,251200,2.592396
1965-08-30,500.500202,501.000023,498.000011,500.249977,227200,2.598889
1965-08-27,500.500202,502.000179,500.500202,500.500202,312000,2.600189
1965-08-26,499.000225,502.750225,499.000225,499.249821,339200,2.593693
1965-08-25,501.750011,503.875179,499.000225,499.000225,459200,2.592396
1965-08-24,496.249809,503.125191,496.249809,501.750011,1187200,2.606682
1965-08-23,491.999989,496.000214,490.999775,495.00,520000,2.571614
1965-08-20,490.000191,493.999786,487.50,491.999989,496000,2.556029
1965-08-19,492.749977,493.999786,490.000191,490.000191,675200,2.545639
1965-08-18,491.25,493.999786,491.25,492.749977,483200,2.559925
1965-08-17,491.500225,491.500225,488.500214,490.750179,240000,2.549536
1965-08-16,492.499809,494.875202,492.124786,492.250214,408000,2.557329
1965-08-13,489.499798,493.249798,487.999821,492.499809,480000,2.558625
1965-08-12,484.000225,490.000191,483.000011,489.499798,688000,2.54304
1965-08-11,483.000011,484.999809,483.000011,484.000225,123200,2.514468
1965-08-10,484.000225,485.500202,481.750202,482.500191,251200,2.506675
1965-08-09,483.499775,485.249977,482.250023,484.000225,291200,2.514468
1965-08-06,481.499977,483.499775,478.000202,483.499775,192000,2.511868
1965-08-05,484.750214,485.249977,481.499977,481.499977,275200,2.501479
1965-08-04,480.00,485.125179,480.00,484.750214,744000,2.518365
1965-08-03,476.25,480.00,474.250202,479.875202,491200,2.493038
1965-08-02,478.999786,479.250011,476.25,476.25,216000,2.473425
1965-07-30,475.500011,478.999786,475.500011,478.999786,480000,2.487706
1965-07-29,471.499786,475.999804,471.499786,475.500011,544000,2.46953
1965-07-28,463.999786,471.499786,461.500196,471.499786,459200,2.448755
1965-07-27,465.749989,467.500191,461.999989,463.999786,243200,2.409803
1965-07-26,466.000214,466.500006,461.500196,465.749989,227200,2.418893
1965-07-23,460.999804,466.000214,460.249786,466.000214,251200,2.420193
1965-07-22,463.000202,465.250196,460.999804,460.999804,280000,2.394223
1965-07-21,466.125011,468.250208,463.000202,463.000202,472000,2.404612
1965-07-20,474.000006,474.000006,466.000214,466.125011,456000,2.420841
1965-07-19,474.499798,474.749994,472.999792,474.499798,339200,2.464336
1965-07-16,471.750011,474.499798,470.999994,474.499798,347200,2.464336
1965-07-15,470.999994,472.249804,470.999994,471.750011,419200,2.450054
1965-07-14,466.000214,470.999994,465.499792,470.250006,467200,2.442264
1965-07-13,466.249809,466.249809,463.000202,466.000214,251200,2.420193
1965-07-12,469.499989,469.499989,466.999798,466.999798,192000,2.425384
1965-07-09,466.999798,469.875011,465.499792,469.750214,371200,2.439668
1965-07-08,457.999792,466.999798,456.250191,466.999798,472000,2.425384
1965-07-07,460.000191,460.000191,457.000208,457.999792,291200,2.378642
1965-07-06,462.750006,462.750006,459.000006,460.750208,291200,2.392926
1965-07-02,460.999804,465.00,457.000208,464.500208,539200,2.412402
1965-07-01,457.999792,460.999804,454.999809,460.999804,515200,2.394223
1965-06-30,452.249994,457.999792,452.249994,457.999792,784000,2.378642
1965-06-29,442.50,450.00,437.500191,450.00,1584000,2.337095
1965-06-28,446.749792,448.999786,441.250191,442.50,744000,2.298143
1965-06-25,453.75,453.75,446.749792,446.749792,1080000,2.320215
1965-06-24,457.50,460.000191,454.000196,455.500202,480000,2.36566
1965-06-23,458.500214,463.999786,457.50,457.50,312000,2.376046
1965-06-22,460.500011,461.749792,458.500214,458.500214,280000,2.381241
1965-06-21,460.999804,460.999804,457.000208,460.500011,496000,2.391627
1965-06-18,462.750006,464.625006,460.500011,462.499809,419200,2.402013
1965-06-17,457.000208,463.499994,455.999994,462.750006,432000,2.403312
1965-06-16,458.249989,463.000202,457.000208,457.000208,795200,2.373451
1965-06-15,451.999798,460.999804,447.499809,458.249989,1251200,2.379941
1965-06-14,454.750214,460.500011,448.000202,451.999798,779200,2.347481
1965-06-11,454.000196,460.999804,454.000196,454.750214,731200,2.361765
1965-06-10,458.500214,462.499809,453.000011,453.000011,1312000,2.352675
1965-06-09,468.499804,469.999809,458.500214,458.500214,1144000,2.381241
1965-06-08,474.000006,475.249786,468.000011,468.499804,48000,2.433174
1965-06-07,474.499798,475.999804,469.999809,474.000006,323200,2.46174
1965-06-04,470.999994,475.999804,470.999994,474.499798,363200,2.464336
1965-06-03,475.000191,477.499809,469.000196,470.999994,411200,2.446159
1965-06-02,468.499804,475.000191,465.499792,475.000191,467200,2.466934
1965-06-01,475.999804,475.999804,468.000011,468.499804,243200,2.433174
1965-05-28,468.000011,478.000202,468.000011,478.000202,280000,2.482515
1965-05-27,466.999798,468.000011,464.500208,466.500006,328000,2.422788
1965-05-26,470.500202,470.500202,465.499792,466.999798,376000,2.425384
1965-05-25,461.999989,472.000208,461.999989,470.999994,352000,2.446159
1965-05-24,465.00,465.00,460.000191,460.000191,435200,2.389031
1965-05-21,472.750196,472.750196,468.75,469.000196,275200,2.435773
1965-05-20,478.000202,478.750191,472.999792,472.999792,216000,2.456545
1965-05-19,478.000202,479.250011,478.000202,478.000202,195200,2.482515
1965-05-18,474.499798,476.500196,472.999792,475.999804,328000,2.472126
1965-05-17,481.499977,482.500191,472.000208,474.499798,280000,2.464336
1965-05-14,482.250023,482.250023,480.250225,481.499977,99200,2.500691
1965-05-13,484.875011,485.249977,483.499775,484.000225,291200,2.513676
1965-05-12,480.00,484.875011,480.00,484.875011,240000,2.51822
1965-05-11,478.999786,482.250023,475.999804,480.00,147200,2.492901
1965-05-10,484.999809,487.249775,478.000202,478.999786,291200,2.487706
1965-05-07,490.000191,491.500225,484.999809,484.999809,376000,2.518868
1965-05-06,486.499786,490.000191,486.499786,490.000191,411200,2.544838
1965-05-05,484.499989,488.999977,484.000225,484.999809,408000,2.518868
1965-05-04,483.499775,484.999809,480.00,484.499989,208000,2.516272
1965-05-03,484.000225,484.000225,481.499977,483.499775,144000,2.510298
1965-04-30,480.00,484.999809,480.00,484.999809,323200,2.518086
1965-04-29,479.500208,481.499977,479.500208,480.00,171200,2.492128
1965-04-28,478.999786,478.999786,476.999989,478.999786,155200,2.486935
1965-04-27,478.999786,480.00,478.499994,478.999786,171200,2.486935
1965-04-26,479.749804,479.749804,476.999989,478.999786,227200,2.486935
1965-04-23,479.500208,480.749989,478.999786,480.250225,240000,2.493427
1965-04-22,478.499994,480.124798,478.499994,479.500208,216000,2.489533
1965-04-21,478.000202,478.000202,475.000191,476.500196,232000,2.473957
1965-04-20,478.999786,480.00,475.999804,478.499994,552000,2.48434
1965-04-19,474.499798,478.999786,474.499798,478.999786,328000,2.486935
1965-04-15,472.50,474.000006,468.000011,472.000208,339200,2.450593
1965-04-14,472.000208,475.000191,468.499804,472.50,544000,2.453188
1965-04-13,469.499989,474.000006,468.000011,472.000208,339200,2.450593
1965-04-12,469.499989,469.499989,466.249809,469.499989,376000,2.437612
1965-04-09,461.500196,469.999809,461.500196,469.999809,520000,2.440207
1965-04-08,457.000208,458.749809,457.000208,457.999792,216000,2.377904
1965-04-07,456.499786,458.500214,455.999994,455.999994,275200,2.367521
1965-04-06,457.999792,457.999792,455.999994,456.499786,251200,2.370116
1965-04-05,457.50,460.000191,457.249804,459.499798,339200,2.385692
1965-04-02,455.999994,457.999792,455.999994,457.50,376000,2.375309
1965-04-01,454.999809,457.000208,454.999809,455.749798,203200,2.366222
1965-03-31,454.750214,455.999994,454.000196,454.249792,251200,2.358434
1965-03-30,454.750214,455.500202,452.500191,454.750214,291200,2.361032
1965-03-29,451.000214,454.999809,451.000214,454.750214,267200,2.361032
1965-03-26,454.499989,454.499989,448.999786,448.999786,696000,2.331177
1965-03-25,459.000006,459.000006,454.000196,455.999994,299200,2.367521
1965-03-24,461.25,461.999989,459.000006,459.000006,328000,2.383097
1965-03-23,463.000202,463.000202,460.999804,461.25,275200,2.394779
1965-03-22,463.000202,463.499994,460.124989,463.499994,251200,2.406461
1965-03-19,463.499994,463.499994,462.499809,463.000202,155200,2.403866
1965-03-18,463.499994,467.249994,463.499994,464.500208,216000,2.411654
1965-03-17,463.999786,465.00,461.500196,463.000202,160000,2.403866
1965-03-16,466.000214,466.000214,461.999989,463.999786,304000,2.409056
1965-03-15,464.500208,469.499989,463.499994,467.249994,304000,2.42593
1965-03-12,460.249786,465.749989,460.249786,464.500208,339200,2.411654
1965-03-11,458.500214,463.000202,458.500214,459.499798,432000,2.385692
1965-03-10,460.124989,460.124989,457.000208,457.000208,267200,2.372714
1965-03-09,454.999809,460.249786,454.999809,460.249786,456000,2.389586
1965-03-08,453.499804,455.500202,453.499804,454.249792,315200,2.358434
1965-03-05,448.750191,453.000011,448.000202,451.999798,323200,2.346752
1965-03-04,453.499804,453.499804,448.499994,448.750191,384000,2.329881
1965-03-03,455.500202,455.500202,451.000214,453.499804,243200,2.35454
1965-03-02,455.250006,455.999994,453.499804,455.999994,299200,2.367521
1965-03-01,455.749798,458.249989,454.999809,455.250006,347200,2.363627
1965-02-26,454.999809,457.125006,454.999809,455.749798,456000,2.366222
1965-02-25,449.500208,454.499989,448.999786,454.499989,616000,2.359733
1965-02-24,448.499994,450.749989,448.499994,449.500208,672000,2.333775
1965-02-23,447.750006,449.749804,447.750006,448.000202,240000,2.325987
1965-02-19,444.499798,449.250011,444.499798,447.499809,696000,2.323389
1965-02-18,432.499809,443.500214,432.499809,443.500214,531200,2.302623
1965-02-17,430.000191,432.499809,424.999809,432.499809,771200,2.24551
1965-02-16,433.000202,436.249809,429.000006,430.000191,352000,2.232532
1965-02-15,440.500202,440.500202,432.250214,433.000202,419200,2.248108
1965-02-12,439.999809,441.499786,439.000196,440.875196,256000,2.288994
1965-02-11,439.499989,442.999792,439.000196,439.999809,347200,2.284449
1965-02-10,446.500196,448.000202,436.999798,439.499989,339200,2.281854
1965-02-09,440.999994,446.500196,439.999809,446.500196,352000,2.318199
1965-02-08,442.000208,442.000208,439.000196,440.999994,339200,2.289642
1965-02-05,446.999989,446.999989,444.000006,445.500011,251200,2.313006
1965-02-04,443.749809,448.999786,443.749809,448.750191,312000,2.329881
1965-02-03,444.000006,444.000006,442.249804,442.249804,208000,2.296131
1965-02-02,445.500011,446.999989,442.999792,444.499798,264000,2.307813
1965-02-01,447.499809,447.499809,445.000191,445.500011,520000,2.312227
1965-01-29,448.999786,450.00,447.499809,448.499994,384000,2.327798
1965-01-28,448.499994,449.250011,446.999989,448.999786,323200,2.330392
1965-01-27,444.000006,448.499994,444.000006,448.499994,528000,2.327798
1965-01-26,445.500011,448.249798,442.000208,443.249989,515200,2.300549
1965-01-25,445.999804,445.999804,443.749809,445.500011,291200,2.312227
1965-01-22,444.000006,446.749792,444.000006,446.749792,456000,2.318714
1965-01-21,442.999792,442.999792,439.999809,442.999792,528000,2.299251
1965-01-20,444.000006,444.749994,442.999792,443.749809,520000,2.303143
1965-01-19,440.250006,444.000006,437.249994,444.000006,899200,2.304442
1965-01-18,437.249994,440.250006,437.249994,440.250006,840000,2.284979
1965-01-15,429.000006,435.00,429.000006,434.749804,576000,2.256432
1965-01-14,424.999809,428.249989,424.999809,427.999792,963200,2.221398
1965-01-13,423.250208,425.749798,423.000011,424.000196,400000,2.200639
1965-01-12,422.249994,423.499804,421.249809,423.250208,448000,2.196747
1965-01-11,424.999809,425.749798,421.000214,422.249994,339200,2.191555
1965-01-08,418.499994,424.999809,418.499994,424.999809,731200,2.205828
1965-01-07,410.500202,417.750006,410.500202,417.750006,579200,2.1682
1965-01-06,406.000214,411.499786,406.000214,408.75,971200,2.121488
1965-01-05,405.124798,406.000214,403.999786,404.125214,496000,2.097485
1965-01-04,409.499989,410.500202,405.00,405.124798,507200,2.102673
1964-12-31,411.250191,413.500214,409.499989,409.499989,496000,2.125381
1964-12-30,410.500202,412.50,409.999809,411.250191,395200,2.134464
1964-12-29,412.750196,412.999792,410.125208,410.500202,552000,2.130572
1964-12-28,413.500214,414.000006,410.999994,412.750196,304000,2.14225
1964-12-24,411.499786,413.500214,411.499786,413.500214,203200,2.146142
1964-12-23,414.000006,414.250202,410.999994,410.999994,299200,2.133166
1964-12-22,415.000191,416.25,414.000006,414.000006,363200,2.148737
1964-12-21,415.000191,416.25,415.000191,415.000191,387200,2.153928
1964-12-18,413.749809,415.500011,413.749809,415.000191,411200,2.153928
1964-12-17,410.999994,414.749994,410.500202,412.999792,256000,2.143545
1964-12-16,410.625,412.750196,409.999809,410.999994,219200,2.133166
1964-12-15,410.999994,412.750196,408.000011,410.625,219200,2.13122
1964-12-14,413.249989,413.749809,410.999994,410.999994,315200,2.133166
1964-12-11,410.749798,415.500011,410.749798,413.249989,435200,2.144844
1964-12-10,408.250208,412.000208,408.250208,409.000196,328000,2.122787
1964-12-09,408.000011,412.999792,406.999798,407.125196,531200,2.113055
1964-12-08,416.500196,416.624994,408.000011,408.000011,288000,2.117595
1964-12-07,416.999989,418.000202,416.125202,416.500196,328000,2.161713
1964-12-04,414.499798,418.000202,414.499798,416.999989,291200,2.164307
1964-12-03,408.000011,414.749994,408.000011,412.50,456000,2.140951
1964-12-02,407.500191,409.000196,407.125196,408.000011,435200,2.117595
1964-12-01,411.499786,411.499786,406.999798,407.500191,851200,2.115001
1964-11-30,416.500196,420.00,412.50,412.50,504000,2.140951
1964-11-27,416.999989,418.000202,413.500214,416.500196,723200,2.161713
1964-11-25,418.999786,421.249809,416.999989,416.999989,720000,2.164307
1964-11-24,421.999798,421.999798,418.999786,418.999786,528000,2.174686
1964-11-23,425.749798,425.999994,421.999798,423.000011,288000,2.195448
1964-11-20,421.000214,427.999792,421.000214,425.749798,267200,2.20972
1964-11-19,421.000214,421.500006,418.000202,421.000214,611200,2.185069
1964-11-18,429.000006,429.000006,421.000214,421.000214,443200,2.185069
1964-11-17,431.999989,434.500208,430.000191,430.999804,323200,2.236969
1964-11-16,429.000006,431.999989,429.000006,431.999989,435200,2.24216
1964-11-13,419.500208,426.250191,419.500208,426.250191,600000,2.212317
1964-11-12,418.999786,420.499792,418.999786,419.500208,419200,2.177284
1964-11-11,418.999786,419.749804,418.249798,418.999786,315200,2.174686
1964-11-10,418.999786,420.00,418.499994,418.999786,267200,2.174686
1964-11-09,418.499994,420.499792,418.249798,418.999786,376000,2.174686
1964-11-06,418.750191,420.499792,418.249798,418.499994,424000,2.172092
1964-11-05,417.250214,419.749804,417.250214,418.750191,275200,2.173391
1964-11-04,416.999989,419.749804,416.999989,416.999989,363200,2.164307
1964-11-02,419.749804,419.749804,416.999989,416.999989,587200,2.164307
1964-10-30,420.499792,423.000011,419.500208,420.00,299200,2.17923
1964-10-29,418.999786,420.499792,418.000202,420.499792,256000,2.181823
1964-10-28,416.500196,418.999786,415.999804,418.999786,275200,2.17404
1964-10-27,415.124989,418.499994,415.124989,416.500196,491200,2.161071
1964-10-26,421.375208,421.999798,415.000191,415.000191,424000,2.153288
1964-10-23,423.000011,423.499804,421.000214,421.375208,216000,2.186365
1964-10-22,424.499989,424.750214,423.000011,423.000011,352000,2.194796
1964-10-21,424.249792,425.749798,423.499804,424.499989,251200,2.202579
1964-10-20,425.500202,425.500202,422.500191,424.249792,515200,2.20128
1964-10-19,430.999804,430.999804,427.000208,427.999792,291200,2.220738
1964-10-16,426.250191,430.999804,426.250191,430.999804,419200,2.236304
1964-10-15,421.999798,425.500202,420.00,425.500202,528000,2.207768
1964-10-14,421.000214,424.000196,420.00,421.999798,376000,2.189606
1964-10-13,427.000208,427.000208,421.000214,421.000214,419200,2.18442
1964-10-12,430.500011,430.500011,427.999792,427.999792,195200,2.220738
1964-10-09,429.250202,431.500196,429.250202,430.999804,435200,2.236304
1964-10-08,425.500202,428.749809,424.999809,428.500214,323200,2.223334
1964-10-07,424.999809,426.499786,423.499804,425.500202,336000,2.207768
1964-10-06,427.000208,427.000208,424.249792,424.999809,312000,2.205172
1964-10-05,433.000202,433.499994,430.000191,430.249786,336000,2.232412
1964-10-02,433.750191,433.750191,427.50,433.000202,376000,2.246683
1964-10-01,436.500006,436.500006,434.500208,434.749804,168000,2.255761
1964-09-30,437.500191,438.250208,436.000214,436.500006,208000,2.264842
1964-09-29,435.499792,438.000011,435.499792,437.500191,243200,2.270032
1964-09-28,438.75,438.75,435.250196,435.250196,267200,2.258358
1964-09-25,433.999786,441.499786,433.999786,438.75,843200,2.276517
1964-09-24,430.000191,433.000202,430.000191,431.999989,280000,2.241493
1964-09-23,425.500202,430.000191,425.500202,430.000191,339200,2.231117
1964-09-22,426.499786,430.500011,425.500202,425.500202,424000,2.207768
1964-09-21,426.499786,431.999989,426.499786,426.499786,336000,2.212955
1964-09-18,433.999786,435.749989,423.000011,425.500202,771200,2.207768
1964-09-17,429.000006,435.499792,429.000006,433.999786,736000,2.25187
1964-09-16,417.499809,426.625214,417.499809,426.625214,696000,2.213606
1964-09-15,413.249989,419.250011,413.249989,416.500196,960000,2.161071
1964-09-14,425.250006,426.750011,412.000208,412.000208,1032000,2.137722
1964-09-11,426.124792,429.250202,424.999809,425.250006,803200,2.20647
1964-09-10,430.000191,430.000191,424.999809,426.124792,1571200,2.211009
1964-09-09,440.250006,441.750011,435.00,435.250196,448000,2.258358
1964-09-08,444.124804,445.750208,439.999809,440.250006,323200,2.2843
1964-09-04,444.250202,445.999804,442.750196,444.124804,352000,2.304405
1964-09-03,442.000208,444.499798,442.000208,444.250202,507200,2.305055
1964-09-02,440.999994,443.500214,439.750214,442.000208,256000,2.293381
1964-09-01,440.500202,442.50,439.000196,440.999994,408000,2.288191
1964-08-31,437.749786,441.499786,436.500006,440.500202,544000,2.285598
1964-08-28,432.750006,437.749786,432.750006,437.749786,424000,2.271327
1964-08-27,428.249989,430.750208,428.249989,430.000191,600000,2.231117
1964-08-26,428.500214,430.999804,425.500202,427.750196,731200,2.219443
1964-08-25,435.124798,435.124798,427.000208,428.500214,672000,2.223334
1964-08-24,439.000196,439.750214,435.00,435.124798,304000,2.257707
1964-08-21,434.500208,439.750214,434.500208,439.000196,616000,2.277815
1964-08-20,442.750196,442.750196,430.999804,433.999786,1043200,2.25187
1964-08-19,447.750006,447.750006,443.249989,443.500214,371200,2.301164
1964-08-18,447.499809,447.750006,446.999989,447.750006,179200,2.323215
1964-08-17,447.499809,450.00,447.499809,447.499809,288000,2.321917
1964-08-14,452.500191,453.499804,446.999989,446.999989,363200,2.319323
1964-08-13,448.999786,452.500191,448.999786,452.500191,419200,2.347862
1964-08-12,445.500011,450.499792,444.499798,448.499994,515200,2.327106
1964-08-11,448.999786,450.499792,445.500011,445.500011,600000,2.31154
1964-08-10,448.999786,449.500208,448.249798,448.999786,323200,2.329699
1964-08-07,448.249798,451.000214,448.249798,448.999786,472000,2.329699
1964-08-06,451.000214,451.999798,444.250202,444.749994,552000,2.307649
1964-08-05,444.250202,451.500006,442.000208,451.000214,1203200,2.340079
1964-08-04,455.999994,455.999994,444.250202,444.250202,1131200,2.305055
1964-08-03,461.999989,461.999989,459.749994,459.749994,203200,2.384831
1964-07-31,461.500196,462.750006,460.999804,461.999989,264000,2.396502
1964-07-30,464.625006,465.00,461.500196,461.500196,216000,2.393909
1964-07-29,460.999804,464.625006,460.999804,464.625006,299200,2.410119
1964-07-28,461.500196,462.250214,460.000191,460.500011,472000,2.388721
1964-07-27,463.750191,464.500208,460.999804,461.500196,616000,2.393909
1964-07-24,468.499804,468.499804,463.750191,463.750191,507200,2.405581
1964-07-23,471.499786,471.499786,469.000196,469.999809,192000,2.437999
1964-07-22,472.249804,473.500214,469.999809,471.499786,299200,2.44578
1964-07-21,474.000006,476.500196,471.499786,472.249804,435200,2.44967
1964-07-20,478.999786,478.999786,474.000006,474.000006,267200,2.458749
1964-07-17,478.999786,480.250225,478.499994,478.999786,216000,2.484684
1964-07-16,477.499809,479.500208,477.499809,478.999786,360000,2.484684
1964-07-15,472.50,477.250214,472.50,476.999989,435200,2.47431
1964-07-14,481.499977,484.000225,470.500202,472.000208,1259200,2.448375
1964-07-13,482.500191,482.749786,480.00,481.499977,528000,2.497653
1964-07-10,487.750225,489.499798,482.500191,482.500191,496000,2.502841
1964-07-09,488.999977,490.999775,487.750225,487.750225,267200,2.530074
1964-07-08,490.999775,491.999989,488.749809,488.999977,304000,2.536557
1964-07-07,489.250202,491.999989,489.250202,490.999775,544000,2.546931
1964-07-06,484.000225,489.250202,484.000225,487.999821,400000,2.531369
1964-07-02,482.250023,484.999809,482.250023,484.000225,528000,2.510622
1964-07-01,478.750191,481.999798,478.750191,481.000214,371200,2.495061
1964-06-30,477.250214,478.999786,476.999989,476.999989,291200,2.47431
1964-06-29,478.000202,480.00,477.250214,477.250214,275200,2.475608
1964-06-26,481.000214,481.999798,478.000202,478.000202,275200,2.479499
1964-06-25,481.249809,483.499775,480.749989,481.000214,467200,2.495061
1964-06-24,478.750191,481.499977,477.499809,481.249809,336000,2.496355
1964-06-23,480.749989,481.000214,477.499809,478.750191,219200,2.483389
1964-06-22,479.500208,481.000214,478.499994,480.749989,275200,2.493763
1964-06-19,477.499809,479.749804,476.500196,479.500208,219200,2.48728
1964-06-18,481.999798,482.749786,477.499809,477.499809,443200,2.476903
1964-06-17,479.749804,482.500191,479.749804,481.999798,747200,2.500246
1964-06-16,478.000202,479.749804,478.000202,479.250011,312000,2.485982
1964-06-15,473.500214,476.999989,473.500214,475.999804,280000,2.469122
1964-06-12,469.999809,472.999792,469.999809,472.50,267200,2.450968
1964-06-11,466.999798,470.999994,466.500006,469.000196,384000,2.432814
1964-06-10,469.999809,472.999792,466.999798,466.999798,376000,2.422437
1964-06-09,461.500196,469.999809,461.500196,469.999809,627200,2.437999
1964-06-08,463.999786,466.999798,460.999804,460.999804,251200,2.391314
1964-06-05,461.749792,466.999798,460.999804,463.999786,552000,2.406875
1964-06-04,469.999809,471.499786,461.749792,461.749792,611200,2.395204
1964-06-03,475.500011,476.500196,469.999809,469.999809,531200,2.437999
1964-06-02,474.000006,478.000202,474.000006,475.500011,435200,2.46653
1964-06-01,480.00,481.999798,473.249989,473.249989,443200,2.454858
1964-05-28,476.999989,480.00,476.999989,480.00,443200,2.489872
1964-05-27,481.999798,481.999798,475.999804,476.500196,688000,2.471718
1964-05-26,483.499775,484.999809,479.625006,481.999798,808000,2.500246
1964-05-25,490.999775,491.999989,483.000011,483.499775,544000,2.508026
1964-05-22,490.000191,493.999786,490.000191,490.999775,936000,2.546283
1964-05-21,486.000023,490.000191,486.000023,488.999977,1104000,2.535913
1964-05-20,478.999786,485.249977,478.999786,485.249977,1320000,2.516465
1964-05-19,472.999792,478.999786,472.999792,478.000202,696000,2.478869
1964-05-18,475.500011,475.500011,468.000011,472.999792,555200,2.452937
1964-05-15,584.499764,588.749993,583.749747,587.499762,227200,2.437379
1964-05-14,586.500013,586.500013,582.999766,584.499764,299200,2.424933
1964-05-13,586.500013,590.750241,586.500013,587.249994,483200,2.436343
1964-05-12,584.499764,587.000263,584.499764,586.500013,219200,2.433232
1964-05-11,584.499764,586.749744,583.500016,584.000266,363200,2.422861
1964-05-08,583.250248,585.999763,582.999766,584.499764,280000,2.424933
1964-05-07,584.000266,588.500261,583.250248,583.250248,288000,2.419749
1964-05-06,584.750247,588.749993,584.000266,584.000266,243200,2.422861
1964-05-05,584.000266,585.999763,582.000017,584.750247,251200,2.425972
1964-05-04,581.000233,585.999763,581.000233,584.000266,363200,2.422861
1964-05-01,570.999742,579.500234,570.999742,579.500234,400000,2.404191
1964-04-30,576.500237,578.000236,570.24976,570.24976,376000,2.365814
1964-04-29,583.500016,587.000263,576.500237,576.500237,627200,2.391745
1964-04-28,581.000233,588.000011,581.000233,583.500016,480000,2.420785
1964-04-27,582.999766,584.750247,580.499983,581.000233,496000,2.410415
1964-04-24,584.000266,587.000263,579.249752,582.999766,539200,2.41871
1964-04-23,594.000006,596.000254,584.000266,584.000266,520000,2.422861
1964-04-22,590.00026,594.000006,588.500261,594.000006,419200,2.464347
1964-04-21,582.249749,590.00026,582.249749,590.00026,432000,2.447753
1964-04-20,585.500264,588.000011,582.000017,582.000017,280000,2.414562
1964-04-17,582.999766,588.500261,582.999766,585.500264,395200,2.429084
1964-04-16,584.000266,584.499764,581.25,582.249749,467200,2.415598
1964-04-15,585.999763,588.000011,584.000266,584.000266,395200,2.422861
1964-04-14,590.249991,593.000257,585.249746,585.999763,347200,2.431156
1964-04-13,596.750236,599.49975,590.249991,590.249991,640000,2.448789
1964-04-10,586.749744,597.999752,586.749744,596.750236,1320000,2.475757
1964-04-09,585.249746,589.50001,585.249746,585.249746,339200,2.428045
1964-04-08,588.249743,589.50001,584.000266,584.499764,672000,2.424933
1964-04-07,597.000003,601.500034,588.000011,588.249743,1096000,2.440491
1964-04-06,598.500001,600.750017,597.000003,597.000003,731200,2.476793
1964-04-03,597.999752,600.00,597.000003,598.500001,915200,2.483016
1964-04-02,596.000254,599.49975,596.000254,597.999752,568000,2.480941
1964-04-01,594.999754,597.500253,594.999754,595.250237,720000,2.469534
1964-03-31,589.50001,594.500256,589.50001,594.249737,1035200,2.465383
1964-03-30,588.500261,592.749739,588.500261,588.99976,635200,2.443602
1964-03-26,586.500013,589.50001,584.625006,588.500261,419200,2.44153
1964-03-25,582.999766,587.249994,582.999766,586.500013,467200,2.433232
1964-03-24,581.000233,585.999763,581.000233,582.000017,419200,2.414562
1964-03-23,574.499989,581.000233,572.000241,579.999733,467200,2.406264
1964-03-20,577.250254,577.749753,573.50024,574.499989,672000,2.383447
1964-03-19,579.750001,579.999733,576.500237,577.250254,491200,2.394857
1964-03-18,583.500016,585.500264,576.999736,579.750001,496000,2.405228
1964-03-17,584.499764,585.000014,582.500267,583.500016,483200,2.420785
1964-03-16,587.499762,587.499762,582.000017,584.499764,360000,2.424933
1964-03-13,588.000011,591.999757,588.000011,588.500261,1320000,2.44153
1964-03-12,578.999984,585.000014,578.999984,585.000014,664000,2.427009
1964-03-11,570.999742,578.499734,570.999742,575.250006,603200,2.386558
1964-03-10,567.999744,569.999993,564.999747,568.499994,312000,2.358554
1964-03-09,567.999744,570.999742,567.500246,567.999744,664000,2.356479
1964-03-06,564.999747,569.000244,564.999747,567.999744,552000,2.356479
1964-03-05,558.000004,563.999999,557.000256,562.50,371200,2.333662
1964-03-04,563.999999,565.499997,555.999756,558.000004,515200,2.314993
1964-03-03,564.500248,568.250263,562.50,563.999999,376000,2.339885
1964-03-02,569.000244,571.499991,564.500248,564.500248,400000,2.34196
1964-02-28,566.499746,572.000241,563.00025,569.000244,648000,2.36063
1964-02-27,575.499737,576.500237,565.499997,566.499746,603200,2.350256
1964-02-26,570.999742,575.999987,570.999742,575.499737,939200,2.387594
1964-02-25,558.500254,572.000241,558.500254,569.999993,1024000,2.364777
1964-02-24,556.749737,559.250236,556.749737,556.749737,448000,2.309806
1964-02-20,554.000258,555.999756,552.00001,555.500257,288000,2.304622
1964-02-19,554.000258,556.500006,554.000258,554.000258,219200,2.298399
1964-02-18,552.999759,555.999756,549.500263,554.000258,611200,2.298399
1964-02-17,555.500257,558.999753,552.999759,552.999759,696000,2.294248
1964-02-14,554.000258,557.000256,552.999759,555.500257,603200,2.304622
1964-02-13,547.500014,554.000258,547.500014,554.000258,843200,2.298399
1964-02-12,542.000234,546.000016,540.999734,546.000016,432000,2.265208
1964-02-11,540.999734,544.500017,540.999734,542.000234,555200,2.248614
1964-02-10,537.999737,542.499733,537.999737,539.999986,627200,2.240315
1964-02-07,536.999989,539.000237,536.999989,536.999989,760000,2.227869
1964-02-06,536.00024,539.499736,533.999991,536.00024,603200,2.223722
1964-02-05,539.499736,540.500236,536.00024,536.00024,435200,2.223722
1964-02-04,539.750254,539.750254,536.00024,539.499736,339200,2.23824
1964-02-03,542.000234,546.500266,538.499987,540.999734,616000,2.243944
1964-01-31,530.999994,542.000234,530.999994,542.000234,640000,2.248093
1964-01-30,527.000248,533.000243,527.000248,528.999746,480000,2.19417
1964-01-29,533.000243,533.000243,524.000251,524.000251,816000,2.173434
1964-01-28,539.000237,539.000237,533.499742,533.999991,552000,2.21491
1964-01-27,546.000016,549.500263,535.49999,539.999986,568000,2.239797
1964-01-24,549.500263,550.500011,545.000267,546.000016,568000,2.264684
1964-01-23,547.500014,552.00001,547.500014,549.500263,720000,2.279202
1964-01-22,543.999767,551.000261,543.999767,546.999764,947200,2.26883
1964-01-21,552.00001,557.000256,542.000234,542.000234,2171200,2.248093
1964-01-20,552.999759,563.999999,552.00001,552.00001,1248000,2.28957
1964-01-17,549.999762,560.000253,549.000013,552.999759,1259200,2.293717
1964-01-16,561.000001,566.999996,546.999764,549.999762,1931200,2.281274
1964-01-15,543.500233,561.000001,543.500233,561.000001,1560000,2.3269
1964-01-14,536.00024,542.000234,534.99974,534.99974,1032000,2.219057
1964-01-13,533.000243,542.000234,530.000246,536.00024,1227200,2.223207
1964-01-10,528.500247,533.999991,528.500247,533.000243,1120000,2.210763
1964-01-09,513.99976,528.999746,513.99976,528.500247,1235200,2.192099
1964-01-08,507.999766,516.000009,507.999766,513.000011,675200,2.127807
1964-01-07,511.500013,516.500258,507.500267,507.999766,587200,2.107067
1964-01-06,511.250246,518.499756,511.250246,511.500013,699200,2.121585
1964-01-03,516.999757,521.000254,510.000014,510.000014,1048000,2.115364
1964-01-02,510.000014,519.000006,510.000014,516.999757,1216000,2.144397
1963-12-31,500.499737,509.499764,500.499737,507.000017,1739200,2.10292
1963-12-30,495.500243,500.250006,495.500243,498.999739,1715200,2.069737
1963-12-27,493.499994,497.750258,493.499994,493.499994,1080000,2.046925
1963-12-26,486.000001,491.499746,486.000001,490.499997,515200,2.034482
1963-12-24,483.500254,487.50,483.500254,484.500003,467200,2.009596
1963-12-23,483.500254,486.500251,482.249987,483.000004,600000,2.003374
1963-12-20,483.000004,484.500003,478.500009,483.500254,448000,2.005449
1963-12-19,483.500254,486.99975,482.000256,483.000004,480000,2.003374
1963-12-18,483.500254,491.000247,483.500254,483.500254,616000,2.005449
1963-12-17,477.50026,483.500254,477.50026,483.500254,448000,2.005449
1963-12-16,475.500011,480.249739,475.500011,476.000261,243200,1.974341
1963-12-13,475.250244,477.50026,473.499763,475.250244,339200,1.97123
1963-12-12,480.000007,481.500006,475.250244,475.250244,240000,1.97123
1963-12-11,480.999756,483.000004,480.000007,480.000007,243200,1.990931
1963-12-10,483.000004,483.000004,480.000007,480.999756,299200,1.995077
1963-12-09,484.500003,485.000253,480.000007,483.999753,611200,2.007521
1963-12-06,487.50,490.749764,483.500254,484.500003,432000,2.009596
1963-12-05,484.500003,489.500248,484.500003,487.50,544000,2.022039
1963-12-04,489.249766,489.249766,483.000004,483.000004,627200,2.003374
1963-12-03,491.999996,493.499994,486.99975,489.500248,672000,2.030335
1963-12-02,488.00025,491.999996,488.00025,491.999996,675200,2.040704
1963-11-29,477.999759,486.749983,477.50026,485.249984,675200,2.012706
1963-11-27,471.249747,477.999759,470.750248,477.999759,936000,1.982634
1963-11-26,465.249753,471.249747,464.250004,471.249747,1056000,1.954637
1963-11-22,464.000237,470.750248,461.00024,465.249753,795200,1.92975
1963-11-21,471.999764,474.500263,464.000237,464.000237,912000,1.924567
1963-11-20,472.250247,480.000007,470.499766,471.999764,928000,1.957747
1963-11-19,480.500257,483.000004,472.250247,472.250247,640000,1.958786
1963-11-18,484.500003,484.500003,477.50026,480.500257,424000,1.993006
1963-11-15,486.99975,488.499749,483.249736,485.000253,435200,2.01167
1963-11-14,489.500248,491.000247,484.500003,486.99975,640000,2.019964
1963-11-13,488.00025,492.500246,488.00025,489.500248,648000,2.030335
1963-11-12,487.50,492.999744,487.50,488.00025,875200,2.024114
1963-11-11,485.499752,488.999999,485.499752,486.99975,400000,2.019964
1963-11-08,483.999753,486.99975,483.999753,484.500003,520000,2.009596
1963-11-07,480.000007,485.000253,480.000007,481.500006,448000,1.997152
1963-11-06,483.749986,483.749986,477.00001,480.000007,976000,1.990931
1963-11-04,488.499749,491.250014,482.249987,483.999753,539200,2.007521
1963-11-01,494.000244,495.75001,487.250233,488.499749,640000,2.025666
1963-10-31,484.250236,494.000244,483.999753,494.000244,707200,2.048475
1963-10-30,491.250014,491.499746,484.250236,484.250236,747200,2.008044
1963-10-29,497.250009,500.750256,488.999999,491.250014,1331200,2.03707
1963-10-28,495.999742,501.750004,495.999742,497.250009,1848000,2.061951
1963-10-25,487.250233,494.000244,487.250233,493.499994,779200,2.0464
1963-10-24,485.000253,489.500248,485.000253,485.000253,528000,2.011155
1963-10-23,486.000001,490.250266,483.000004,483.000004,843200,2.00286
1963-10-22,492.999744,492.999744,484.250236,486.000001,1728000,2.0153
1963-10-21,494.750261,498.50024,494.000244,494.000244,880000,2.048475
1963-10-18,492.249763,495.500243,491.000247,494.750261,760000,2.051585
1963-10-17,492.249763,496.499991,492.249763,492.249763,1848000,2.041216
1963-10-16,477.999759,491.000247,477.999759,490.250266,1347200,2.032925
1963-10-15,477.249742,481.749737,477.249742,477.999759,1480000,1.982126
1963-10-14,468.999767,476.000261,468.999767,476.000261,1091200,1.973834
1963-10-11,465.500236,470.874739,465.500236,468.999767,1096000,1.944805
1963-10-10,462.500238,465.750003,460.49999,465.500236,760000,1.930294
1963-10-09,462.500238,467.999983,461.250007,462.500238,904000,1.917854
1963-10-08,469.500017,471.749997,462.500238,462.500238,1955200,1.917854
1963-10-07,461.499739,469.500017,459.99974,469.500017,1091200,1.94688
1963-10-04,459.99974,464.999986,459.99974,461.499739,1323200,1.913705
1963-10-03,450.00,457.74976,450.00,456.999743,376000,1.895045
1963-10-02,449.750233,450.999749,448.500001,449.249983,339200,1.862909
1963-10-01,452.000248,455.499744,449.750233,449.750233,640000,1.864983
1963-09-30,448.500001,452.499747,447.000003,452.000248,640000,1.874313
1963-09-27,450.249767,452.750266,447.000003,448.500001,939200,1.859799
1963-09-26,458.000243,459.99974,450.249767,450.249767,1659200,1.867054
1963-09-25,462.500238,468.999767,458.000243,458.000243,2112000,1.899193
1963-09-24,455.000246,462.750006,455.000246,462.500238,1096000,1.917854
1963-09-23,456.500244,460.250258,453.999746,454.499996,808000,1.884679
1963-09-20,454.250264,458.499742,453.999746,456.500244,603200,1.892973
1963-09-19,450.125241,455.000246,450.125241,454.250264,576000,1.883643
1963-09-18,455.124736,456.750011,447.500253,450.00,707200,1.866019
1963-09-17,455.000246,459.500241,455.000246,455.124736,664000,1.887269
1963-09-16,455.499744,458.499742,455.000246,455.000246,456000,1.886753
1963-09-13,456.500244,460.49999,455.499744,455.499744,603200,1.888825
1963-09-12,456.999743,458.499742,454.499996,456.500244,539200,1.892973
1963-09-11,458.000243,461.499739,456.999743,456.999743,880000,1.895045
1963-09-10,456.500244,461.00024,456.500244,458.000243,760000,1.899193
1963-09-09,458.499742,462.500238,455.000246,456.500244,899200,1.892973
1963-09-06,451.499999,462.500238,451.499999,458.499742,1899200,1.901265
1963-09-05,447.999752,452.000248,447.000003,450.50025,576000,1.868093
1963-09-04,447.999752,452.000248,447.999752,447.999752,867200,1.857724
1963-09-03,445.374763,451.749766,445.374763,447.500253,816000,1.855653
1963-08-30,442.500007,444.999754,439.50001,444.749987,672000,1.844248
1963-08-29,443.499756,447.000003,442.500007,442.500007,544000,1.834918
1963-08-28,441.999757,447.999752,441.999757,443.499756,627200,1.839064
1963-08-27,450.00,450.50025,441.999757,441.999757,555200,1.832844
1963-08-26,449.49975,451.749766,449.49975,450.00,371200,1.866019
1963-08-23,452.499747,453.999746,447.999752,448.500001,435200,1.859799
1963-08-22,448.749733,452.499747,447.500253,452.499747,491200,1.876384
1963-08-21,447.249734,450.00,447.249734,448.749733,280000,1.860834
1963-08-20,452.000248,453.999746,446.499753,446.499753,480000,1.851504
1963-08-19,452.499747,455.000246,452.000248,452.000248,304000,1.874313
1963-08-16,453.999746,456.999743,452.499747,452.499747,432000,1.876384
1963-08-15,456.999743,458.999991,453.999746,453.999746,875200,1.882604
1963-08-14,454.250264,459.500241,450.50025,456.999743,1320000,1.895045
1963-08-13,446.499753,454.499996,446.499753,454.250264,1416000,1.883643
1963-08-12,444.999754,447.500253,444.999754,445.500004,816000,1.847359
1963-08-09,438.99976,444.500256,438.500261,443.499756,672000,1.839064
1963-08-08,437.124753,441.500258,434.499764,438.99976,507200,1.820404
1963-08-07,441.74999,441.74999,437.124753,437.124753,528000,1.812629
1963-08-06,437.750244,441.999757,436.250246,441.74999,816000,1.831808
1963-08-05,432.000017,437.750244,431.499767,437.750244,400000,1.814809
1963-08-02,435.000014,437.000263,432.000017,432.000017,360000,1.79097
1963-08-01,434.499764,437.249994,429.999733,435.000014,976000,1.803407
1963-07-31,443.000257,447.999752,434.499764,434.499764,1139200,1.801333
1963-07-30,435.249746,443.000257,435.249746,443.000257,1083200,1.836574
1963-07-29,432.000017,433.500016,432.000017,432.999766,328000,1.795115
1963-07-26,428.999984,432.000017,428.999984,431.499767,387200,1.788896
1963-07-25,428.499734,432.000017,428.499734,428.999984,544000,1.778532
1963-07-24,426.750004,431.000233,425.250006,428.499734,627200,1.776458
1963-07-23,428.000236,432.500267,426.750004,426.750004,840000,1.769205
1963-07-22,429.249752,430.499983,426.500237,428.000236,600000,1.774388
1963-07-19,429.500234,430.499983,428.000236,429.249752,707200,1.779568
1963-07-18,432.999766,434.750247,429.500234,429.500234,904000,1.780606
1963-07-17,435.249746,439.50001,431.75025,432.999766,808000,1.795115
1963-07-16,432.500267,435.749996,432.249749,435.249746,792000,1.804442
1963-07-15,431.499767,434.000266,429.125261,432.500267,808000,1.793044
1963-07-12,434.000266,436.500013,431.499767,431.499767,568000,1.788896
1963-07-11,437.000263,440.00026,434.000266,434.000266,611200,1.799262
1963-07-10,440.00026,440.00026,435.249746,437.000263,640000,1.8117
1963-07-09,435.999763,443.249989,434.249997,440.874767,648000,1.827762
1963-07-08,444.000006,444.000006,435.500264,435.999763,600000,1.807552
1963-07-05,442.25024,444.999754,442.25024,444.999754,448000,1.844864
1963-07-03,439.250243,443.000257,439.250243,441.74999,1024000,1.831391
1963-07-02,428.499734,438.500261,428.499734,438.500261,1168000,1.817918
1963-07-01,436.250246,436.250246,425.999987,426.500237,1488000,1.768169
1963-06-28,435.500264,438.249743,435.500264,436.250246,648000,1.80859
1963-06-27,438.749993,442.25024,432.000017,434.249997,1360000,1.800298
1963-06-26,446.750236,447.000003,438.749993,438.749993,1240000,1.818954
1963-06-25,449.000251,454.499996,446.000254,446.750236,672000,1.852121
1963-06-24,455.499744,457.250261,449.000251,449.000251,779200,1.861449
1963-06-21,455.000246,456.750011,455.000246,455.499744,544000,1.888394
1963-06-20,456.999743,456.999743,450.249767,454.749763,1179200,1.885285
1963-06-19,458.499742,459.750009,456.500244,456.999743,648000,1.894613
1963-06-18,459.249759,463.499987,458.499742,458.499742,528000,1.900831
1963-06-17,463.250256,463.499987,458.499742,459.249759,424000,1.903941
1963-06-14,463.499987,465.750003,461.999989,463.250256,336000,1.920526
1963-06-13,468.24975,474.000013,461.999989,463.499987,448000,1.921561
1963-06-12,464.999986,469.500017,462.999737,468.24975,552000,1.941253
1963-06-11,462.999737,467.750251,462.999737,464.999986,275200,1.92778
1963-06-10,468.24975,468.24975,461.999989,462.249756,659200,1.916378
1963-06-07,470.000267,470.499766,467.750251,468.24975,360000,1.941253
1963-06-06,470.000267,471.999764,467.999983,470.000267,288000,1.94851
1963-06-05,474.000013,476.000261,469.500017,470.000267,491200,1.94851
1963-06-04,473.249996,477.249742,471.999764,474.000013,579200,1.965092
1963-06-03,477.249742,478.74974,473.249996,473.249996,843200,1.961982
1963-05-31,471.999764,478.500009,471.999764,477.249742,1067200,1.978564
1963-05-29,462.999737,470.000267,462.999737,470.000267,552000,1.94851
1963-05-28,459.750009,463.749754,459.750009,459.99974,448000,1.90705
1963-05-27,462.500238,462.500238,458.000243,458.000243,456000,1.898761
1963-05-24,464.499736,467.250001,461.999989,462.999737,288000,1.919487
1963-05-23,465.999734,467.999983,464.499736,464.499736,328000,1.925706
1963-05-22,467.000234,474.000013,465.500236,465.999734,336000,1.931925
1963-05-21,462.750006,467.000234,461.999989,467.000234,515200,1.936072
1963-05-20,467.000234,468.500233,462.750006,462.750006,432000,1.918452
1963-05-17,470.000267,474.500263,466.250253,467.000234,456000,1.936072
1963-05-16,471.999764,474.000013,468.999767,470.000267,448000,1.94851
1963-05-15,470.499766,473.249996,470.499766,471.999764,520000,1.956799
1963-05-14,471.249747,472.500014,468.999767,470.499766,448000,1.950581
1963-05-13,474.749994,474.749994,470.249999,471.249747,376000,1.95369
1963-05-10,470.499766,474.999762,467.750251,474.999762,467200,1.969237
1963-05-09,470.000267,475.500011,470.000267,470.499766,1120000,1.950581
1963-05-08,461.250007,470.000267,461.250007,470.000267,736000,1.94851
1963-05-07,458.25001,462.249756,457.499993,460.281014,539200,1.908216
1963-05-06,464.750254,464.750254,458.25001,458.25001,587200,1.899383
1963-05-03,468.75,468.875241,465.500236,465.500236,304000,1.929434
1963-05-02,465.249753,469.25025,465.249753,468.75,363200,1.942904
1963-05-01,463.749754,468.500233,462.249756,464.999986,600000,1.92736
1963-04-30,468.500233,471.000016,461.999989,463.749754,867200,1.922178
1963-04-29,470.000267,474.500263,466.499984,468.500233,520000,1.941868
1963-04-26,464.625013,470.000267,462.500238,470.000267,635200,1.948086
1963-04-25,462.500238,464.999986,459.99974,464.625013,696000,1.925806
1963-04-24,461.750257,466.499984,461.750257,462.500238,851200,1.916999
1963-04-23,456.999743,461.00024,455.499744,461.00024,840000,1.910782
1963-04-22,452.999997,459.249759,452.999997,456.999743,1128000,1.8942
1963-04-19,443.000257,450.00,443.000257,450.00,760000,1.865187
1963-04-18,440.499759,444.000006,440.499759,440.499759,288000,1.82581
1963-04-17,442.749739,443.750238,439.50001,440.499759,480000,1.82581
1963-04-16,446.000254,447.249734,442.749739,442.749739,648000,1.835136
1963-04-15,446.249986,449.000251,443.000257,446.000254,827200,1.848609
1963-04-11,442.374766,449.49975,440.249991,446.249986,1275200,1.849644
1963-04-10,444.749987,445.749736,437.000263,442.374766,928000,1.833582
1963-04-09,449.624991,450.50025,443.000257,444.749987,1235200,1.843427
1963-04-08,444.749987,450.750017,444.749987,449.624991,1587200,1.863633
1963-04-05,429.750001,441.999757,429.750001,441.999757,1595200,1.832028
1963-04-04,425.000238,429.875243,425.000238,428.874743,1296000,1.777626
1963-04-03,417.999744,422.750258,417.999744,422.250009,515200,1.750168
1963-04-02,420.999742,422.250009,417.500246,417.500246,555200,1.73048
1963-04-01,420.999742,421.749759,420.24976,420.999742,675200,1.744985
1963-03-29,420.75001,422.250009,419.999993,420.999742,480000,1.744985
1963-03-28,420.999742,423.249757,419.999993,420.75001,819200,1.74395
1963-03-27,417.750013,420.999742,417.750013,420.999742,843200,1.744985
1963-03-26,413.999999,417.999744,413.999999,416.250014,808000,1.725298
1963-03-25,414.249766,415.499997,413.499749,413.499749,480000,1.713899
1963-03-22,411.249733,414.750016,411.000001,414.249766,424000,1.717008
1963-03-21,413.999999,414.999747,411.000001,411.249733,792000,1.704573
1963-03-20,410.499752,415.250266,410.499752,413.999999,491200,1.715972
1963-03-19,409.500003,411.000001,408.500254,410.000253,408000,1.699394
1963-03-18,413.250017,415.499997,409.250236,409.500003,459200,1.697321
1963-03-15,410.000253,413.750267,408.500254,413.250017,507200,1.712864
1963-03-14,408.749986,413.499749,407.499754,410.000253,587200,1.699394
1963-03-13,408.000004,410.249984,408.000004,408.749986,456000,1.694212
1963-03-12,408.249736,409.749734,407.249987,408.000004,347200,1.691103
1963-03-11,408.500254,410.750234,408.000004,408.249736,483200,1.692138
1963-03-08,408.749986,409.749734,407.000256,408.500254,395200,1.693177
1963-03-07,406.500006,409.749734,406.500006,408.749986,720000,1.694212
1963-03-06,401.750243,404.874766,400.250244,404.874766,419200,1.67815
1963-03-05,403.500009,403.500009,401.49976,401.750243,456000,1.665199
1963-03-04,399.999762,404.499757,399.999762,403.500009,747200,1.672451
1963-03-01,399.749994,403.500009,397.250247,397.250247,1024000,1.646547
1963-02-28,405.249739,405.500257,399.000013,399.749994,1120000,1.656908
1963-02-27,406.749737,409.124994,405.000007,405.249739,435200,1.679704
1963-02-26,404.000258,409.250236,402.749991,406.749737,808000,1.685921
1963-02-25,410.000253,410.000253,404.000258,404.000258,603200,1.674525
1963-02-21,411.000001,411.000001,405.999756,410.249984,840000,1.700429
1963-02-20,413.499749,413.499749,409.500003,411.000001,899200,1.703538
1963-02-19,417.875254,418.250263,414.249766,414.500248,760000,1.718046
1963-02-18,418.749762,419.499743,417.750013,417.875254,448000,1.732035
1963-02-15,417.750013,419.750261,417.500246,418.749762,568000,1.73566
1963-02-14,417.624736,420.75001,417.624736,417.750013,840000,1.731516
1963-02-13,418.499994,419.999993,417.500246,417.500246,627200,1.73048
1963-02-12,417.750013,418.499994,413.250017,418.499994,912000,1.734624
1963-02-11,419.999993,420.75001,417.750013,417.750013,456000,1.731516
1963-02-08,419.000244,421.499991,417.999744,419.999993,600000,1.740842
1963-02-07,419.000244,422.49974,419.000244,419.000244,648000,1.736698
1963-02-06,420.999742,423.750007,418.250263,418.250263,699200,1.733589
1963-02-05,420.24976,421.749759,417.500246,420.999742,760000,1.744985
1963-02-04,423.750007,424.250257,419.750261,420.24976,627200,1.741463
1963-02-01,423.750007,424.874997,422.99999,423.750007,539200,1.755968
1963-01-31,419.499743,423.999739,417.999744,423.750007,995200,1.755968
1963-01-30,421.749759,422.250009,417.999744,419.499743,720000,1.738355
1963-01-29,424.499989,424.499989,421.499991,421.749759,736000,1.747679
1963-01-28,419.750261,424.499989,419.750261,424.499989,1587200,1.759076
1963-01-25,416.000247,418.499994,413.999999,418.499994,696000,1.734213
1963-01-24,414.249766,418.499994,413.999999,416.000247,928000,1.723854
1963-01-23,414.750016,416.499746,413.499749,414.249766,659200,1.7166
1963-01-22,413.999999,418.749762,413.999999,414.750016,928000,1.718673
1963-01-21,412.50,413.999999,408.500254,413.999999,875200,1.715565
1963-01-18,413.750267,415.499997,410.499752,412.50,851200,1.709349
1963-01-17,409.250236,414.750016,409.250236,413.750267,1211200,1.71453
1963-01-16,414.500248,414.500248,407.000256,408.500254,1264000,1.692775
1963-01-15,414.249766,417.999744,412.50,414.999747,2080000,1.719708
1963-01-14,407.750237,414.750016,407.750237,414.249766,2472000,1.7166
1963-01-11,406.500006,407.750237,404.000258,407.750237,1347200,1.689667
1963-01-10,404.75024,408.999753,404.75024,406.500006,1547200,1.684486
1963-01-09,403.500009,407.499754,401.249993,403.74974,1907200,1.673089
1963-01-08,396.999764,403.500009,396.999764,403.500009,1803200,1.672054
1963-01-07,396.999764,400.749743,392.999983,393.75,880000,1.631652
1963-01-04,396.999764,400.749743,396.999764,396.999764,1536000,1.645118
1963-01-03,385.49999,396.500266,385.49999,396.500266,1120000,1.643048
1963-01-02,389.999986,389.999986,384.249759,384.750009,2387200,1.594357
1962-12-31,392.499733,394.749749,389.499736,389.999986,1048000,1.616112
1962-12-28,390.999734,392.999983,390.500236,392.499733,579200,1.626471
1962-12-27,393.75,395.750248,389.499736,390.999734,784000,1.620255
1962-12-26,393.999767,396.999764,392.250001,393.75,723200,1.631652
1962-12-24,387.875247,393.999767,387.875247,393.999767,675200,1.632687
1962-12-21,392.12476,393.500233,385.250258,385.250258,899200,1.59643
1962-12-20,392.12476,396.999764,392.12476,392.12476,1272000,1.624917
1962-12-19,382.250261,392.499733,382.250261,392.12476,963200,1.624917
1962-12-18,384.99974,388.250256,381.500244,382.250261,875200,1.583998
1962-12-17,389.499736,392.000234,383.999991,384.99974,904000,1.595392
1962-12-14,387.999737,390.750003,385.49999,389.499736,995200,1.614039
1962-12-13,393.75,395.750248,387.500238,387.999737,1120000,1.607823
1962-12-12,389.499736,394.500017,389.499736,393.75,768000,1.631652
1962-12-11,389.000237,392.499733,386.250007,387.500238,1128000,1.605753
1962-12-10,397.500014,400.749743,389.000237,389.000237,1475200,1.611969
1962-12-07,398.499763,402.749991,397.500014,397.500014,1115200,1.647191
1962-12-06,398.750246,403.74974,398.000264,398.499763,1384000,1.651334
1962-12-05,400.250244,405.999756,398.750246,398.750246,2139200,1.652372
1962-12-04,392.499733,400.874984,392.499733,400.250244,1755200,1.658588
1962-12-03,394.500017,394.500017,390.249753,391.499984,1288000,1.622328
1962-11-30,401.000261,401.750243,397.250247,398.499763,1299200,1.651334
1962-11-29,397.500014,401.000261,396.749997,401.000261,1752000,1.661696
1962-11-28,395.499766,401.000261,395.499766,397.500014,2656000,1.647191
1962-11-27,388.749754,395.750248,386.499739,394.749749,1728000,1.635794
1962-11-26,387.999737,394.749749,386.499739,388.749754,2139200,1.610931
1962-11-23,377.250016,387.999737,375.249767,387.999737,2763200,1.607823
1962-11-21,376.374757,379.749763,374.49975,377.250016,1595200,1.563278
1962-11-20,374.000251,378.375006,374.000251,376.374757,1120000,1.559651
1962-11-19,378.500247,378.500247,372.000003,372.000003,936000,1.541522
1962-11-16,372.500253,378.500247,369.000006,378.500247,1499200,1.568458
1962-11-15,374.49975,379.374754,372.500253,372.500253,2080000,1.543595
1962-11-14,367.25024,375.50025,367.25024,374.49975,1840000,1.551881
1962-11-13,373.500001,375.50025,366.74999,366.74999,2112000,1.519767
1962-11-12,365.499759,374.000251,365.499759,373.500001,2171200,1.547738
1962-11-09,357.000017,361.500013,357.000017,361.250246,1096000,1.496977
1962-11-08,361.250246,365.00026,355.250251,355.250251,1272000,1.472113
1962-11-07,361.500013,366.500258,356.000233,361.250246,1744000,1.496977
1962-11-05,359.249997,364.250243,359.249997,361.500013,1728000,1.498012
1962-11-02,351.999736,369.875264,347.000241,357.249749,3131200,1.480088
1962-11-01,345.999742,351.999736,341.999996,351.999736,1992000,1.458337
1962-10-31,350.999987,350.999987,344.250011,345.999742,1176000,1.433479
1962-10-30,344.499743,351.999736,341.124737,351.750004,2643200,1.457303
1962-10-29,338.00025,344.750261,338.00025,344.499743,3520000,1.427265
1962-10-26,336.99975,336.99975,329.24999,331.500006,1547200,1.373407
1962-10-25,339.999747,340.499997,332.000256,338.499749,2675200,1.402407
1962-10-24,330.000007,339.999747,321.999764,339.999747,3688000,1.408621
1962-10-23,342.999744,342.999744,330.000007,330.000007,2520000,1.367192
1962-10-22,344.874752,344.874752,338.750267,342.999744,2739200,1.42105
1962-10-19,355.12501,356.000233,347.99999,348.125267,2368000,1.442285
1962-10-18,361.500013,363.99976,355.12501,355.12501,976000,1.471285
1962-10-17,357.500267,365.00026,355.499983,361.500013,1379200,1.497697
1962-10-16,366.999757,368.499756,357.500267,357.500267,1259200,1.481126
1962-10-15,357.000017,366.999757,357.000017,366.999757,928000,1.520483
1962-10-12,356.000233,356.75025,351.999736,355.250251,1035200,1.471804
1962-10-11,359.124756,363.500261,355.250251,356.000233,1360000,1.474912
1962-10-10,366.24974,371.750236,357.249749,359.124756,1811200,1.487856
1962-10-09,360.999763,367.500007,360.999763,366.24974,1179200,1.517375
1962-10-08,360.249746,361.500013,359.000266,359.750247,635200,1.490448
1962-10-05,357.749999,361.874986,355.250251,360.249746,1739200,1.492517
1962-10-04,348.50024,357.999766,347.000241,357.749999,1299200,1.482161
1962-10-03,350.375247,356.000233,347.000241,348.50024,1800000,1.443839
1962-10-02,343.250263,351.249754,343.250263,350.375247,2832000,1.451607
1962-10-01,353.499734,353.499734,340.250266,340.374756,1848000,1.410175
1962-09-28,350.250006,356.499767,350.250006,353.499734,1416000,1.464552
1962-09-27,355.499983,359.750247,348.50024,350.000238,2880000,1.450054
1962-09-26,369.249737,369.749987,355.499983,355.499983,2051200,1.472839
1962-09-25,362.000263,369.249737,359.000266,369.249737,2440000,1.529804
1962-09-24,372.500253,372.500253,361.749744,362.000263,2619200,1.49977
1962-09-21,382.499993,382.499993,375.50025,376.749766,2136000,1.560877
1962-09-20,386.250007,389.499736,382.250261,382.74976,880000,1.585735
1962-09-19,392.000234,393.500233,386.250007,386.250007,1467200,1.600237
1962-09-18,395.000267,399.875236,391.499984,392.000234,2280000,1.62406
1962-09-17,389.000237,395.750248,389.000237,395.000267,1456000,1.636489
1962-09-14,383.499742,389.000237,383.000243,388.250256,1091200,1.608524
1962-09-13,383.624983,386.499739,383.375251,383.499742,843200,1.588842
1962-09-12,382.499993,386.499739,382.499993,383.624983,1299200,1.589361
1962-09-11,384.249759,387.750006,380.999994,381.999743,1539200,1.582628
1962-09-10,382.250261,386.750257,377.499747,384.249759,1803200,1.59195
1962-09-07,387.999737,390.875244,382.250261,382.250261,1320000,1.583666
1962-09-06,383.000243,388.874996,380.999994,387.999737,1811200,1.607486
1962-09-05,387.500238,392.000234,381.500244,383.000243,2248000,1.586773
1962-09-04,396.249747,401.49976,386.00024,387.500238,1624000,1.605416
1962-08-31,388.499987,397.749746,388.499987,396.249747,1227200,1.641666
1962-08-30,390.999734,394.500017,386.999989,387.750006,947200,1.606451
1962-08-29,393.500233,396.000016,388.250256,390.999734,2520000,1.619915
1962-08-28,407.750237,407.750237,393.500233,393.500233,2747200,1.630274
1962-08-27,408.999753,411.749983,407.499754,408.000004,912000,1.690347
1962-08-24,410.499752,411.000001,407.499754,408.999753,1248000,1.694489
1962-08-23,408.999753,414.750016,407.249987,410.499752,2920000,1.700703
1962-08-22,393.500233,411.500251,393.500233,408.999753,3304000,1.694489
1962-08-21,393.75,398.000264,392.000234,392.750251,1296000,1.627167
1962-08-20,391.499984,397.250247,391.499984,393.75,1803200,1.631309
1962-08-17,386.250007,391.499984,386.00024,389.499736,888000,1.6137
1962-08-16,386.499739,392.750251,385.749757,386.250007,1272000,1.600237
1962-08-15,386.499739,394.25025,386.499739,386.499739,2344000,1.601271
1962-08-14,378.750014,386.00024,378.125238,386.00024,1896000,1.599202
1962-08-13,375.999749,379.749763,375.999749,378.750014,1019200,1.569164
1962-08-10,376.499999,379.749763,375.125241,375.750017,976000,1.556735
1962-08-09,381.500244,381.500244,375.125241,376.499999,1288000,1.559842
1962-08-08,373.250234,383.000243,370.500004,381.750011,1576000,1.581593
1962-08-07,379.625237,379.625237,373.250234,373.250234,915200,1.546378
1962-08-06,384.99974,386.499739,379.499996,380.000246,6603200,1.574033
1962-08-03,385.749757,387.500238,381.999743,384.99974,947200,1.594742
1962-08-02,376.499999,385.749757,376.499999,385.749757,1488000,1.597849
1962-08-01,386.00024,386.00024,376.250267,376.250267,1216000,1.5585
1962-07-31,387.374997,393.500233,386.999989,386.999989,2771200,1.603027
1962-07-30,378.249764,387.374997,378.249764,387.374997,2848000,1.604581
1962-07-27,369.500256,375.875258,369.249737,375.875258,947200,1.556947
1962-07-26,369.249737,372.999752,369.249737,369.500256,947200,1.53054
1962-07-25,363.249743,368.499756,358.749747,367.500007,1875200,1.522255
1962-07-24,371.000254,371.000254,363.249743,363.249743,888000,1.504649
1962-07-23,372.000003,377.000248,371.499753,372.999752,840000,1.545036
1962-07-20,368.499756,374.000251,368.499756,372.000003,675200,1.540894
1962-07-19,367.25024,375.999749,367.25024,367.500007,2195200,1.522255
1962-07-18,370.124996,372.000003,362.000263,365.249991,2435200,1.512935
1962-07-17,382.499993,384.500241,369.999754,370.124996,1707200,1.533128
1962-07-16,376.250267,382.499993,372.500253,382.499993,1656000,1.584387
1962-07-13,378.999746,381.500244,372.500253,376.250267,2104000,1.5585
1962-07-12,375.249767,389.750254,375.249767,378.999746,3299200,1.569889
1962-07-11,358.749747,374.49975,357.249749,374.37526,3312000,1.550733
1962-07-10,356.25,361.749744,356.25,358.749747,3048000,1.486009
1962-07-09,344.999993,350.499737,341.000247,350.250006,1888000,1.450802
1962-07-06,345.999742,345.999742,341.999996,344.999993,1624000,1.429055
1962-07-05,351.500237,353.000236,348.750007,350.000238,2016000,1.449767
1962-07-03,350.000238,353.750253,347.99999,351.500237,2584000,1.455981
1962-07-02,339.249766,350.000238,338.499749,350.000238,1392000,1.449767
1962-06-29,344.000244,347.49974,338.250017,339.249766,2824000,1.405237
1962-06-28,335.249984,348.50024,335.249984,344.000244,4083200,1.424914
1962-06-27,320.499766,333.000004,320.499766,333.000004,2955200,1.379349
1962-06-26,332.499754,338.999999,320.000267,320.000267,3227200,1.325502
1962-06-25,320.000267,336.000001,315.500236,332.499754,3792000,1.377277
1962-06-22,315.750003,321.500266,310.49999,320.000267,3371200,1.325502
1962-06-21,324.000013,324.000013,315.249753,315.750003,3707200,1.307896
1962-06-20,336.000001,342.750013,327.999759,327.999759,3059200,1.358637
1962-06-19,329.75024,336.000001,326.000261,336.000001,2104000,1.391776
1962-06-18,333.500254,339.750016,317.499733,329.75024,4768000,1.365888
1962-06-15,305.999994,334.500003,300.50025,333.500254,6328000,1.381421
1962-06-14,322.625256,331.749737,300.00,305.999994,6675200,1.26751
1962-06-13,335.124743,342.999744,322.250247,322.625256,4384000,1.336375
1962-06-12,354.999733,354.999733,335.124743,335.124743,3328000,1.38815
1962-06-11,371.249986,372.000003,358.500016,359.000266,1187200,1.487047
1962-06-08,370.250237,375.999749,370.250237,371.249986,1168000,1.537788
1962-06-07,368.000257,374.000251,368.000257,369.999754,1227200,1.532609
1962-06-06,364.125001,375.999749,362.000263,365.499759,2880000,1.513969
1962-06-05,360.000014,374.000251,353.000236,364.125001,3160000,1.508275
1962-06-04,380.000246,380.000246,360.000014,360.000014,1811200,1.491188
1962-06-01,390.999734,390.999734,382.74976,384.99974,2411200,1.594742
1962-05-31,389.999986,399.999762,389.999986,392.499733,4128000,1.625808
1962-05-29,365.499759,386.999989,365.499759,383.000243,3856000,1.58646
1962-05-28,396.999764,396.999764,354.999733,360.999763,4320000,1.495329
1962-05-25,398.000264,407.000256,387.999737,398.499763,4299200,1.650662
1962-05-24,415.250266,425.999987,398.000264,398.000264,4152000,1.648592
1962-05-23,435.000014,438.000011,415.250266,415.250266,2891200,1.720045
1962-05-22,449.49975,449.49975,435.000014,435.000014,1000000,1.801852
1962-05-21,451.499999,451.499999,446.000254,450.00,395200,1.863985
1962-05-18,449.000251,451.499999,445.500004,451.499999,731200,1.870199
1962-05-17,456.999743,456.999743,447.000003,449.000251,971200,1.859844
1962-05-16,452.000248,459.500241,452.000248,456.999743,880000,1.89298
1962-05-15,454.499996,462.999737,452.000248,452.000248,1683200,1.872271
1962-05-14,446.000254,454.499996,438.249743,454.499996,2728000,1.882625
1962-05-11,452.999997,459.99974,444.000006,446.000254,1896000,1.847418
1962-05-10,450.999749,459.750009,449.000251,452.999997,1907200,1.876412
1962-05-09,459.500241,463.749754,450.00,450.999749,1600000,1.868126
1962-05-08,474.624753,474.624753,459.500241,459.500241,1032000,1.903337
1962-05-07,486.000001,489.750016,475.250244,475.250244,827200,1.968266
1962-05-04,482.249987,486.000001,477.50026,486.000001,779200,2.012786
1962-05-03,472.500014,483.999753,468.999767,482.249987,1360000,1.997256
1962-05-02,470.000267,483.999753,470.000267,472.500014,2555200,1.956876
1962-05-01,453.999746,464.499736,429.999733,461.999989,5315200,1.913389
1962-04-30,485.499752,489.999747,450.00,453.999746,2344000,1.880256
1962-04-27,499.499989,504.999733,480.000007,485.499752,1632000,2.010715
1962-04-26,512.000263,512.000263,499.499989,499.499989,928000,2.068697
1962-04-25,518.000257,519.999754,512.499762,512.499762,459200,2.122536
1962-04-24,518.499756,521.750236,517.500007,518.000257,456000,2.145317
1962-04-23,519.000006,519.500256,516.500258,518.499756,312000,2.147385
1962-04-19,519.000006,521.000254,516.999757,519.000006,387200,2.149457
1962-04-18,519.999754,524.49975,518.499756,519.000006,424000,2.149457
1962-04-17,517.500007,519.999754,515.00026,519.999754,299200,2.153598
1962-04-16,518.000257,521.499753,512.000263,517.500007,507200,2.143245
1962-04-13,510.500264,518.000257,510.000014,518.000257,627200,2.145317
1962-04-12,516.000009,516.999757,510.500264,510.500264,400000,2.114255
1962-04-11,522.999752,527.000248,516.000009,516.000009,528000,2.137032
1962-04-10,521.000254,522.999752,518.000257,522.999752,256000,2.166022
1962-04-09,520.500004,523.500001,516.999757,521.000254,16000,2.157741
1962-04-06,521.000254,525.00,516.999757,520.500004,432000,2.155669
1962-04-05,513.000011,521.000254,513.000011,521.000254,912000,2.157741
1962-04-04,512.499762,516.999757,510.249746,510.249746,648000,2.113218
1962-04-03,525.00,525.00,507.000017,512.499762,912000,2.122536
1962-04-02,532.499993,532.499993,525.50025,525.50025,371200,2.176378
1962-03-30,536.999989,536.999989,530.250013,532.74976,435200,2.206402
1962-03-29,539.499736,542.000234,537.999737,537.999737,227200,2.228145
1962-03-28,536.999989,540.999734,536.999989,539.499736,328000,2.234357
1962-03-27,545.499766,545.499766,536.00024,536.499739,347200,2.221933
1962-03-26,546.999764,549.000013,546.000016,546.749997,131200,2.264385
1962-03-23,545.499766,548.000264,545.499766,546.999764,184000,2.265419
1962-03-22,549.000013,549.000013,545.000267,545.000267,240000,2.257138
1962-03-21,550.500011,552.00001,549.000013,551.000261,256000,2.281987
1962-03-20,552.999759,552.999759,550.500011,550.500011,160000,2.279915
1962-03-19,553.500009,555.999756,553.500009,554.000258,371200,2.294412
1962-03-16,549.999762,552.50026,549.999762,552.50026,160000,2.2882
1962-03-15,551.000261,554.000258,549.999762,549.999762,243200,2.277844
1962-03-14,552.00001,553.500009,549.999762,551.000261,195200,2.281987
1962-03-13,552.50026,552.50026,549.999762,552.00001,123200,2.286128
1962-03-12,552.999759,554.499757,551.000261,552.50026,280000,2.2882
1962-03-09,549.999762,552.999759,549.999762,552.999759,288000,2.290268
1962-03-08,548.249996,549.500263,545.000267,549.500263,184000,2.275775
1962-03-07,546.500266,548.249996,545.000267,548.249996,123200,2.270597
1962-03-06,546.000016,548.499763,545.000267,546.500266,184000,2.26335
1962-03-05,548.000264,548.000264,543.999767,546.000016,360000,2.261279
1962-03-02,548.000264,551.000261,548.000264,548.000264,243200,2.269563
1962-03-01,539.000237,543.500233,539.000237,543.500233,280000,2.250926
1962-02-28,536.00024,536.999989,533.000243,536.999989,267200,2.224005
1962-02-27,534.99974,539.499736,531.999743,536.00024,347200,2.219864
1962-02-26,536.999989,537.500238,533.999991,534.99974,299200,2.215721
1962-02-23,536.00024,537.999737,536.00024,536.999989,288000,2.224005
1962-02-21,539.250004,542.999983,535.250258,535.250258,363200,2.216758
1962-02-20,539.250004,542.000234,539.250004,539.250004,288000,2.233323
1962-02-19,544.500017,546.999764,537.999737,539.000237,280000,2.232289
1962-02-16,545.000267,546.999764,544.500017,544.500017,219200,2.255066
1962-02-15,546.999764,546.999764,544.500017,545.000267,227200,2.257138
1962-02-14,548.000264,549.999762,546.000016,546.999764,208000,2.265419
1962-02-13,557.000256,557.499754,548.000264,548.000264,256000,2.269563
1962-02-12,556.500006,561.000001,555.999756,557.000256,280000,2.306836
1962-02-09,552.50026,556.500006,549.999762,556.500006,432000,2.304765
1962-02-08,552.00001,555.000007,552.00001,552.50026,16000,2.2882
1962-02-07,552.00001,555.000007,552.00001,552.00001,251200,2.286128
1962-02-06,551.000261,552.00001,549.000013,551.49976,256000,2.284056
1962-02-05,558.000004,558.000004,548.000264,551.000261,312000,2.281677
1962-02-02,554.499757,558.000004,552.00001,558.000004,507200,2.310663
1962-02-01,547.500014,555.999756,547.500014,554.499757,640000,2.296168
1962-01-31,530.499744,542.000234,530.499744,542.000234,760000,2.244408
1962-01-30,531.999743,534.99974,525.249767,525.249767,736000,2.175045
1962-01-29,541.250253,545.000267,531.999743,531.999743,579200,2.202996
1962-01-26,543.999767,546.000016,540.999734,541.250253,243200,2.241302
1962-01-25,549.999762,554.499757,542.999983,543.999767,315200,2.252688
1962-01-24,546.999764,549.999762,544.25025,549.999762,408000,2.277534
1962-01-23,552.249742,552.999759,546.000016,546.999764,371200,2.265111
1962-01-22,553.500009,558.999753,552.00001,552.50026,275200,2.287888
1962-01-19,552.999759,554.499757,546.999764,553.500009,400000,2.292028
1962-01-18,552.999759,558.500254,552.999759,552.999759,371200,2.289957
1962-01-17,558.000004,558.000004,549.999762,551.49976,419200,2.283745
1962-01-16,566.000247,566.000247,560.499752,560.499752,251200,2.321014
1962-01-15,566.000247,567.750013,566.000247,566.499746,251200,2.34586
1962-01-12,563.999999,567.999744,563.999999,563.999999,435200,2.335508
1962-01-11,558.500254,563.00025,558.500254,563.00025,315200,2.331368
1962-01-10,557.000256,559.500003,557.000256,557.000256,299200,2.306523
1962-01-09,552.00001,563.00025,552.00001,555.999756,491200,2.30238
1962-01-08,559.500003,559.500003,545.000267,549.500263,544000,2.275465
1962-01-05,570.500243,570.500243,558.999753,560.000253,363200,2.318946
1962-01-04,576.999736,576.999736,570.999742,571.25026,256000,2.365532
1962-01-03,572.000241,576.999736,572.000241,576.999736,288000,2.38934
1962-01-02,578.499734,578.499734,572.000241,572.000241,387200,2.368637
